0.0
0.0
0.0
0.0
0.0
0.0
0.0
0.0
0.0
0.0
0.0
0.0
0.0
0.0
0.0
0.0
0.0
0.0
0.0
0.0
0.0
0.0
0.0
0.0
0.0
0.0
0.0
0.0
0.0
0.0
0.0
0.0
0.0
0.0
0.0
0.0
0.01
0.02
0.03
0.03
0.03
0.03
0.03
0.03
0.03
0.03
0.03
0.03
0.03
0.03
0.03
0.03
0.03
0.03
0.03
0.03
0.03
0.03
0.03
0.03
0.04
0.06
0.08
0.08
0.08
0.08
0.08
0.08
0.08
0.08
0.08
0.08
0.08
0.08
0.08
0.08
0.08
0.08
0.08
0.08
0.08
0.08
0.08
0.08
0.08
0.08
0.08
0.08
0.08
0.08
0.08
0.08
0.08
0.08
0.08
0.08
0.08
0.08
0.08
0.08
0.08
0.08
0.08
0.08
0.08
0.08
0.08
0.08
0.09
0.1
0.11
0.12
0.13
0.14
0.15
0.16
0.17
0.18
0.19
0.19
0.19
0.19
0.19
0.19
0.19
0.2
0.21
0.22
0.23
0.24
0.25
0.26
0.27
0.27
0.27
0.27
0.26
0.25
0.24
0.24
0.24
0.24
0.24
0.24
0.24
0.24
0.24
0.24
0.24
0.24
0.24
0.24
0.24
0.24
0.24
0.24
0.24
0.24
0.24
0.24
0.23
0.21
0.19
0.19
0.19
0.19
0.19
0.19
0.19
0.19
0.2
0.21
0.22
0.23
0.24
0.25
0.26
0.27
0.28
0.29
0.3
0.31
0.32
0.33
0.34
0.34
0.34
0.35
0.37
0.39
0.41
0.43
0.45
0.47
0.49
0.52
0.55
0.58
0.61
0.61
0.62
0.63
0.64
0.66
0.68
0.7
0.72
0.75
0.77
0.79
0.81
0.83
0.85
0.85
0.84
0.84
0.84
0.84
0.84
0.85
0.86
0.87
0.88
0.89
0.9
0.9
0.9
0.89
0.88
0.87
0.86
0.85
0.84
0.84
0.84
0.84
0.84
0.85
0.86
0.87
0.88
0.89
0.9
0.91
0.92
0.93
0.94
0.95
0.96
0.97
0.98
0.99
1.0
1.01
1.02
1.03
1.04
1.06
1.09
1.12
1.15
1.19
1.23
1.27
1.32
1.33
1.34
1.36
1.38
1.4
1.41
1.42
1.43
1.44
1.45
1.47
1.49
1.51
1.53
1.54
1.55
1.56
1.57
1.58
1.59
1.61
1.63
1.64
1.64
1.64
1.64
1.64
1.64
1.65
1.66
1.66
1.66
1.66
1.66
1.69
1.71
1.73
1.75
1.75
1.75
1.75
1.76
1.76
1.76
1.76
1.76
1.76
1.76
1.78
1.81
1.83
1.85
1.84
1.83
1.82
1.81
1.8
1.79
1.78
1.78
1.78
1.78
1.79
1.8
1.81
1.82
1.82
1.82
1.82
1.82
1.82
1.82
1.81
1.8
1.79
1.78
1.77
1.77
1.77
1.77
1.77
1.78
1.8
1.82
1.84
1.86
1.89
1.92
1.95
1.98
2.01
2.04
2.06
2.07
2.06
2.05
2.03
2.01
1.99
1.96
1.97
1.98
1.98
1.98
1.98
1.98
1.99
2.0
2.0
2.0
1.99
1.99
1.99
1.99
2.01
2.03
2.05
2.07
2.1
2.13
2.16
2.19
2.21
2.22
2.23
2.24
2.25
2.27
2.29
2.32
2.35
2.38
2.41
2.44
2.47
2.5
2.49
2.47
2.45
2.43
2.42
2.4
2.38
2.36
2.34
2.32
2.3
2.28
2.26
2.24
2.22
2.2
2.22
2.24
2.26
2.28
2.3
2.32
2.34
2.35
2.35
2.35
2.36
2.37
2.38
2.39
2.41
2.43
2.45
2.47
2.49
2.51
2.53
2.55
2.57
2.59
2.61
2.62
2.63
2.64
2.65
2.65
2.64
2.63
2.62
2.62
2.61
2.6
2.57
2.54
2.51
2.48
2.45
2.42
2.41
2.4
2.39
2.38
2.37
2.36
2.35
2.35
2.34
2.33
2.32
2.31
2.29
2.27
2.27
2.28
2.29
2.29
2.29
2.3
2.3
2.3
2.28
2.26
2.22
2.18
2.14
2.1
2.07
2.05
2.03
2.02
2.02
2.01
2.0
1.99
1.97
1.94
1.91
1.88
1.86
1.85
1.88
1.92
1.97
2.02
2.06
2.1
2.14
2.18
2.22
2.26
2.3
2.34
2.38
2.43
2.48
2.53
2.58
2.63
2.68
2.74
2.8
2.87
2.92
2.97
3.03
3.09
3.15
3.22
3.29
3.36
3.43
3.5
3.58
3.66
3.74
3.82
3.85
3.85
3.85
3.85
3.85
3.85
3.85
3.85
3.86
3.87
3.88
3.89
3.9
3.9
3.88
3.86
3.86
3.86
3.86
3.86
3.86
3.86
3.87
3.88
3.89
3.9
3.91
3.93
3.94
3.93
3.93
3.93
3.93
3.93
3.93
3.93
3.93
3.92
3.91
3.9
3.89
3.87
3.83
3.79
3.77
3.75
3.75
3.76
3.77
3.78
3.79
3.81
3.83
3.84
3.84
3.85
3.82
3.77
3.73
3.7
3.68
3.67
3.65
3.63
3.61
3.59
3.57
3.55
3.53
3.51
3.48
3.44
3.41
3.38
3.35
3.33
3.31
3.29
3.28
3.27
3.25
3.23
3.21
3.18
3.14
3.08
3.04
3.0
2.97
2.94
2.92
2.89
2.86
2.84
2.82
2.8
2.79
2.78
2.73
2.66
2.64
2.65
2.66
2.68
2.7
2.72
2.74
2.76
2.77
2.78
2.8
2.82
2.82
2.81
2.82
2.83
2.84
2.86
2.88
2.9
2.92
2.94
2.95
2.96
2.97
2.98
2.98
2.97
2.97
2.99
3.01
3.03
3.06
3.09
3.12
3.16
3.19
3.22
3.25
3.29
3.29
3.29
3.31
3.33
3.36
3.39
3.42
3.44
3.46
3.48
3.5
3.51
3.53
3.55
3.57
3.58
3.62
3.67
3.72
3.78
3.84
3.89
3.94
3.98
3.98
3.97
3.96
3.95
3.94
3.93
3.93
3.94
3.94
3.94
3.94
3.93
3.93
3.92
3.89
3.86
3.83
3.81
3.8
3.79
3.79
3.81
3.83
3.86
3.89
3.92
3.95
3.98
3.97
3.95
3.93
3.91
3.88
3.85
3.86
3.89
3.93
3.97
4.01
4.05
4.09
4.13
4.15
4.16
4.16
4.16
4.15
4.14
4.16
4.2
4.24
4.28
4.32
4.35
4.38
4.42
4.45
4.47
4.5
4.53
4.56
4.59
4.64
4.69
4.74
4.78
4.82
4.87
4.91
4.95
4.95
4.93
4.91
4.9
4.89
4.89
4.93
4.97
5.01
5.07
5.12
5.17
5.21
5.25
5.24
5.22
5.2
5.18
5.16
5.14
5.12
5.1
5.08
5.06
5.04
5.01
4.97
4.93
4.88
4.83
4.82
4.83
4.84
4.85
4.86
4.88
4.9
4.92
4.95
4.98
5.01
5.07
5.09
5.11
5.14
5.17
5.2
5.23
5.26
5.29
5.32
5.34
5.36
5.38
5.39
5.4
5.37
5.33
5.33
5.33
5.33
5.34
5.34
5.34
5.35
5.36
5.36
5.37
5.38
5.38
5.35
5.32
5.31
5.31
5.32
5.33
5.35
5.37
5.38
5.38
5.38
5.38
5.4
5.43
5.41
5.36
5.31
5.29
5.26
5.23
5.2
5.17
5.13
5.09
5.05
5.01
4.98
4.94
4.89
4.84
4.83
4.83
4.83
4.82
4.81
4.78
4.75
4.73
4.71
4.67
4.63
4.59
4.54
4.49
4.49
4.5
4.51
4.52
4.53
4.54
4.56
4.59
4.62
4.65
4.68
4.71
4.72
4.73
4.75
4.77
4.79
4.8
4.82
4.84
4.86
4.87
4.88
4.9
4.91
4.92
4.92
4.91
4.94
4.97
5.0
5.04
5.08
5.12
5.16
5.21
5.26
5.31
5.36
5.4
5.39
5.35
5.32
5.31
5.3
5.29
5.28
5.26
5.24
5.22
5.19
5.17
5.15
5.12
5.06
5.0
4.97
4.94
4.92
4.9
4.88
4.86
4.83
4.8
4.77
4.75
4.73
4.71
4.65
4.57
4.54
4.53
4.55
4.56
4.57
4.59
4.61
4.64
4.67
4.7
4.73
4.76
4.75
4.73
4.72
4.71
4.7
4.69
4.68
4.67
4.66
4.65
4.64
4.62
4.6
4.58
4.57
4.57
4.59
4.61
4.65
4.7
4.77
4.86
4.94
5.02
5.1
5.17
5.24
5.31
5.36
5.4
5.46
5.52
5.59
5.66
5.73
5.8
5.86
5.92
5.98
6.04
6.11
6.17
6.2
6.22
6.25
6.26
6.26
6.26
6.26
6.25
6.24
6.23
6.21
6.18
6.15
6.12
6.04
5.93
5.87
5.86
5.86
5.85
5.84
5.83
5.82
5.82
5.82
5.82
5.82
5.81
5.79
5.76
5.77
5.78
5.79
5.8
5.8
5.8
5.81
5.82
5.84
5.86
5.88
5.91
5.91
5.91
5.93
5.96
5.99
6.02
6.04
6.05
6.06
6.06
6.07
6.08
6.09
6.1
6.1
6.11
6.16
6.23
6.3
6.38
6.47
6.56
6.65
6.74
6.84
6.94
7.04
7.14
7.22
7.28
7.33
7.39
7.44
7.49
7.53
7.56
7.57
7.56
7.56
7.56
7.55
7.54
7.52
7.5
7.5
7.51
7.52
7.54
7.56
7.59
7.62
7.65
7.69
7.74
7.79
7.85
7.85
7.82
7.79
7.77
7.76
7.75
7.74
7.73
7.72
7.71
7.7
7.68
7.67
7.66
7.61
7.54
7.52
7.53
7.54
7.53
7.52
7.52
7.53
7.54
7.55
7.56
7.58
7.61
7.61
7.6
7.6
7.61
7.61
7.62
7.63
7.64
7.65
7.66
7.66
7.66
7.65
7.64
7.61
7.56
7.54
7.53
7.52
7.52
7.52
7.53
7.53
7.53
7.53
7.53
7.52
7.5
7.46
7.42
7.39
7.35
7.3
7.24
7.18
7.11
7.03
6.96
6.9
6.84
6.77
6.71
6.62
6.53
6.46
6.41
6.36
6.29
6.22
6.15
6.07
5.99
5.91
5.85
5.78
5.74
5.68
5.63
5.6
5.58
5.57
5.56
5.56
5.55
5.53
5.5
5.47
5.44
5.41
5.39
5.35
5.3
5.31
5.35
5.42
5.49
5.57
5.67
5.78
5.89
6.0
6.12
6.24
6.36
6.42
6.44
6.48
6.53
6.59
6.65
6.71
6.77
6.84
6.9
6.96
7.02
7.09
7.16
7.16
7.13
7.13
7.14
7.15
7.16
7.17
7.18
7.19
7.2
7.21
7.22
7.23
7.25
7.27
7.29
7.34
7.39
7.45
7.5
7.55
7.6
7.66
7.72
7.73
7.73
7.73
7.74
7.77
7.8
7.85
7.91
7.97
8.05
8.14
8.24
8.34
8.44
8.49
8.51
8.52
8.53
8.54
8.54
8.58
8.62
8.66
8.7
8.74
8.78
8.83
8.89
8.93
8.95
8.97
9.0
9.04
9.05
9.09
9.13
9.18
9.22
9.25
9.28
9.3
9.32
9.33
9.34
9.35
9.36
9.38
9.38
9.4
9.43
9.46
9.5
9.54
9.58
9.6
9.6
9.55
9.47
9.38
9.28
9.18
9.09
9.05
9.05
9.07
9.1
9.12
9.14
9.17
9.2
9.16
9.08
8.98
8.88
8.78
8.67
8.62
8.59
8.57
8.55
8.54
8.54
8.54
8.53
8.51
8.48
8.45
8.42
8.39
8.35
8.31
8.27
8.22
8.18
8.13
8.08
8.04
7.99
7.91
7.82
7.78
7.75
7.73
7.7
7.65
7.6
7.55
7.49
7.43
7.35
7.26
7.16
7.06
6.96
6.94
6.94
6.94
6.94
6.95
6.97
6.98
6.99
7.0
7.01
7.03
7.06
7.04
7.0
6.98
6.98
6.98
6.96
6.93
6.9
6.86
6.81
6.74
6.69
6.64
6.59
6.51
6.41
6.31
6.21
6.11
6.01
5.9
5.79
5.68
5.57
5.45
5.32
5.19
5.06
4.9
4.75
4.65
4.58
4.52
4.47
4.42
4.36
4.31
4.26
4.21
4.16
4.11
4.08
4.02
3.95
3.94
3.97
4.01
4.06
4.1
4.14
4.19
4.24
4.28
4.32
4.36
4.4
4.4
4.39
4.39
4.4
4.42
4.44
4.46
4.49
4.52
4.56
4.6
4.63
4.66
4.7
4.71
4.71
4.73
4.75
4.77
4.79
4.81
4.84
4.87
4.9
4.93
4.96
4.99
5.03
5.03
5.01
5.0
4.99
4.95
4.93
4.93
4.94
4.94
4.93
4.92
4.91
4.9
4.9
4.84
4.76
4.71
4.67
4.63
4.59
4.56
4.52
4.48
4.44
4.41
4.38
4.36
4.32
4.27
4.21
4.19
4.19
4.2
4.21
4.22
4.23
4.23
4.23
4.23
4.23
4.24
4.25
4.25
4.24
4.26
4.27
4.27
4.27
4.27
4.26
4.25
4.24
4.23
4.22
4.21
4.21
4.21
4.19
4.19
4.21
4.23
4.25
4.28
4.3
4.32
4.35
4.33
4.3
4.26
4.24
4.21
4.17
4.17
4.18
4.19
4.2
4.21
4.22
4.23
4.25
4.25
4.24
4.23
4.22
4.21
4.19
4.19
4.2
4.21
4.22
4.23
4.24
4.24
4.23
4.21
4.19
4.18
4.18
4.18
4.17
4.21
4.27
4.32
4.37
4.42
4.45
4.46
4.48
4.49
4.49
4.48
4.48
4.48
4.47
4.51
4.56
4.63
4.7
4.77
4.85
4.92
4.99
5.04
5.08
5.1
5.11
5.11
5.11
5.12
5.15
5.18
5.21
5.24
5.27
5.31
5.38
5.4
5.41
5.42
5.42
5.41
5.4
5.4
5.41
5.42
5.45
5.49
5.53
5.57
5.62
5.62
5.61
5.59
5.57
5.55
5.52
5.49
5.47
5.45
5.42
5.39
5.36
5.32
5.28
5.24
5.19
5.18
5.18
5.2
5.21
5.23
5.25
5.27
5.29
5.3
5.31
5.31
5.31
5.31
5.29
5.3
5.31
5.32
5.33
5.34
5.36
5.38
5.4
5.41
5.41
5.41
5.41
5.42
5.43
5.45
5.47
5.48
5.48
5.48
5.49
5.49
5.5
5.48
5.44
5.39
5.35
5.31
5.25
5.2
5.16
5.13
5.09
5.05
5.01
4.98
4.95
4.89
4.83
4.77
4.7
4.63
4.56
4.51
4.48
4.46
4.45
4.44
4.43
4.43
4.42
4.39
4.36
4.33
4.3
4.26
4.2
4.19
4.19
4.19
4.2
4.21
4.22
4.23
4.24
4.23
4.19
4.14
4.1
4.06
4.01
4.01
4.04
4.08
4.12
4.17
4.22
4.27
4.31
4.35
4.38
4.42
4.47
4.52
4.57
4.62
4.67
4.72
4.77
4.82
4.87
4.91
4.95
4.96
4.95
4.94
4.93
4.92
4.91
4.9
4.9
4.89
4.88
4.87
4.86
4.86
4.85
4.81
4.76
4.72
4.69
4.66
4.63
4.6
4.57
4.54
4.51
4.48
4.45
4.42
4.38
4.33
4.27
4.24
4.23
4.23
4.22
4.21
4.2
4.19
4.18
4.17
4.16
4.15
4.14
4.12
4.12
4.15
4.19
4.23
4.27
4.32
4.37
4.43
4.49
4.55
4.61
4.67
4.73
4.73
4.72
4.72
4.73
4.74
4.76
4.78
4.79
4.8
4.82
4.84
4.85
4.86
4.87
4.85
4.83
4.84
4.86
4.88
4.9
4.92
4.94
4.96
4.97
4.97
4.97
4.96
4.95
4.93
4.9
4.87
4.86
4.84
4.81
4.78
4.75
4.72
4.69
4.66
4.63
4.61
4.59
4.54
4.48
4.45
4.44
4.44
4.44
4.44
4.44
4.45
4.45
4.45
4.46
4.47
4.48
4.44
4.39
4.36
4.34
4.32
4.3
4.28
4.26
4.24
4.22
4.2
4.18
4.16
4.14
4.12
4.1
4.1
4.1
4.11
4.12
4.13
4.15
4.19
4.25
4.31
4.37
4.43
4.49
4.5
4.5
4.5
4.48
4.45
4.41
4.39
4.37
4.34
4.31
4.27
4.22
4.17
4.12
4.05
3.97
3.95
3.94
3.93
3.91
3.89
3.86
3.83
3.8
3.77
3.73
3.69
3.65
3.59
3.53
3.5
3.47
3.43
3.4
3.37
3.33
3.29
3.25
3.21
3.17
3.13
3.09
3.04
2.99
2.96
2.94
2.93
2.91
2.89
2.88
2.87
2.86
2.85
2.84
2.83
2.82
2.78
2.73
2.71
2.7
2.7
2.72
2.74
2.77
2.8
2.83
2.85
2.87
2.91
2.94
2.95
2.94
2.97
3.01
3.07
3.13
3.19
3.25
3.31
3.38
3.45
3.52
3.59
3.67
3.7
3.72
3.74
3.77
3.79
3.82
3.85
3.88
3.91
3.93
3.93
3.91
3.89
3.88
3.84
3.79
3.79
3.8
3.81
3.82
3.83
3.84
3.83
3.82
3.81
3.8
3.79
3.78
3.77
3.77
3.79
3.82
3.84
3.88
3.92
3.96
4.0
4.04
4.06
4.08
4.1
4.12
4.14
4.16
4.2
4.25
4.3
4.35
4.41
4.47
4.53
4.59
4.64
4.69
4.74
4.78
4.82
4.87
4.93
5.0
5.06
5.12
5.17
5.22
5.27
5.31
5.34
5.35
5.36
5.38
5.4
5.44
5.49
5.54
5.59
5.64
5.68
5.7
5.73
5.75
5.75
5.74
5.72
5.7
5.68
5.66
5.66
5.69
5.72
5.75
5.77
5.79
5.81
5.83
5.8
5.74
5.67
5.61
5.55
5.48
5.46
5.45
5.44
5.42
5.4
5.37
5.34
5.31
5.26
5.21
5.16
5.11
5.06
5.0
4.98
4.97
4.96
4.95
4.94
4.94
4.94
4.94
4.92
4.9
4.88
4.86
4.85
4.84
4.84
4.83
4.82
4.82
4.83
4.82
4.82
4.83
4.83
4.82
4.83
4.85
4.87
4.89
4.92
4.95
4.99
5.03
5.08
5.13
5.19
5.25
5.28
5.3
5.33
5.36
5.39
5.42
5.45
5.47
5.49
5.5
5.51
5.52
5.53
5.55
5.51
5.45
5.4
5.37
5.34
5.3
5.26
5.2
5.15
5.1
5.05
5.0
4.95
4.9
4.82
4.74
4.69
4.65
4.62
4.59
4.54
4.49
4.44
4.39
4.34
4.29
4.25
4.21
4.15
4.09
4.08
4.09
4.1
4.1
4.11
4.12
4.14
4.17
4.2
4.23
4.26
4.29
4.29
4.29
4.32
4.35
4.38
4.41
4.44
4.48
4.51
4.56
4.61
4.66
4.71
4.75
4.75
4.74
4.76
4.78
4.8
4.83
4.85
4.87
4.88
4.9
4.92
4.93
4.93
4.93
4.9
4.85
4.81
4.78
4.75
4.71
4.68
4.65
4.61
4.57
4.52
4.46
4.39
4.32
4.22
4.11
4.03
3.96
3.89
3.82
3.75
3.68
3.61
3.54
3.47
3.4
3.34
3.28
3.21
3.15
3.15
3.17
3.19
3.21
3.23
3.25
3.27
3.29
3.3
3.31
3.32
3.34
3.34
3.34
3.36
3.38
3.4
3.42
3.45
3.48
3.51
3.54
3.57
3.59
3.61
3.64
3.62
3.6
3.61
3.63
3.65
3.67
3.69
3.71
3.72
3.73
3.73
3.72
3.71
3.7
3.67
3.64
3.63
3.63
3.62
3.63
3.64
3.65
3.66
3.66
3.66
3.64
3.62
3.61
3.58
3.56
3.58
3.61
3.63
3.66
3.69
3.71
3.73
3.76
3.79
3.81
3.84
3.87
3.9
3.92
3.95
3.99
4.03
4.07
4.11
4.15
4.18
4.22
4.26
4.3
4.34
4.38
4.39
4.38
4.38
4.38
4.38
4.38
4.38
4.38
4.38
4.38
4.38
4.38
4.38
4.39
4.38
4.37
4.37
4.35
4.33
4.32
4.31
4.3
4.29
4.28
4.27
4.26
4.26
4.27
4.26
4.24
4.24
4.25
4.26
4.27
4.27
4.27
4.26
4.25
4.24
4.24
4.25
4.26
4.23
4.18
4.17
4.16
4.14
4.11
4.09
4.07
4.05
4.03
4.01
3.99
3.97
3.96
3.94
3.92
3.92
3.92
3.94
3.95
3.96
3.95
3.94
3.93
3.92
3.91
3.9
3.89
3.85
3.8
3.77
3.73
3.7
3.68
3.66
3.63
3.6
3.57
3.54
3.5
3.46
3.43
3.37
3.31
3.26
3.22
3.19
3.16
3.13
3.1
3.07
3.04
3.01
2.97
2.93
2.9
2.86
2.82
2.81
2.82
2.83
2.84
2.86
2.88
2.9
2.93
2.96
2.99
3.03
3.07
3.09
3.1
3.13
3.16
3.19
3.22
3.25
3.27
3.29
3.31
3.33
3.36
3.39
3.42
3.4
3.36
3.34
3.32
3.3
3.27
3.24
3.21
3.18
3.15
3.12
3.09
3.06
3.03
2.99
2.95
2.95
2.96
2.97
2.98
2.99
3.0
3.0
3.0
3.01
3.03
3.05
3.07
3.06
3.05
3.06
3.07
3.09
3.12
3.14
3.16
3.18
3.2
3.22
3.24
3.26
3.28
3.29
3.29
3.32
3.35
3.38
3.41
3.45
3.49
3.53
3.57
3.62
3.67
3.72
3.77
3.79
3.8
3.82
3.84
3.85
3.86
3.88
3.9
3.92
3.94
3.96
3.98
4.0
4.02
4.03
4.02
4.02
4.02
4.03
4.04
4.05
4.06
4.06
4.06
4.06
4.05
4.05
4.08
4.06
4.03
4.02
4.01
4.0
3.99
3.98
3.97
3.96
3.96
3.96
3.96
3.96
3.95
3.91
3.86
3.85
3.85
3.85
3.86
3.87
3.88
3.89
3.9
3.91
3.92
3.93
3.95
3.97
3.98
3.99
4.0
4.01
4.02
4.03
4.05
4.07
4.09
4.11
4.13
4.15
4.16
4.14
4.12
4.13
4.13
4.12
4.11
4.09
4.06
4.02
3.98
3.94
3.9
3.86
3.82
3.77
3.72
3.68
3.65
3.62
3.59
3.56
3.53
3.48
3.42
3.36
3.3
3.23
3.16
3.08
3.0
2.95
2.91
2.88
2.85
2.82
2.79
2.75
2.71
2.67
2.63
2.59
2.55
2.5
2.45
2.41
2.38
2.35
2.32
2.28
2.24
2.2
2.16
2.12
2.08
2.04
2.0
1.95
1.87
1.83
1.8
1.78
1.76
1.73
1.7
1.67
1.64
1.61
1.57
1.53
1.49
1.44
1.39
1.37
1.36
1.35
1.34
1.34
1.33
1.32
1.31
1.3
1.29
1.28
1.27
1.25
1.22
1.2
1.18
1.16
1.14
1.12
1.1
1.08
1.05
1.02
0.99
0.97
0.95
0.9
0.85
0.83
0.81
0.79
0.77
0.75
0.73
0.71
0.69
0.67
0.65
0.63
0.61
0.59
0.57
0.56
0.55
0.55
0.55
0.55
0.55
0.55
0.55
0.54
0.53
0.53
0.53
0.53
0.53
0.54
0.55
0.56
0.56
0.56
0.56
0.56
0.56
0.55
0.54
0.53
0.52
0.51
0.5
0.5
0.5
0.5
0.5
0.5
0.5
0.5
0.5
0.5
0.51
0.52
0.53
0.54
0.56
0.58
0.6
0.62
0.64
0.65
0.66
0.67
0.68
0.69
0.7
0.71
0.72
0.73
0.74
0.76
0.78
0.8
0.82
0.84
0.87
0.89
0.91
0.93
0.95
0.97
0.99
1.01
1.03
1.06
1.09
1.12
1.16
1.16
1.15
1.14
1.13
1.12
1.11
1.1
1.1
1.09
1.08
1.09
1.1
1.11
1.13
1.13
1.14
1.16
1.18
1.2
1.22
1.24
1.26
1.28
1.3
1.32
1.34
1.36
1.38
1.38
1.38
1.38
1.38
1.38
1.38
1.39
1.4
1.4
1.41
1.42
1.43
1.45
1.47
1.48
1.49
1.51
1.53
1.55
1.57
1.61
1.65
1.69
1.73
1.77
1.81
1.85
1.89
1.92
1.95
1.98
2.01
2.04
2.07
2.1
2.12
2.14
2.16
2.18
2.19
2.21
2.23
2.22
2.2
2.18
2.16
2.14
2.12
2.1
2.08
2.06
2.04
2.02
2.0
1.98
1.96
1.94
1.92
1.9
1.87
1.84
1.81
1.78
1.75
1.72
1.69
1.66
1.63
1.61
1.59
1.56
1.52
1.52
1.53
1.55
1.57
1.59
1.61
1.63
1.64
1.63
1.62
1.62
1.62
1.62
1.61
1.62
1.62
1.61
1.61
1.61
1.61
1.61
1.61
1.59
1.57
1.55
1.53
1.51
1.5
1.5
1.5
1.5
1.5
1.5
1.5
1.5
1.5
1.49
1.47
1.45
1.43
1.4
1.37
1.35
1.33
1.3
1.27
1.24
1.21
1.17
1.14
1.1
1.06
1.02
0.98
0.94
0.9
0.87
0.84
0.81
0.78
0.75
0.73
0.71
0.69
0.66
0.63
0.6
0.57
0.53
0.49
0.48
0.48
0.48
0.48
0.48
0.48
0.48
0.48
0.48
0.48
0.48
0.48
0.48
0.48
0.48
0.48
0.48
0.48
0.49
0.5
0.51
0.52
0.53
0.54
0.55
0.56
0.56
0.56
0.55
0.54
0.53
0.52
0.5
0.48
0.46
0.44
0.42
0.4
0.4
0.4
0.39
0.38
0.37
0.36
0.35
0.34
0.33
0.31
0.3
0.29
0.28
0.27
0.28
0.29
0.3
0.31
0.32
0.32
0.32
0.32
0.32
0.33
0.35
0.37
0.39
0.41
0.44
0.47
0.5
0.53
0.54
0.55
0.56
0.57
0.58
0.59
0.6
0.62
0.64
0.66
0.69
0.72
0.75
0.8
0.82
0.83
0.84
0.85
0.86
0.87
0.88
0.88
0.88
0.88
0.89
0.91
0.93
0.95
0.95
0.95
0.95
0.95
0.95
0.95
0.95
0.95
0.95
0.95
0.95
0.96
0.98
1.0
1.0
1.0
1.0
1.0
1.0
1.0
0.99
0.98
0.97
0.96
0.96
0.96
0.96
0.96
0.96
0.96
0.97
0.98
1.0
1.02
1.04
1.06
1.08
1.1
1.12
1.14
1.16
1.18
1.2
1.22
1.24
1.26
1.28
1.3
1.31
1.32
1.32
1.32
1.32
1.32
1.32
1.32
1.32
1.32
1.32
1.32
1.32
1.32
1.31
1.29
1.26
1.23
1.2
1.17
1.14
1.11
1.08
1.05
1.04
1.03
1.02
1.01
1.0
0.99
0.98
0.96
0.94
0.91
0.88
0.85
0.82
0.77
0.75
0.74
0.73
0.72
0.71
0.7
0.69
0.68
0.67
0.66
0.65
0.63
0.61
0.59
0.6
0.61
0.62
0.63
0.63
0.63
0.63
0.63
0.63
0.63
0.63
0.62
0.6
0.58
0.58
0.58
0.58
0.58
0.58
0.58
0.58
0.58
0.58
0.58
0.57
0.56
0.55
0.54
0.55
0.56
0.57
0.58
0.58
0.58
0.58
0.58
0.58
0.58
0.56
0.54
0.52
0.5
0.48
0.46
0.44
0.42
0.4
0.38
0.37
0.36
0.35
0.34
0.33
0.32
0.31
0.3
0.29
0.28
0.27
0.26
0.25
0.25
0.25
0.25
0.25
0.25
0.25
0.25
0.25
0.25
0.25
0.25
0.25
0.25
0.25
0.25
0.25
0.25
0.25
0.25
0.25
0.25
0.25
0.25
0.25
0.25
0.25
0.25
0.25
0.25
0.25
0.25
0.25
0.25
0.25
0.25
0.25
0.25
0.25
0.25
0.24
0.23
0.22
0.21
0.21
0.21
0.21
0.21
0.21
0.21
0.21
0.21
0.21
0.21
0.21
0.21
0.21
0.21
0.21
0.21
0.21
0.21
0.21
0.21
0.21
0.21
0.22
0.23
0.22
0.21
0.2
0.19
0.18
0.17
0.16
0.15
0.14
0.13
0.13
0.14
0.15
0.17
0.19
0.21
0.23
0.25
0.27
0.29
0.31
0.33
0.35
0.37
0.37
0.37
0.37
0.37
0.37
0.37
0.37
0.37
0.37
0.36
0.36
0.36
0.36
0.36
0.36
0.36
0.36
0.36
0.36
0.36
0.36
0.36
0.36
0.37
0.38
0.39
0.4
0.41
0.42
0.43
0.44
0.45
0.47
0.49
0.52
0.55
0.58
0.61
0.61
0.61
0.61
0.61
0.61
0.61
0.61
0.61
0.61
0.61
0.61
0.61
0.61
0.61
0.61
0.61
0.61
0.61
0.61
0.61
0.61
0.61
0.61
0.61
0.61
0.61
0.61
0.61
0.61
0.61
0.61
0.61
0.61
0.61
0.61
0.61
0.6
0.59
0.58
0.58
0.58
0.58
0.58
0.58
0.57
0.56
0.55
0.54
0.54
0.53
0.52
0.5
0.48
0.46
0.44
0.42
0.4
0.38
0.36
0.34
0.32
0.3
0.3
0.3
0.3
0.3
0.3
0.3
0.3
0.3
0.3
0.3
0.3
0.3
0.3
0.3
0.3
0.3
0.3
0.3
0.31
0.32
0.33
0.34
0.35
0.35
0.34
0.33
0.32
0.32
0.32
0.32
0.32
0.32
0.31
0.3
0.28
0.26
0.24
0.22
0.22
0.22
0.22
0.22
0.22
0.22
0.22
0.22
0.22
0.22
0.22
0.22
0.22
0.22
0.22
0.22
0.22
0.22
0.22
0.23
0.24
0.26
0.28
0.3
0.32
0.34
0.36
0.38
0.38
0.38
0.39
0.4
0.41
0.42
0.43
0.44
0.45
0.46
0.47
0.47
0.47
0.47
0.46
0.45
0.45
0.45
0.45
0.45
0.45
0.45
0.45
0.45
0.45
0.45
0.45
0.45
0.45
0.45
0.45
0.45
0.45
0.45
0.45
0.45
0.45
0.45
0.45
0.45
0.45
0.45
0.45
0.45
0.45
0.45
0.45
0.45
0.45
0.45
0.45
0.45
0.44
0.43
0.42
0.42
0.42
0.42
0.43
0.44
0.45
0.45
0.45
0.45
0.45
0.45
0.45
0.45
0.45
0.46
0.47
0.49
0.53
0.57
0.61
0.65
0.68
0.7
0.72
0.74
0.76
0.78
0.8
0.82
0.84
0.86
0.88
0.9
0.92
0.94
0.95
0.95
0.95
0.94
0.93
0.92
0.91
0.91
0.91
0.91
0.93
0.95
0.96
0.97
0.97
0.97
0.97
0.97
0.97
0.97
0.97
0.97
0.97
0.97
0.98
0.99
1.0
1.01
1.02
1.03
1.04
1.05
1.06
1.07
1.08
1.09
1.1
1.11
1.12
1.13
1.14
1.15
1.16
1.17
1.18
1.19
1.2
1.21
1.22
1.23
1.24
1.25
1.25
1.25
1.25
1.25
1.25
1.25
1.25
1.25
1.25
1.25
1.25
1.25
1.25
1.24
1.23
1.22
1.21
1.2
1.19
1.18
1.17
1.16
1.15
1.14
1.13
1.12
1.11
1.09
1.07
1.04
1.0
0.96
0.92
0.88
0.85
0.83
0.81
0.79
0.77
0.75
0.73
0.71
0.69
0.67
0.65
0.63
0.61
0.59
0.58
0.58
0.58
0.58
0.58
0.58
0.58
0.57
0.55
0.53
0.51
0.49
0.47
0.45
0.44
0.43
0.42
0.41
0.4
0.39
0.38
0.37
0.36
0.35
0.34
0.33
0.32
0.31
0.3
0.29
0.28
0.27
0.26
0.25
0.24
0.24
0.25
0.26
0.27
0.28
0.29
0.3
0.31
0.32
0.33
0.34
0.35
0.36
0.37
0.38
0.37
0.37
0.38
0.39
0.4
0.41
0.42
0.43
0.44
0.45
0.46
0.47
0.48
0.49
0.49
0.49
0.49
0.49
0.49
0.49
0.49
0.49
0.49
0.49
0.49
0.49
0.49
0.49
0.49
0.49
0.49
0.49
0.49
0.49
0.49
0.49
0.49
0.49
0.49
0.49
0.49
0.49
0.49
0.49
0.49
0.49
0.49
0.49
0.49
0.49
0.49
0.48
0.47
0.46
0.45
0.44
0.43
0.42
0.42
0.42
0.42
0.42
0.42
0.42
0.42
0.42
0.42
0.42
0.42
0.42
0.42
0.42
0.42
0.42
0.42
0.42
0.42
0.42
0.42
0.42
0.42
0.42
0.42
0.42
0.42
0.41
0.39
0.37
0.35
0.33
0.31
0.29
0.27
0.25
0.23
0.21
0.19
0.17
0.15
0.13
0.13
0.12
0.11
0.1
0.09
0.08
0.07
0.06
0.05
0.04
0.03
0.02
0.01
0.0
0.0
0.0
0.0
0.0
0.0
0.0
0.0
0.0
0.0
0.0
0.0
0.0
0.0
0.0
0.0
0.0
0.0
0.0
0.0
0.0
0.0
0.0
0.0
0.0
0.0
0.0
0.0
0.0
0.0
0.0
0.0
0.0
0.0
0.0
0.0
0.0
0.0
0.0
0.0
0.0
0.0
0.0
0.0
0.0
0.0
0.0
0.0
0.0
0.0
0.0
0.0
0.0
0.0
0.0
0.0
0.0
0.0
0.0
0.0
0.0
0.0
0.0
0.0
0.0
0.0
0.0
0.0
0.0
0.0
0.0
0.0
0.0
0.0
0.0
0.0
0.0
0.0
0.0
0.0
0.0
0.0
0.0
0.0
0.0
0.0
0.0
0.0
0.0
0.0
0.0
0.0
0.0
0.0
0.0
0.0
0.0
0.0
0.0
0.0
0.0
0.0
0.0
0.0
0.0
0.0
0.0
0.0
0.0
0.0
0.0
0.0
0.0
0.0
0.0
0.01
0.02
0.03
0.04
0.05
0.06
0.07
0.08
0.09
0.1
0.1
0.1
0.1
0.1
0.1
0.1
0.1
0.1
0.1
0.1
0.1
0.1
0.1
0.1
0.1
0.1
0.1
0.1
0.1
0.1
0.1
0.1
0.1
0.1
0.1
0.1
0.1
0.1
0.1
0.1
0.1
0.1
0.1
0.1
0.1
0.1
0.1
0.1
0.1
0.1
0.1
0.1
0.1
0.1
0.1
0.1
0.1
0.1
0.1
0.1
0.1
0.1
0.1
0.1
0.11
0.12
0.13
0.14
0.15
0.16
0.17
0.18
0.18
0.18
0.18
0.18
0.18
0.18
0.18
0.18
0.18
0.18
0.18
0.18
0.18
0.18
0.18
0.18
0.18
0.18
0.18
0.18
0.18
0.18
0.18
0.18
0.18
0.18
0.18
0.18
0.17
0.16
0.15
0.14
0.13
0.12
0.11
0.1
0.09
0.08
0.08
0.08
0.08
0.08
0.08
0.08
0.08
0.08
0.08
0.08
0.08
0.08
0.08
0.08
0.08
0.08
0.08
0.08
0.08
0.08
0.08
0.08
0.08
0.08
0.08
0.08
0.08
0.08
0.08
0.08
0.08
0.08
0.08
0.08
0.08
0.08
0.08
0.08
0.08
0.08
0.08
0.08
0.08
0.08
0.08
0.08
0.08
0.08
0.08
0.08
0.08
0.08
0.08
0.08
0.07
0.06
0.05
0.04
0.03
0.02
0.01
0.0
0.0
0.0
0.0
0.0
0.0
0.0
0.0
0.0
0.0
0.0
0.0
0.0
0.0
0.0
0.0
0.0
0.0
0.0
0.0
0.0
0.0
0.0
0.0
0.0
0.0
0.0
0.0
0.0
0.0
0.0
0.0
0.0
0.0
0.0
0.0
0.0
0.0
0.0
0.0
0.0
0.0
0.0
0.0
0.0
0.0
0.0
0.0
0.0
0.0
0.0
0.0
0.0
0.0
0.0
0.0
0.0
0.0
0.0
0.0
0.0
0.0
0.0
0.0
0.0
0.0
0.0
0.0
0.0
0.0
0.0
0.0
0.0
0.0
0.0
0.0
0.0
0.0
0.0
0.0
0.0
0.0
0.0
0.0
0.0
0.0
0.0
0.0
0.0
0.0
0.0
0.0
0.0
0.0
0.0
0.0
0.0
0.0
0.0
0.0
0.0
0.0
0.0
0.0
0.0
0.0
0.0
0.0
0.0
0.0
0.0
0.0
0.0
0.0
0.0
0.0
0.0
0.0
0.0
0.0
0.0
0.0
0.0
0.0
0.0
0.0
0.0
0.0
0.0
0.0
0.0
0.0
0.0
0.0
0.0
0.0
0.0
0.0
0.0
0.0
0.0
0.0
0.0
0.0
0.0
0.0
0.0
0.0
0.0
0.0
0.0
0.0
0.0
0.0
0.0
0.0
0.0
0.0
0.0
0.0
0.0
0.0
0.0
0.0
0.0
0.0
0.0
0.0
0.0
0.0
0.0
0.0
0.0
0.0
0.0
0.0
0.0
0.0
0.0
0.0
0.0
0.0
0.0
0.0
0.0
0.0
0.0
0.0
0.0
0.0
0.0
0.0
0.0
0.0
0.0
0.0
0.0
0.0
0.0
0.0
0.0
0.0
0.0
0.0
0.0
0.0
0.0
0.0
0.0
0.0
0.0
0.0
0.0
0.0
0.0
0.0
0.0
0.0
0.0
0.0
0.0
0.0
0.0
0.0
0.0
0.0
0.0
0.0
0.0
0.0
0.0
0.0
0.0
0.0
0.0
0.0
0.0
0.0
0.0
0.0
0.0
0.0
0.0
0.0
0.0
0.0
0.0
0.0
0.0
0.0
0.0
0.0
0.0
0.0
0.0
0.0
0.0
0.0
0.0
0.0
0.0
0.0
0.0
0.0
0.0
0.0
0.0
0.0
0.0
0.0
0.0
0.0
0.0
0.0
0.0
0.0
0.0
0.0
0.0
0.0
0.0
0.0
0.0
0.0
0.0
0.0
0.0
0.0
0.0
0.0
0.0
0.0
0.0
0.0
0.0
0.0
0.0
0.0
0.0
0.0
0.0
0.0
0.0
0.0
0.0
0.0
0.0
0.0
0.0
0.0
0.0
0.0
0.0
0.0
0.0
0.0
0.0
0.0
0.0
0.0
0.0
0.0
0.0
0.0
0.0
0.0
0.0
0.0
0.0
0.0
0.0
0.0
0.0
0.0
0.0
0.0
0.0
0.0
0.0
0.0
0.0
0.0
0.0
0.0
0.0
0.0
0.0
0.0
0.0
0.0
0.0
0.0
0.0
0.0
0.0
0.0
0.0
0.0
0.0
0.0
0.0
0.0
0.0
0.0
0.0
0.0
0.0
0.0
0.0
0.0
0.0
0.0
0.0
0.0
0.0
0.0
0.0
0.0
0.0
0.0
0.0
0.0
0.0
0.0
0.0
0.0
0.0
0.0
0.0
0.0
0.0
0.0
0.0
0.0
0.0
0.0
0.0
0.0
0.0
0.0
0.0
0.0
0.0
0.0
0.0
0.0
0.0
0.0
0.0
0.0
0.0
0.0
0.0
0.0
0.0
0.0
0.0
0.0
0.0
0.0
0.0
0.0
0.0
0.0
0.0
0.0
0.0
0.0
0.0
0.0
0.0
0.0
0.0
0.0
0.0
0.0
0.0
0.0
0.0
0.0
0.0
0.0
0.0
0.0
0.0
0.0
0.0
0.0
0.0
0.0
0.0
0.0
0.0
0.0
0.0
0.0
0.0
0.0
0.0
0.0
0.0
0.0
0.0
0.0
0.0
0.0
0.0
0.0
0.0
0.0
0.0
0.0
0.0
0.0
0.0
0.0
0.0
0.0
0.0
0.0
0.0
0.0
0.0
0.0
0.0
0.0
0.0
0.0
0.0
0.0
0.0
0.0
0.0
0.0
0.0
0.0
0.0
0.0
0.0
0.0
0.0
0.0
0.0
0.0
0.0
0.0
0.0
0.0
0.0
0.0
0.0
0.0
0.0
0.0
0.0
0.0
0.0
0.0
0.0
0.0
0.0
0.0
0.0
0.0
0.0
0.0
0.0
0.0
0.0
0.0
0.0
0.0
0.0
0.0
0.0
0.0
0.0
0.0
0.0
0.0
0.0
0.0
0.0
0.0
0.0
0.0
0.0
0.0
0.0
0.0
0.0
0.0
0.0
0.0
0.0
0.0
0.0
0.0
0.0
0.0
0.0
0.0
0.0
0.0
0.0
0.0
0.0
0.0
0.0
0.0
0.0
0.0
0.0
0.0
0.0
0.0
0.0
0.0
0.0
0.0
0.0
0.0
0.0
0.0
0.0
0.0
0.0
0.0
0.0
0.0
0.0
0.0
0.0
0.0
0.0
0.0
0.0
0.0
0.0
0.0
0.0
0.0
0.0
0.0
0.0
0.0
0.0
0.0
0.0
0.0
0.0
0.0
0.0
0.0
0.0
0.0
0.0
0.0
0.0
0.0
0.0
0.0
0.0
0.0
0.0
0.0
0.0
0.0
0.0
0.0
0.0
0.0
0.0
0.0
0.0
0.0
0.0
0.0
0.0
0.0
0.0
0.0
0.0
0.0
0.0
0.0
0.0
0.0
0.0
0.0
0.0
0.0
0.0
0.0
0.0
0.0
0.0
0.0
0.0
0.0
0.0
0.0
0.0
0.0
0.0
0.0
0.0
0.0
0.0
0.0
0.0
0.0
0.0
0.0
0.0
0.0
0.0
0.0
0.0
0.0
0.0
0.0
0.0
0.0
0.0
0.0
0.0
0.0
0.0
0.0
0.0
0.0
0.0
0.0
0.0
0.0
0.0
0.0
0.0
0.0
0.0
0.0
0.0
0.0
0.0
0.0
0.0
0.0
0.0
0.0
0.0
0.0
0.0
0.0
0.0
0.0
0.0
0.0
0.0
0.0
0.0
0.0
0.01
0.02
0.03
0.04
0.05
0.06
0.07
0.08
0.09
0.1
0.11
0.11
0.11
0.11
0.11
0.11
0.11
0.11
0.11
0.11
0.11
0.11
0.11
0.11
0.11
0.11
0.11
0.11
0.11
0.11
0.11
0.11
0.11
0.11
0.11
0.11
0.11
0.11
0.11
0.11
0.11
0.11
0.11
0.11
0.11
0.11
0.11
0.11
0.11
0.11
0.11
0.11
0.11
0.11
0.11
0.11
0.11
0.11
0.11
0.11
0.11
0.11
0.11
0.11
0.11
0.11
0.11
0.11
0.11
0.11
0.11
0.11
0.11
0.11
0.11
0.11
0.11
0.11
0.11
0.11
0.11
0.11
0.11
0.11
0.11
0.11
0.11
0.11
0.11
0.11
0.11
0.11
0.11
0.11
0.11
0.11
0.11
0.11
0.11
0.11
0.1
0.09
0.08
0.07
0.06
0.05
0.04
0.03
0.02
0.01
0.0
0.0
0.0
0.0
0.0
0.0
0.0
0.0
0.0
0.0
0.0
0.0
0.0
0.0
0.0
0.0
0.0
0.0
0.0
0.0
0.0
0.0
0.0
0.0
0.0
0.0
0.0
0.0
0.0
0.0
0.0
0.0
0.0
0.0
0.0
0.0
0.0
0.0
0.0
0.0
0.0
0.0
0.0
0.0
0.0
0.0
0.0
0.0
0.0
0.0
0.0
0.0
0.0
0.0
0.0
0.0
0.0
0.0
0.0
0.0
0.0
0.0
0.0
0.0
0.0
0.0
0.0
0.0
0.0
0.0
0.0
0.0
0.0
0.0
0.0
0.0
0.0
0.0
0.0
0.0
0.0
0.0
0.0
0.0
0.0
0.0
0.0
0.0
0.0
0.0
0.0
0.0
0.0
0.0
0.0
0.0
0.0
0.0
0.0
0.0
0.0
0.0
0.0
0.0
0.0
0.0
0.0
0.0
0.0
0.0
0.0
0.0
0.0
0.0
0.0
0.0
0.0
0.0
0.0
0.0
0.0
0.0
0.0
0.0
0.0
0.0
0.0
0.0
0.0
0.0
0.0
0.0
0.0
0.0
0.0
0.0
0.0
0.0
0.0
0.0
0.0
0.0
0.0
0.0
0.0
0.0
0.0
0.0
0.0
0.0
0.0
0.0
0.0
0.0
0.0
0.0
0.0
0.0
0.0
0.0
0.0
0.0
0.0
0.0
0.0
0.0
0.0
0.0
0.0
0.0
0.0
0.0
0.0
0.0
0.0
0.0
0.0
0.0
0.0
0.0
0.0
0.0
0.0
0.0
0.0
0.0
0.0
0.0
0.0
0.0
0.0
0.0
0.0
0.0
0.0
0.0
0.0
0.0
0.0
0.0
0.0
0.0
0.0
0.0
0.0
0.0
0.0
0.0
0.0
0.0
0.0
0.0
0.0
0.0
0.0
0.0
0.0
0.0
0.0
0.0
0.0
0.0
0.0
0.0
0.0
0.0
0.0
0.0
0.0
0.0
0.0
0.0
0.0
0.0
0.0
0.0
0.0
0.0
0.0
0.0
0.0
0.0
0.0
0.0
0.0
0.0
0.0
0.0
0.0
0.0
0.0
0.0
0.0
0.0
0.0
0.0
0.0
0.0
0.0
0.0
0.0
0.0
0.0
0.0
0.0
0.0
0.0
0.0
0.0
0.0
0.0
0.0
0.0
0.0
0.0
0.0
0.0
0.0
0.0
0.0
0.0
0.0
0.0
0.0
0.0
0.0
0.0
0.0
0.0
0.0
0.0
0.0
0.0
0.0
