0.05
0.054
0.058
0.060000000000000005
0.062000000000000006
0.066
0.07
0.07600000000000001
0.08200000000000002
0.08600000000000002
0.09
0.094
0.098
0.1
0.10200000000000001
0.10400000000000001
0.10999999999999999
0.12
0.13
0.14
0.15
0.16
0.17200000000000001
0.18
0.188
0.196
0.20600000000000002
0.21600000000000003
0.22999999999999998
0.246
0.262
0.276
0.29000000000000004
0.308
0.32599999999999996
0.34199999999999997
0.358
0.366
0.374
0.382
0.39
0.398
0.406
0.41400000000000003
0.42600000000000005
0.43800000000000006
0.45200000000000007
0.46599999999999997
0.48
0.494
0.51
0.522
0.534
0.548
0.562
0.5700000000000001
0.5800000000000001
0.5920000000000001
0.606
0.618
0.632
0.646
0.66
0.6739999999999999
0.69
0.7
0.71
0.72
0.732
0.748
0.768
0.788
0.812
0.8360000000000001
0.8600000000000001
0.8780000000000001
0.8980000000000001
0.9179999999999999
0.94
0.952
0.964
0.978
0.992
1.008
1.026
1.0459999999999998
1.0659999999999998
1.0839999999999999
1.1059999999999999
1.1219999999999999
1.138
1.156
1.178
1.196
1.214
1.232
1.252
1.2759999999999998
1.2979999999999998
1.3199999999999998
1.3439999999999999
1.368
1.39
1.41
1.4340000000000002
1.456
1.48
1.4980000000000002
1.516
1.538
1.564
1.592
1.62
1.6560000000000001
1.6920000000000002
1.724
1.75
1.774
1.7979999999999998
1.8239999999999998
1.8559999999999999
1.8800000000000001
1.9020000000000001
1.934
1.9660000000000002
1.998
2.0340000000000003
2.07
2.106
2.138
2.172
2.194
2.214
2.23
2.2459999999999996
2.264
2.284
2.3160000000000003
2.35
2.384
2.424
2.464
2.51
2.5479999999999996
2.58
2.6159999999999997
2.6479999999999997
2.682
2.718
2.754
2.7880000000000003
2.828
2.8699999999999997
2.912
2.964
3.008
3.05
3.088
3.128
3.1540000000000004
3.1839999999999993
3.2180000000000004
3.2539999999999996
3.2920000000000003
3.328
3.3739999999999997
3.422
3.4699999999999998
3.518
3.556
3.5900000000000003
3.6240000000000006
3.656
3.68
3.702
3.7300000000000004
3.7560000000000002
3.792
3.828
3.8720000000000003
3.918
3.964
4.014
4.058
4.102
4.144
4.186
4.223999999999999
4.258
4.297999999999999
4.348
4.398
4.45
4.507999999999999
4.568
4.632000000000001
4.698
4.752
4.804
4.852
4.8999999999999995
4.944
4.988
5.0360000000000005
5.085999999999999
5.140000000000001
5.202
5.264
5.32
5.372000000000001
5.418
5.4559999999999995
5.49
5.505999999999999
5.522
5.536
5.550000000000001
5.564
5.58
5.6
5.618
5.635999999999999
5.656000000000001
5.672
5.694000000000001
5.7059999999999995
5.715999999999999
5.728000000000001
5.738
5.74
5.738
5.756
5.778
5.802
5.829999999999999
5.858
5.884
5.906000000000001
5.936
5.96
5.9799999999999995
5.996
6.01
6.029999999999999
6.058
6.087999999999999
6.130000000000001
6.172
6.2139999999999995
6.244
6.268000000000001
6.292000000000001
6.332000000000001
6.374
6.408
6.446000000000001
6.482
6.515999999999999
6.548
6.602
6.652
6.702000000000001
6.7540000000000004
6.789999999999999
6.822000000000001
6.8500000000000005
6.880000000000001
6.904
6.924
6.942
6.96
6.973999999999999
6.988
7.014
7.048000000000001
7.088
7.132
7.1579999999999995
7.180000000000001
7.204000000000001
7.24
7.276000000000001
7.308
7.337999999999999
7.364000000000001
7.398000000000001
7.436
7.481999999999999
7.532
7.586
7.636
7.666
7.687999999999999
7.713999999999999
7.742000000000001
7.757999999999999
7.754
7.747999999999999
7.744000000000001
7.746
7.752000000000001
7.768
7.788
7.808000000000001
7.83
7.835999999999999
7.827999999999999
7.826
7.844000000000001
7.854
7.866
7.878
7.8919999999999995
7.9239999999999995
7.956
7.997999999999999
8.044
8.092
8.142
8.182
8.224
8.278
8.331999999999999
8.384
8.432
8.49
8.542
8.594
8.648
8.716000000000001
8.79
8.873999999999999
8.959999999999999
9.032
9.09
9.144
9.198
9.242
9.264
9.292
9.318000000000001
9.35
9.38
9.416
9.458
9.5
9.542
9.576
9.61
9.648
9.696000000000002
9.725999999999999
9.738
9.744
9.756
9.786
9.826
9.86
9.89
9.92
9.952
9.975999999999999
10.0
10.04
10.088
10.116
10.134
10.149999999999999
10.168000000000001
10.196
10.229999999999999
10.264000000000001
10.302
10.342
10.39
10.434
10.47
10.510000000000002
10.544
10.576
10.592
10.612
10.632000000000001
10.664
10.704
10.738
10.768
10.8
10.834
10.856
10.878
10.922
10.98
11.027999999999999
11.078
11.143999999999998
11.234
11.341999999999999
11.456
11.576
11.693999999999999
11.814
11.936
12.036
12.116
12.204
12.306000000000001
12.398
12.483999999999998
12.585999999999999
12.692
12.806
12.93
13.04
13.146
13.246
13.352
13.448000000000002
13.524
13.59
13.64
13.684000000000001
13.728
13.771999999999998
13.817999999999998
13.868
13.924
13.974
14.014
14.056
14.099999999999998
14.128
14.143999999999998
14.161999999999999
14.184000000000001
14.200000000000003
14.214
14.23
14.256
14.294
14.338000000000001
14.383999999999999
14.438
14.492
14.546000000000001
14.584
14.62
14.664
14.714
14.766000000000002
14.815999999999999
14.882000000000001
14.948
15.015999999999998
15.076
15.112
15.13
15.152000000000001
15.174000000000001
15.190000000000001
15.202
15.225999999999999
15.251999999999999
15.278000000000002
15.298000000000002
15.338
15.386000000000001
15.446
15.508
15.572
15.624000000000002
15.678
15.728000000000002
15.764
15.786000000000001
15.818000000000001
15.868
15.914
15.96
16.002000000000002
16.035999999999998
16.07
16.108
16.139999999999997
16.168
16.186
16.201999999999998
16.21
16.218
16.236
16.253999999999998
16.274
16.29
16.314
16.33
16.344
16.364
16.386
16.412000000000003
16.424
16.436
16.44
16.434
16.45
16.477999999999998
16.509999999999998
16.532
16.56
16.584000000000003
16.608
16.632
16.642
16.636000000000003
16.630000000000003
16.619999999999997
16.613999999999997
16.604
16.61
16.636000000000003
16.678
16.732
16.778
16.814
16.854
16.9
16.930000000000003
16.952
16.98
17.01
17.038
17.064
17.092000000000002
17.138
17.188000000000002
17.248
17.308
17.372
17.451999999999998
17.538
17.604
17.666
17.718
17.752
17.784
17.808
17.855999999999998
17.906
17.96
18.016000000000002
18.078
18.144
18.216
18.310000000000002
18.392
18.458
18.52
18.586
18.652
18.724
18.788
18.848000000000003
18.884
18.914
18.950000000000003
18.994
19.043999999999997
19.098
19.13
19.152
19.17
19.201999999999998
19.233999999999998
19.274
19.336000000000002
19.412
19.462000000000003
19.496
19.538000000000004
19.588
19.636000000000003
19.684
19.722
19.756
19.788
19.816
19.856
19.906
19.97
20.036
20.102
20.171999999999997
20.238
20.299999999999997
20.368000000000002
20.436
20.493999999999996
20.535999999999998
20.568
20.586
20.61
20.638
20.669999999999998
20.718
20.78
20.855999999999998
20.938000000000002
21.031999999999996
21.132
21.242
21.33
21.418000000000003
21.509999999999998
21.61
21.708000000000002
21.812
21.906
22.003999999999998
22.097999999999995
22.194000000000003
22.294
22.397999999999996
22.526000000000003
22.669999999999998
22.8
22.912000000000003
23.03
23.154
23.26
23.358
23.433999999999997
23.512
23.584
23.648
23.726
23.8
23.883999999999997
23.962000000000003
24.026000000000003
24.082
24.148000000000003
24.226000000000003
24.32
24.42
24.534000000000002
24.648
24.756
24.858
24.968
25.08
25.182
25.286
25.38
25.454
25.536
25.633999999999997
25.746
25.864
26.0
26.136
26.29
26.464
26.668
26.884
27.1
27.328000000000003
27.554000000000002
27.767999999999997
27.982000000000003
28.194
28.408
28.612000000000002
28.828
29.042
29.248000000000005
29.450000000000003
29.664
29.886000000000003
30.1
30.307999999999996
30.508
30.714
30.914
31.108000000000004
31.284
31.444
31.6
31.746000000000002
31.882000000000005
32.013999999999996
32.138
32.248
32.356
32.46
32.554
32.658
32.769999999999996
32.902
33.044
33.196
33.352
33.494
33.634
33.772000000000006
33.896
34.022
34.144
34.254000000000005
34.34
34.403999999999996
34.474000000000004
34.528
34.587999999999994
34.644
34.72
34.8
34.898
35.0
35.108
35.222
35.33
35.440000000000005
35.532
35.620000000000005
35.702
35.782000000000004
35.86
35.93
35.998
36.078
36.16
36.222
36.272
36.32
36.348
36.384
36.428
36.483999999999995
36.54
36.604
36.67
36.724
36.774
36.830000000000005
36.878
36.928000000000004
36.97
37.006
37.022
37.034
37.064
37.1
37.152
37.192
37.218
37.232
37.248000000000005
37.26
37.274
37.3
37.321999999999996
37.35
37.378
37.41
37.44799999999999
37.49400000000001
37.55
37.628
37.728
37.832
37.94
38.046
38.152
38.256
38.356
38.442
38.523999999999994
38.612
38.72
38.844
38.992
39.144
39.302
39.452
39.614000000000004
39.804
40.002
40.215999999999994
40.43
40.648
40.868
41.09
41.322
41.565999999999995
41.818000000000005
42.068
42.318
42.552
42.77799999999999
42.988
43.21
43.456
43.718
43.972
44.196
44.38
44.532
44.66199999999999
44.796
44.925999999999995
45.044000000000004
45.166000000000004
45.288000000000004
45.41
45.512
45.616
45.72
45.836
45.944
46.052
46.158
46.26
46.38
46.507999999999996
46.660000000000004
46.834
47.02799999999999
47.232
47.46000000000001
47.709999999999994
48.0
48.338
48.687999999999995
49.026
49.361999999999995
49.688
49.989999999999995
50.292
50.604
50.916
51.233999999999995
51.556
51.891999999999996
52.230000000000004
52.58
52.94799999999999
53.318
53.694
54.093999999999994
54.486
54.862
55.205999999999996
55.524
55.846000000000004
56.196
56.558
56.93000000000001
57.29600000000001
57.652
57.994
58.337999999999994
58.66199999999999
58.959999999999994
59.221999999999994
59.466
59.67400000000001
59.849999999999994
60.007999999999996
60.147999999999996
60.294
60.432
60.57199999999999
60.702
60.818
60.95
61.112
61.29800000000001
61.492000000000004
61.69
61.897999999999996
62.104000000000006
62.322
62.578
62.879999999999995
63.212
63.56199999999999
63.924
64.3
64.7
65.11
65.518
65.92399999999999
66.324
66.714
67.102
67.482
67.86999999999999
68.258
68.63000000000001
69.002
69.334
69.64200000000001
69.924
70.202
70.498
70.81
71.122
71.444
71.768
72.106
72.45600000000002
72.832
73.20400000000001
73.586
74.0
74.42399999999999
74.85199999999999
75.282
75.69999999999999
76.112
76.536
76.954
77.366
77.768
78.188
78.616
79.04599999999999
79.48200000000001
79.926
80.342
80.734
81.084
81.43200000000002
81.80199999999999
82.18400000000001
82.57399999999998
82.962
83.338
83.702
84.074
84.41600000000001
84.756
85.06200000000001
85.336
85.57200000000002
85.77199999999999
85.962
86.168
86.37
86.578
86.81800000000001
87.088
87.398
87.74199999999999
88.09
88.47200000000001
88.85399999999998
89.262
89.658
90.07400000000001
90.494
90.912
91.33200000000001
91.76400000000001
92.2
92.642
93.08
93.50800000000001
93.934
94.35400000000001
94.77000000000001
95.17000000000002
95.566
95.964
96.35
96.714
97.04599999999999
97.36800000000001
97.674
97.96400000000001
98.254
98.52999999999997
98.78200000000001
99.002
99.2
99.36599999999999
99.508
99.62199999999999
99.72399999999999
99.822
99.91400000000002
100.002
100.07400000000001
100.126
100.15199999999999
100.15
100.142
100.122
100.094
100.062
100.054
100.054
100.07
100.09
100.136
100.206
100.322
100.45599999999999
100.618
100.798
100.99799999999999
101.19
101.398
101.6
101.792
101.982
102.16
102.30600000000001
102.45599999999999
102.59200000000001
102.724
102.858
102.976
103.096
103.172
103.226
103.27399999999999
103.304
103.322
103.34799999999998
103.392
103.46199999999999
103.544
103.634
103.738
103.85
103.994
104.16600000000001
104.34
104.522
104.728
104.944
105.184
105.46
105.76599999999999
106.12400000000001
106.49599999999998
106.852
107.216
107.588
107.968
108.35400000000001
108.71399999999997
109.056
109.38399999999999
109.69399999999999
110.0
110.292
110.598
110.89600000000002
111.17
111.44
111.714
112.00399999999999
112.28200000000001
112.554
112.856
113.16399999999999
113.498
113.854
114.232
114.64000000000001
115.084
115.56
116.05000000000001
116.56000000000002
117.094
117.634
118.18
118.74199999999999
119.29599999999999
119.848
120.388
120.91799999999999
121.442
121.96799999999999
122.506
123.04999999999998
123.562
124.042
124.51799999999999
124.996
125.46199999999999
125.92200000000001
126.378
126.852
127.322
127.79599999999999
128.282
128.782
129.28199999999998
129.79000000000002
130.292
130.80599999999998
131.29399999999998
131.764
132.192
132.612
133.026
133.428
133.828
134.24800000000002
134.65800000000002
135.09199999999998
135.528
135.958
136.416
136.904
137.42199999999997
137.962
138.512
139.09
139.676
140.262
140.87
141.474
142.08
142.71800000000002
143.358
144.01
144.642
145.246
145.83599999999998
146.388
146.924
147.442
147.938
148.412
148.89
149.354
149.81799999999998
150.286
150.756
151.22
151.66
152.064
152.444
152.81799999999998
153.158
153.484
153.772
154.04
154.31
154.57
154.82399999999998
155.05399999999997
155.28199999999998
155.518
155.75
155.992
156.23399999999998
156.488
156.74800000000002
157.022
157.304
157.608
157.92
158.238
158.552
158.85999999999999
159.158
159.44
159.716
159.968
160.194
160.364
160.496
160.596
160.67800000000003
160.72999999999996
160.792
160.87199999999999
160.964
161.054
161.166
161.296
161.442
161.578
161.738
161.94
162.14800000000002
162.38200000000003
162.65200000000002
162.96
163.294
163.638
163.988
164.348
164.716
165.108
165.51600000000002
165.964
166.422
166.888
167.39000000000001
167.902
168.468
169.072
169.692
170.32
170.96599999999998
171.616
172.30599999999998
173.006
173.722
174.438
175.138
175.81000000000003
176.474
177.142
177.804
178.45600000000002
179.11
179.766
180.428
181.108
181.78599999999997
182.436
183.106
183.79
184.472
185.152
185.83599999999998
186.528
187.222
187.93
188.64800000000002
189.36599999999999
190.07600000000002
190.79399999999998
191.50599999999997
192.198
192.86999999999998
193.548
194.24599999999998
194.952
195.688
196.438
197.204
197.98399999999998
198.786
199.59
200.394
201.19600000000003
202.004
202.828
203.65800000000002
204.486
205.316
206.13799999999998
206.96399999999997
207.77
208.57600000000002
209.37400000000002
210.17000000000002
210.952
211.704
212.45
213.19000000000003
213.924
214.65599999999998
215.386
216.07799999999997
216.786
217.50799999999998
218.252
219.024
219.816
220.606
221.41
222.20600000000002
223.00199999999998
223.79
224.594
225.38600000000002
226.15599999999995
226.91
227.67999999999998
228.442
229.18399999999997
229.918
230.61600000000004
231.296
231.94600000000003
232.584
233.20800000000003
233.82800000000003
234.418
234.994
235.538
236.06199999999998
236.516
236.95200000000003
237.37400000000002
237.768
238.154
238.49
238.78799999999998
239.07
239.326
239.558
239.75799999999998
239.90400000000002
240.0
240.062
240.118
240.146
240.17999999999998
240.204
240.23000000000002
240.25800000000004
240.294
240.338
240.38
240.44200000000004
240.51999999999998
240.598
240.66999999999996
240.726
240.738
240.75
240.788
240.822
240.86
240.89799999999997
240.92399999999998
240.93599999999998
240.95200000000003
240.998
241.024
241.04
241.072
241.108
241.112
241.11
241.08800000000002
241.06
241.00599999999997
240.964
240.896
240.79999999999998
240.708
240.63
240.57
240.52599999999998
240.49
240.464
240.454
240.45800000000003
240.444
240.47
240.536
240.61399999999998
240.7
240.81799999999998
240.97199999999998
241.146
241.356
241.57800000000003
241.81800000000004
242.06
242.32
242.57999999999998
242.81599999999997
243.06400000000002
243.32999999999998
243.618
243.932
244.256
244.57600000000002
244.904
245.22999999999996
245.562
245.90400000000002
246.23000000000002
246.56799999999998
246.89
247.202
247.53400000000002
247.86399999999998
248.22000000000003
248.60199999999998
248.984
249.372
249.78199999999998
250.212
250.63400000000001
251.08999999999997
251.55
252.0
252.438
252.88800000000003
253.342
253.774
254.20000000000002
254.636
255.096
255.54199999999997
255.978
256.43199999999996
256.866
257.288
257.71000000000004
258.14200000000005
258.57599999999996
259.008
259.468
259.918
260.36400000000003
260.776
261.17
261.55600000000004
261.924
262.286
262.592
262.868
263.164
263.454
263.748
264.068
264.39599999999996
264.694
265.01800000000003
265.38
265.748
266.104
266.45
266.798
267.128
267.458
267.81
268.13599999999997
268.474
268.854
269.226
269.608
269.988
270.392
270.802
271.244
271.698
272.142
272.582
273.02
273.45
273.86199999999997
274.278
274.688
275.06600000000003
275.442
275.772
276.09999999999997
276.416
276.698
276.942
277.156
277.354
277.524
277.68
277.806
277.94199999999995
278.086
278.24600000000004
278.408
278.57399999999996
278.738
278.866
278.952
279.062
279.18
279.286
279.37600000000003
279.448
279.524
279.604
279.682
279.788
279.918
280.044
280.17600000000004
280.298
280.42199999999997
280.55800000000005
280.716
280.88
281.046
281.208
281.36
281.524
281.71999999999997
281.952
282.214
282.45
282.714
282.966
283.216
283.468
283.728
284.008
284.282
284.56600000000003
284.876
285.19
285.538
285.9
286.266
286.634
287.024
287.42
287.86
288.3
288.728
289.172
289.646
290.17600000000004
290.724
291.254
291.808
292.38000000000005
292.952
293.526
294.124
294.722
295.318
295.94800000000004
296.596
297.29200000000003
297.998
298.69599999999997
299.384
300.058
300.726
301.378
302.004
302.648
303.26800000000003
303.904
304.526
305.146
305.74
306.346
306.982
307.62
308.24399999999997
308.834
309.43
310.004
310.556
311.116
311.66
312.212
312.754
313.29
313.838
314.424
315.004
315.582
316.174
316.77200000000005
317.36800000000005
317.944
318.526
319.104
319.706
320.27799999999996
320.852
321.446
322.06600000000003
322.644
323.226
323.798
324.376
324.956
325.546
326.16600000000005
326.778
327.392
327.97999999999996
328.55199999999996
329.106
329.66200000000003
330.21799999999996
330.764
331.29999999999995
331.818
332.358
332.92400000000004
333.506
334.106
334.73400000000004
335.33000000000004
335.914
336.51599999999996
337.11199999999997
337.73199999999997
338.364
338.976
339.53399999999993
340.072
340.598
341.09599999999995
341.578
342.08
342.548
342.99600000000004
343.40999999999997
343.77599999999995
344.086
344.366
344.608
344.7420000000001
344.888
344.99199999999996
345.07000000000005
345.08000000000004
345.052
345.024
344.972
344.894
344.79599999999994
344.68399999999997
344.56399999999996
344.42600000000004
344.264
344.07
343.88200000000006
343.67
343.464
343.266
343.10799999999995
342.972
342.874
342.80199999999996
342.738
342.68
342.65600000000006
342.59400000000005
342.558
342.46
342.376
342.292
342.21
342.09
341.964
341.866
341.754
341.62399999999997
341.50000000000006
341.356
341.224
341.06200000000007
340.904
340.7180000000001
340.512
340.27000000000004
340.004
339.754
339.504
339.242
339.006
338.778
338.52799999999996
338.274
337.98199999999997
337.67999999999995
337.37200000000007
337.054
336.71599999999995
336.382
336.044
335.69
335.222
334.80400000000003
334.33799999999997
333.87
333.448
332.96
332.46
331.96399999999994
331.486
330.976
330.498
329.9580000000001
329.424
328.89
328.324
327.78
327.22999999999996
326.704
326.138
325.618
325.082
324.57400000000007
324.05799999999994
323.584
323.09000000000003
322.648
322.32800000000003
322.004
321.688
321.43
321.18399999999997
320.944
320.71000000000004
320.502
320.27599999999995
320.09200000000004
319.944
319.818
319.714
319.746
319.76
319.808
319.84000000000003
319.924
320.038
320.17600000000004
320.318
320.46
320.616
320.788
321.002
321.216
321.45799999999997
321.70799999999997
321.986
322.27
322.574
322.88
323.174
323.48400000000004
323.792
324.112
324.44
324.762
325.034
325.334
325.568
325.85400000000004
326.12
326.354
326.556
326.782
327.03000000000003
327.276
327.562
327.89
328.244
328.652
329.08399999999995
329.56600000000003
330.036
330.562
331.136
331.722
332.35
332.96799999999996
333.574
334.174
334.7460000000001
335.3
335.836
336.36400000000003
336.888
337.436
337.892
338.36199999999997
338.804
339.258
339.674
340.05
340.516
340.88199999999995
341.23400000000004
341.514
341.76599999999996
342.05600000000004
342.346
342.642
342.88800000000003
343.168
343.4
343.696
343.994
344.29400000000004
344.61800000000005
344.916
345.226
345.506
345.696
345.89599999999996
346.112
346.324
346.524
346.69399999999996
346.882
346.99199999999996
346.932
346.882
346.74
346.53200000000004
346.29400000000004
345.99600000000004
345.55
345.082
344.60800000000006
344.132
343.596
343.062
342.504
341.89399999999995
341.246
340.592
339.944
339.24
338.52599999999995
337.754
336.97
336.18399999999997
335.38599999999997
334.616
333.824
333.032
332.192
331.34
330.448
329.548
328.61
327.64599999999996
326.668
325.646
324.572
323.468
322.36199999999997
321.21799999999996
320.12
318.99199999999996
317.892
316.796
315.712
314.62800000000004
313.528
312.434
311.338
310.226
309.122
308.02799999999996
306.91
305.74199999999996
304.5559999999999
303.34
302.102
300.852
299.574
298.32
297.03
295.758
294.52200000000005
293.312
292.102
290.9
289.746
288.592
287.452
286.3
285.224
284.14000000000004
283.076
282.03599999999994
281.022
280.106
279.228
278.39799999999997
277.59000000000003
276.88
276.17
275.48
274.81
274.154
273.52
272.908
272.308
271.70799999999997
271.116
270.562
269.99
269.414
268.772
268.154
267.656
267.134
266.6
266.072
265.568
265.098
264.632
264.28000000000003
264.036
263.832
263.764
263.778
263.83000000000004
263.954
264.25800000000004
264.56
264.928
265.288
265.722
266.15
266.602
267.07599999999996
267.566
268.06399999999996
268.58799999999997
269.142
269.68
270.214
270.744
271.264
271.8
272.272
272.716
273.158
273.636
274.134
274.66200000000003
275.214
275.754
276.318
276.89
277.468
278.068
278.682
279.316
279.99
280.64
281.31399999999996
282.022
282.734
283.45
284.216
285.04999999999995
285.90000000000003
286.762
287.664
288.55600000000004
289.42600000000004
290.298
291.192
292.118
293.062
294.058
295.012
295.976
296.914
297.888
298.84999999999997
299.788
300.708
301.646
302.61400000000003
303.476
304.39
305.29200000000003
306.23
307.174
308.11199999999997
309.054
309.99199999999996
310.956
311.87
312.728
313.57000000000005
314.43399999999997
315.226
316.038
316.852
317.67199999999997
318.504
319.35
320.158
320.96799999999996
321.76800000000003
322.55600000000004
323.29400000000004
323.978
324.61400000000003
325.28
325.868
326.374
326.824
327.26199999999994
327.65200000000004
328.034
328.346
328.6
328.778
328.974
329.11
329.204
329.264
329.30199999999996
329.328
329.29200000000003
329.318
329.31
329.29200000000003
329.306
329.31399999999996
329.336
329.36999999999995
329.43800000000005
329.466
329.514
329.564
329.656
329.75800000000004
329.90200000000004
330.078
330.256
330.462
330.674
330.88000000000005
331.028
331.168
331.28200000000004
331.358
331.43
331.5199999999999
331.604
331.74600000000004
331.882
331.998
332.11199999999997
332.20799999999997
332.328
332.47
332.60200000000003
332.714
332.81
332.858
332.848
332.812
332.75600000000003
332.666
332.588
332.456
332.286
332.10400000000004
331.88200000000006
331.608
331.25399999999996
330.94599999999997
330.628
330.316
329.994
329.63
329.292
328.966
328.64799999999997
328.35
328.11600000000004
327.85599999999994
327.624
327.35200000000003
327.09200000000004
326.86
326.66
326.438
326.21599999999995
326.012
325.882
325.772
325.658
325.56
325.438
325.266
325.09799999999996
324.916
324.77599999999995
324.63800000000003
324.472
324.364
324.256
324.16400000000004
324.13
324.148
324.21000000000004
324.34400000000005
324.496
324.678
324.88
325.14399999999995
325.40399999999994
325.666
325.946
326.276
326.58400000000006
326.874
327.166
327.458
327.742
327.976
328.24
328.44
328.674
328.88599999999997
328.99800000000005
329.106
329.174
329.212
329.242
329.27
329.25
329.23400000000004
329.148
329.01599999999996
328.84999999999997
328.65600000000006
328.454
328.24800000000005
328.052
327.89
327.762
327.63599999999997
327.524
327.376
327.24
327.08400000000006
326.882
326.624
326.362
326.1
325.782
325.44
325.09
324.68600000000004
324.276
323.884
323.45799999999997
323.032
322.61400000000003
322.136
321.634
321.116
320.546
320.008
319.48
318.964
318.44800000000004
317.98
317.582
317.154
316.714
316.21
315.652
315.154
314.61199999999997
314.0
313.362
312.682
311.996
311.29
310.584
309.83799999999997
309.104
308.33000000000004
307.552
306.76800000000003
305.962
305.158
304.31600000000003
303.48
302.608
301.77
300.92199999999997
300.148
299.346
298.506
297.65000000000003
296.796
295.974
295.104
294.23199999999997
293.364
292.51599999999996
291.644
290.716
289.726
288.752
287.794
286.85
285.844
284.834
283.872
282.946
281.976
280.996
280.072
279.13
278.192
277.262
276.36
275.46999999999997
274.58
273.664
272.81600000000003
272.022
271.24399999999997
270.48800000000006
269.76800000000003
269.066
268.414
267.762
267.136
266.586
266.128
265.626
265.124
264.612
264.122
263.63200000000006
263.146
262.67400000000004
262.188
261.67600000000004
261.228
260.728
260.25
259.846
259.436
259.06399999999996
258.712
258.428
258.17199999999997
257.952
257.75
257.568
257.374
257.242
257.16
257.076
257.058
257.114
257.152
257.20599999999996
257.296
257.37399999999997
257.44800000000004
257.518
257.602
257.652
257.74
257.85799999999995
258.006
258.244
258.472
258.694
258.98800000000006
259.298
259.618
259.952
260.26800000000003
260.608
261.012
261.432
261.85
262.24800000000005
262.662
263.082
263.534
264.002
264.456
264.934
265.366
265.80199999999996
266.22
266.632
267.102
267.56399999999996
268.014
268.416
268.81600000000003
269.22
269.616
269.99600000000004
270.368
270.754
271.17600000000004
271.62
272.07000000000005
272.45799999999997
272.876
273.31600000000003
273.73199999999997
274.116
274.50399999999996
274.89799999999997
275.3
275.74
276.172
276.602
277.052
277.488
277.92600000000004
278.36
278.73400000000004
279.1
279.45
279.8
280.11
280.404
280.636
280.90599999999995
281.134
281.334
281.554
281.828
282.142
282.51
282.89
283.28999999999996
283.66999999999996
284.036
284.43800000000005
284.82399999999996
285.144
285.55199999999996
285.904
286.206
286.522
286.836
287.14799999999997
287.416
287.69
287.90200000000004
288.11400000000003
288.316
288.51
288.654
288.724
288.772
288.832
288.836
288.866
288.886
288.92600000000004
288.98400000000004
289.028
289.092
289.132
289.192
289.226
289.24799999999993
289.274
289.28999999999996
289.29
289.284
289.25
289.2
289.124
289.052
289.006
288.926
288.86
288.77600000000007
288.71999999999997
288.64399999999995
288.534
288.402
288.238
288.058
287.922
287.726
287.592
287.448
287.286
287.138
286.914
286.686
286.474
286.30199999999996
286.13599999999997
285.94000000000005
285.708
285.456
285.204
284.942
284.672
284.374
284.02799999999996
283.672
283.30400000000003
282.898
282.49399999999997
282.03999999999996
281.564
281.05199999999996
280.506
279.926
279.35600000000005
278.772
278.172
277.558
276.952
276.34799999999996
275.76800000000003
275.216
274.672
274.13
273.606
273.06399999999996
272.56399999999996
272.068
271.568
271.05
270.482
269.936
269.33
268.67600000000004
268.012
267.324
266.626
265.908
265.162
264.46
263.788
263.092
262.43399999999997
261.814
261.182
260.54200000000003
259.91
259.26599999999996
258.646
258.07
257.52
256.972
256.428
255.942
255.52800000000002
255.10199999999998
254.67199999999997
254.21200000000002
253.76800000000003
253.338
252.864
252.386
251.844
251.31800000000004
250.79999999999998
250.25799999999998
249.68800000000002
249.13600000000002
248.59599999999998
248.014
247.43400000000003
246.85399999999998
246.3
245.73000000000002
245.172
244.60399999999998
244.012
243.452
242.854
242.23600000000002
241.62
241.03199999999998
240.504
239.982
239.47
238.964
238.42199999999997
237.95200000000003
237.432
236.942
236.45600000000002
235.98600000000002
235.582
235.14600000000002
234.724
234.3
233.886
233.512
233.164
232.83400000000003
232.522
232.24400000000003
231.998
231.776
231.60999999999999
231.5
231.43200000000002
231.40800000000002
231.382
231.41000000000003
231.48
231.60000000000002
231.734
231.868
231.99800000000002
232.156
232.326
232.49999999999997
232.68599999999998
232.88400000000001
233.092
233.29399999999998
233.49400000000003
233.65800000000002
233.80399999999997
233.974
234.13
234.246
234.37
234.50400000000002
234.662
234.76600000000002
234.92600000000002
235.08800000000002
235.20799999999997
235.35200000000003
235.49199999999996
235.654
235.82
235.95600000000002
236.09999999999997
236.248
236.376
236.49200000000002
236.61800000000005
236.752
236.85399999999998
236.94799999999998
237.014
237.06799999999998
237.12400000000002
237.178
237.252
237.29399999999998
237.27400000000003
237.262
237.222
237.218
237.22
237.214
237.182
237.16
237.20600000000002
237.202
237.186
237.178
237.19
237.19
237.204
237.23000000000002
237.244
237.27200000000002
237.29199999999997
237.358
237.39600000000002
237.43
237.45399999999998
237.434
237.398
237.36
237.30800000000002
237.28
237.2
237.09000000000003
236.97199999999998
236.79399999999998
236.57399999999998
236.28199999999998
236.0
235.642
235.3
234.88
234.426
233.97200000000004
233.522
233.058
232.57599999999996
232.07799999999997
231.55599999999998
231.01
230.45
229.868
229.24
228.60399999999998
227.93600000000004
227.256
226.536
225.784
224.99999999999997
224.21800000000002
223.388
222.534
221.67000000000002
220.788
219.872
218.96
218.012
217.07000000000002
216.05
215.062
214.058
213.066
212.08
211.11200000000002
210.166
209.19200000000004
208.24599999999998
207.31
206.37
205.40999999999997
204.446
203.5
202.492
201.5
200.52800000000002
199.48
198.458
197.42000000000002
196.35199999999998
195.298
194.268
193.204
192.166
191.12800000000001
190.09199999999998
189.06400000000002
188.052
187.05
186.06600000000003
185.042
183.99600000000004
182.93600000000004
181.84000000000003
180.766
179.706
178.7
177.708
176.70199999999997
175.692
174.66199999999998
173.644
172.642
171.654
170.702
169.77
168.838
167.916
166.952
165.948
164.936
163.93200000000002
162.926
161.90999999999997
160.884
159.878
158.874
157.902
156.924
155.964
155.02800000000002
154.084
153.094
152.134
151.194
150.254
149.37399999999997
148.532
147.75799999999998
147.0
146.284
145.564
144.89000000000001
144.21800000000002
143.55599999999998
142.86200000000002
142.154
141.444
140.722
140.018
139.32399999999998
138.64800000000002
137.988
137.348
136.69599999999997
136.034
135.392
134.75400000000002
134.12
133.502
132.908
132.31799999999998
131.74599999999998
131.158
130.60199999999998
130.092
129.578
129.09199999999998
128.612
128.206
127.792
127.40800000000002
127.014
126.62399999999998
126.226
125.82600000000001
125.408
124.97800000000001
124.52000000000001
124.064
123.636
123.19
122.78000000000002
122.40599999999998
122.01
121.606
121.23
120.82999999999998
120.42999999999999
120.04400000000001
119.632
119.214
118.80599999999998
118.35999999999999
117.908
117.44
116.958
116.472
116.0
115.502
115.036
114.58200000000001
114.138
113.70399999999998
113.268
112.846
112.41
111.982
111.57000000000001
111.162
110.76599999999999
110.36600000000001
109.952
109.54599999999999
109.148
108.72999999999999
108.30000000000001
107.84
107.388
106.94800000000001
106.514
106.072
105.63
105.178
104.722
104.268
103.81599999999999
103.34800000000001
102.89800000000001
102.44
101.97
101.51600000000002
101.06800000000001
100.592
100.126
99.66600000000001
99.21199999999999
98.75200000000001
98.27800000000002
97.78400000000002
97.316
96.82400000000001
96.35
95.888
95.44000000000001
95.018
94.65
94.294
93.97
93.66999999999999
93.41
93.17599999999999
92.962
92.75399999999999
92.562
92.38
92.172
91.96000000000001
91.75599999999999
91.56
91.34
91.14
90.922
90.732
90.53
90.304
90.05199999999999
89.798
89.546
89.282
88.99000000000001
88.664
88.334
88.0
87.664
87.34599999999999
87.062
86.77199999999999
86.504
86.258
85.992
85.706
85.41000000000001
85.098
84.79
84.492
84.20799999999998
83.93
83.676
83.432
83.218
82.998
82.798
82.61
82.4
82.18400000000001
81.96600000000001
81.738
81.518
81.304
81.096
80.88199999999999
80.67399999999999
80.464
80.256
80.058
79.87400000000001
79.688
79.48400000000001
79.266
79.04400000000001
78.834
78.632
78.42399999999999
78.208
78.00400000000002
77.808
77.632
77.478
77.33
77.176
77.03
76.86200000000001
76.71600000000001
76.55199999999999
76.39
76.226
76.07600000000001
75.926
75.784
75.63
75.47200000000001
75.326
75.19200000000001
75.05799999999999
74.904
74.74199999999999
74.592
74.464
74.338
74.19800000000001
74.07
73.94399999999999
73.82400000000001
73.7
73.568
73.396
73.21
72.99
72.744
72.45
72.128
71.76599999999999
71.404
71.05199999999999
70.706
70.364
70.03399999999999
69.712
69.412
69.138
68.876
68.654
68.42999999999999
68.226
68.02799999999999
67.85
67.69
67.518
67.344
67.188
67.04599999999999
66.914
66.774
66.646
66.49
66.312
66.138
65.964
65.766
65.574
65.388
65.19
64.992
64.788
64.584
64.39399999999999
64.194
63.984
63.76000000000001
63.532
63.309999999999995
63.102000000000004
62.922000000000004
62.766
62.636
62.513999999999996
62.407999999999994
62.31399999999999
62.233999999999995
62.166
62.086
61.976
61.864
61.726
61.587999999999994
61.43600000000001
61.27
61.10000000000001
60.940000000000005
60.77799999999999
60.611999999999995
60.43600000000001
60.25
60.05200000000001
59.837999999999994
59.608000000000004
59.38
59.134
58.89999999999999
58.67
58.42999999999999
58.196
57.946
57.69199999999999
57.434
57.176
56.926
56.69399999999999
56.456
56.23
56.008
55.788
55.592
55.42
55.26599999999999
55.116
54.96600000000001
54.81
54.657999999999994
54.507999999999996
54.344
54.172
53.97200000000001
53.76599999999999
53.55199999999999
53.336000000000006
53.128
52.93000000000001
52.732
52.536
52.332
52.145999999999994
51.95
51.74400000000001
51.542
51.344
51.15
50.937999999999995
50.717999999999996
50.486000000000004
50.24
49.970000000000006
49.681999999999995
49.372
49.056000000000004
48.734
48.38399999999999
48.042
47.692
47.326
46.958
46.576
46.2
45.83
45.484
45.178
44.866
44.55199999999999
44.25
43.96000000000001
43.672
43.38400000000001
43.099999999999994
42.818
42.538000000000004
42.258
41.986
41.726
41.474
41.236
40.983999999999995
40.704
40.412000000000006
40.123999999999995
39.82
39.494
39.153999999999996
38.785999999999994
38.392
37.98
37.574
37.178
36.79
36.410000000000004
36.022
35.622
35.238
34.872
34.507999999999996
34.158
33.808
33.47
33.142
32.82599999999999
32.532
32.258
32.0
31.768
31.525999999999996
31.275999999999996
31.04
30.822
30.61
30.408
30.2
29.991999999999997
29.772
29.534
29.305999999999997
29.08
28.848000000000006
28.618000000000002
28.369999999999997
28.102
27.838
27.573999999999998
27.316
27.061999999999998
26.802000000000003
26.538000000000004
26.284000000000002
26.038
25.81
25.596
25.392000000000003
25.198
24.997999999999998
24.802
24.621999999999996
24.454
24.29
24.122
23.941999999999997
23.746000000000002
23.541999999999998
23.344
23.127999999999997
22.916000000000004
22.701999999999998
22.485999999999997
22.261999999999997
22.052
21.85
21.668000000000003
21.497999999999998
21.340000000000003
21.189999999999998
21.041999999999994
20.905999999999995
20.778
20.652
20.524
20.398
20.272
20.132
19.97
19.822000000000003
19.678
19.546000000000003
19.414
19.279999999999998
19.142000000000003
19.006
18.878
18.75
18.619999999999997
18.490000000000002
18.357999999999997
18.204
18.02
17.85
17.682
17.517999999999997
17.358000000000004
17.194000000000003
17.036
16.884
16.74
16.602
16.464
16.332
16.204
16.062
15.913999999999998
15.755999999999998
15.596000000000002
15.432
15.264
15.086
14.908
14.738
14.568000000000001
14.398
14.222000000000001
14.043999999999999
13.872
13.687999999999999
13.5
13.328
13.17
13.024
12.879999999999999
12.748000000000001
12.63
12.530000000000001
12.446
12.367999999999999
12.292
12.222000000000001
12.15
12.07
11.982
11.892
11.804
11.708
11.602
11.486
11.36
11.235999999999999
11.116
10.988
10.856
10.72
10.586
10.434
10.286000000000001
10.146
10.004
9.862000000000002
9.724
9.59
9.457999999999998
9.342
9.250000000000002
9.158
9.068
8.988000000000001
8.914
8.830000000000002
8.744
8.666
8.578
8.49
8.394
8.29
8.174
8.064
7.961999999999999
7.859999999999999
7.76
7.652
7.548
7.434000000000001
7.3180000000000005
7.212000000000001
7.111999999999999
7.014
6.918
6.812
6.702
6.604
6.522
6.442
6.362000000000001
6.272
6.172000000000001
6.072
5.9639999999999995
5.880000000000001
5.814
5.748
5.683999999999999
5.611999999999999
5.532
5.462000000000001
5.396
5.328
5.2620000000000005
5.194
5.126
5.055999999999999
4.989999999999999
4.942
4.906
4.884
4.87
4.854
4.84
4.834
4.827999999999999
4.811999999999999
4.79
4.764
4.74
4.718
4.694
4.676
4.654
4.6339999999999995
4.612
4.586
4.558
4.534000000000001
4.504
4.466
4.422
4.368
4.313999999999999
4.26
4.204000000000001
4.152
4.102
4.0600000000000005
4.026
3.9880000000000004
3.9579999999999997
3.938
3.9200000000000004
3.902
3.88
3.864
3.8480000000000008
3.8320000000000003
3.8120000000000003
3.8040000000000003
3.7959999999999994
3.7920000000000003
3.79
3.7779999999999996
3.76
3.742
3.726
3.7060000000000004
3.6800000000000006
3.6559999999999997
3.63
3.604
3.5760000000000005
3.552
3.5260000000000002
3.5000000000000004
3.478
3.45
3.422
3.3979999999999997
3.3759999999999994
3.3440000000000003
3.305999999999999
3.2640000000000002
3.22
3.184
3.144
3.1159999999999997
3.09
3.0700000000000003
3.05
3.02
2.9939999999999998
2.976
2.962
2.948
2.9320000000000004
2.914
2.8940000000000006
2.8840000000000003
2.882
2.8800000000000003
2.884
2.886
2.886
2.874
2.858
2.842
2.826
2.8040000000000003
2.7820000000000005
2.758
2.736
2.724
2.714
2.71
2.7039999999999997
2.696
2.6860000000000004
2.67
2.6519999999999997
2.632
2.612
2.5900000000000003
2.5660000000000003
2.554
2.5500000000000003
2.552
2.5520000000000005
2.55
2.5480000000000005
2.546
2.5440000000000005
2.536
2.5260000000000002
2.516
2.5060000000000002
2.49
2.474
2.464
2.4539999999999997
2.4539999999999997
2.4539999999999997
2.45
2.4459999999999997
2.44
2.436
2.4219999999999997
2.404
2.3880000000000003
2.374
2.358
2.3400000000000003
2.322
2.306
2.292
2.28
2.268
2.254
2.242
2.23
2.212
2.1919999999999997
2.178
2.166
2.1519999999999997
2.14
2.132
2.124
2.12
2.118
2.112
2.108
2.102
2.096
2.09
2.08
2.074
2.068
2.0540000000000003
2.044
2.042
2.04
2.042
2.0460000000000003
2.046
2.048
2.044
2.038
2.0239999999999996
2.0100000000000002
2.002
1.9900000000000002
1.9779999999999998
1.9660000000000002
1.96
1.9540000000000002
1.952
1.952
1.952
1.948
1.9420000000000002
1.932
1.9180000000000001
1.904
1.8979999999999997
1.8940000000000001
1.9
1.906
1.9180000000000001
1.93
1.944
1.9520000000000002
1.958
1.9640000000000002
1.9640000000000002
1.9660000000000002
1.9640000000000002
1.964
1.9659999999999997
1.9720000000000002
1.982
1.9900000000000002
1.9920000000000002
1.996
1.9960000000000002
1.9960000000000002
1.9940000000000002
1.9900000000000002
1.988
1.984
1.9780000000000002
1.9700000000000002
1.964
1.9580000000000002
1.9500000000000002
1.942
1.9300000000000002
1.9220000000000002
1.9100000000000001
1.896
1.884
1.8719999999999999
1.862
1.85
1.842
1.8319999999999999
1.8279999999999998
1.8239999999999998
1.826
1.826
1.826
1.8279999999999998
1.8319999999999999
1.834
1.83
1.8319999999999999
1.8359999999999999
1.8439999999999999
1.854
1.8619999999999999
1.8679999999999999
1.874
1.8860000000000001
1.9020000000000001
1.9220000000000002
1.9380000000000002
1.9480000000000002
1.9580000000000002
1.9640000000000002
1.968
1.98
1.99
2.0
2.01
2.01
2.01
2.0140000000000002
2.018
2.0300000000000002
2.038
2.04
2.04
2.038
2.036
2.034
2.03
2.032
2.034
2.0300000000000002
2.0220000000000002
2.018
2.0140000000000002
2.0140000000000002
2.016
2.012
2.008
1.998
1.988
1.9739999999999998
1.96
1.9460000000000002
1.9320000000000002
1.9220000000000002
1.9100000000000001
1.9020000000000001
1.894
1.88
1.866
1.848
1.83
1.814
1.802
1.788
1.774
1.76
1.744
1.724
1.704
1.686
1.664
1.642
1.6199999999999999
1.6059999999999999
1.5939999999999999
1.5859999999999999
1.5739999999999998
1.56
1.5459999999999998
1.532
1.5179999999999998
1.5059999999999998
1.498
1.4939999999999998
1.4899999999999998
1.488
1.488
1.4899999999999998
1.4900000000000002
1.4940000000000002
1.5
1.5
1.5
1.5
1.5
1.5
1.502
1.5059999999999998
1.5099999999999998
1.5099999999999998
1.5099999999999998
1.5059999999999998
1.502
1.5
1.496
1.496
1.492
1.488
1.48
1.4700000000000002
1.46
1.452
1.444
1.434
1.42
1.4040000000000001
1.3880000000000001
1.372
1.358
1.3479999999999999
1.338
1.3239999999999998
1.31
1.29
1.272
1.264
1.256
1.246
1.238
1.228
1.218
1.21
1.202
1.194
1.186
1.178
1.172
1.162
1.152
1.15
1.152
1.162
1.176
1.186
1.196
1.21
1.226
1.25
1.272
1.2959999999999998
1.3199999999999998
1.3399999999999999
1.3599999999999999
1.378
1.396
1.41
1.424
1.438
1.452
1.474
1.4959999999999998
1.5139999999999998
1.534
1.556
1.578
1.6
1.6239999999999999
1.648
1.668
1.68
1.69
1.698
1.708
1.718
1.726
1.73
1.7339999999999998
1.738
1.742
1.744
1.746
1.75
1.752
1.756
1.76
1.76
1.758
1.758
1.756
1.756
1.754
1.7560000000000002
1.758
1.76
1.762
1.76
1.758
1.754
1.7520000000000002
1.75
1.746
1.748
1.75
1.75
1.754
1.7599999999999998
1.7639999999999998
1.7659999999999998
1.768
1.77
1.774
1.778
1.7859999999999998
1.782
1.7779999999999998
1.772
1.7700000000000002
1.772
1.772
1.7720000000000002
1.772
1.772
1.7739999999999998
1.78
1.7859999999999998
1.792
1.7979999999999998
1.798
1.7979999999999998
1.798
1.7979999999999998
1.8000000000000003
1.8019999999999998
1.8079999999999998
1.8119999999999998
1.814
1.814
1.814
1.814
1.814
1.8119999999999998
1.8000000000000003
1.786
1.7760000000000002
1.766
1.756
1.7440000000000002
1.7319999999999998
1.722
1.7119999999999997
1.7039999999999997
1.6959999999999997
1.6879999999999997
1.682
1.6799999999999997
1.676
1.67
1.668
1.666
1.656
1.644
1.638
1.6299999999999997
1.6219999999999999
1.6159999999999999
1.6019999999999999
1.5859999999999999
1.58
1.5759999999999998
1.5779999999999998
1.5839999999999999
1.592
1.5979999999999999
1.6059999999999999
1.616
1.63
1.6440000000000001
1.6600000000000001
1.6760000000000002
1.684
1.692
1.696
1.7
1.7
1.7000000000000002
1.702
1.7040000000000002
1.702
1.7000000000000002
1.696
1.6920000000000002
1.69
1.6880000000000002
1.682
1.6760000000000002
1.674
1.67
1.666
1.6600000000000001
1.6560000000000001
1.6520000000000001
1.6440000000000001
1.6360000000000001
1.63
1.6219999999999999
1.612
1.6019999999999999
1.5899999999999999
1.58
1.572
1.5619999999999998
1.5500000000000003
1.532
1.5259999999999998
1.5219999999999998
1.52
1.516
1.512
1.508
1.504
1.5
1.49
1.478
1.4680000000000002
1.4560000000000002
1.4440000000000002
1.4320000000000002
1.4260000000000002
1.4180000000000001
1.4120000000000001
1.4060000000000001
1.4000000000000001
1.394
1.3840000000000001
1.3739999999999999
1.3639999999999999
1.354
1.346
1.3399999999999999
1.3359999999999999
1.3319999999999999
1.33
1.328
1.3239999999999998
1.318
1.308
1.3
1.29
1.28
1.264
1.246
1.232
1.218
1.202
1.186
1.172
1.1580000000000001
1.1400000000000001
1.1239999999999999
1.1119999999999999
1.0999999999999999
1.0879999999999999
1.0759999999999998
1.0639999999999998
1.05
1.044
1.038
1.026
1.014
1.004
0.992
0.978
0.964
0.946
0.9279999999999999
0.91
0.892
0.868
0.844
0.828
0.814
0.8039999999999999
0.794
0.786
0.778
0.768
0.76
0.754
0.748
0.742
0.736
0.728
0.722
0.718
0.714
0.71
0.706
0.706
0.706
0.704
0.704
0.704
0.704
0.7040000000000001
0.7040000000000001
0.7020000000000001
0.7000000000000001
0.6980000000000001
0.6940000000000001
0.6900000000000001
0.686
0.686
0.6880000000000001
0.6880000000000001
0.686
0.682
0.676
0.67
0.664
0.656
0.648
0.646
0.644
0.6420000000000001
0.6419999999999999
0.6419999999999999
0.6419999999999999
0.6459999999999999
0.6499999999999999
0.648
0.646
0.644
0.642
0.64
0.64
0.642
0.646
0.65
0.652
0.652
0.652
0.652
0.65
0.646
0.642
0.638
0.6320000000000001
0.6240000000000001
0.6140000000000001
0.6100000000000001
0.6060000000000001
0.6020000000000001
0.5980000000000001
0.5940000000000001
0.5860000000000001
0.5780000000000001
0.5700000000000001
0.562
0.552
0.54
0.528
0.516
0.506
0.49600000000000005
0.48600000000000004
0.4760000000000001
0.4660000000000001
0.4600000000000001
0.45400000000000007
0.44800000000000006
0.44200000000000006
0.43800000000000006
0.43400000000000005
0.43200000000000005
0.42800000000000005
0.42600000000000005
0.42400000000000004
0.42600000000000005
0.42800000000000005
0.43200000000000005
0.43400000000000005
0.43200000000000005
0.43000000000000005
0.42800000000000005
0.42600000000000005
0.42600000000000005
0.4240000000000001
0.4220000000000001
0.4200000000000001
0.4160000000000001
0.4120000000000001
0.4100000000000001
0.4060000000000001
0.4020000000000001
0.3980000000000001
0.3940000000000001
0.39000000000000007
0.386
0.382
0.378
0.372
0.368
0.364
0.356
0.348
0.34199999999999997
0.33599999999999997
0.33199999999999996
0.328
0.324
0.322
0.32
0.318
0.316
0.314
0.312
0.31
0.306
0.302
0.3
0.3
0.3
0.302
0.306
0.31
0.314
0.32
0.322
0.324
0.324
0.326
0.326
0.326
0.326
0.324
0.32200000000000006
0.31800000000000006
0.31400000000000006
0.31
0.306
0.302
0.298
0.294
0.29000000000000004
0.28600000000000003
0.28400000000000003
0.28200000000000003
0.28200000000000003
0.28200000000000003
0.28200000000000003
0.28200000000000003
0.28200000000000003
0.28200000000000003
0.28400000000000003
0.28600000000000003
0.28800000000000003
0.29000000000000004
0.29200000000000004
0.29600000000000004
0.30000000000000004
0.30400000000000005
0.30800000000000005
0.312
0.316
0.32
0.326
0.332
0.336
0.342
0.34600000000000003
0.35200000000000004
0.358
0.364
0.366
0.368
0.368
0.368
0.364
0.36
0.354
0.348
0.34600000000000003
0.34400000000000003
0.342
0.34
0.338
0.336
0.334
0.334
0.33799999999999997
0.34199999999999997
0.34199999999999997
0.34199999999999997
0.34199999999999997
0.34199999999999997
0.33999999999999997
0.33799999999999997
0.33399999999999996
0.32999999999999996
0.32999999999999996
0.32999999999999996
0.32999999999999996
0.32999999999999996
0.33399999999999996
0.34199999999999997
0.344
0.346
0.348
0.35
0.35
0.348
0.346
0.344
0.344
0.344
0.344
0.344
0.346
0.35
0.354
0.356
0.358
0.358
0.356
0.352
0.346
0.33799999999999997
0.33
0.322
0.32
0.316
0.314
0.312
0.312
0.312
0.312
0.312
0.312
0.312
0.31
0.308
0.306
0.304
0.302
0.3
0.298
0.3
0.3
0.3
0.3
0.3
0.30000000000000004
0.30000000000000004
0.29600000000000004
0.29400000000000004
0.29200000000000004
0.29000000000000004
0.28800000000000003
0.28400000000000003
0.28200000000000003
0.28
0.278
0.274
0.27
0.266
0.262
0.258
0.256
0.254
0.254
0.252
0.25
0.25
0.254
0.26
0.264
0.26799999999999996
0.27199999999999996
0.27599999999999997
0.282
0.288
0.29200000000000004
0.29600000000000004
0.30000000000000004
0.30400000000000005
0.30800000000000005
0.31400000000000006
0.324
0.33199999999999996
0.33799999999999997
0.344
0.352
0.36
0.368
0.378
0.39
0.40199999999999997
0.414
0.428
0.436
0.444
0.452
0.46
0.466
0.468
0.466
0.464
0.464
0.464
0.466
0.47000000000000003
0.47400000000000003
0.48
0.484
0.488
0.492
0.496
0.5
0.502
0.498
0.494
0.49
0.486
0.48400000000000004
0.48200000000000004
0.48200000000000004
0.48200000000000004
0.48200000000000004
0.48200000000000004
0.48200000000000004
0.48200000000000004
0.48200000000000004
0.48200000000000004
0.48000000000000004
0.47800000000000004
0.47600000000000003
0.47400000000000003
0.47200000000000003
0.47000000000000003
0.47000000000000003
0.47000000000000003
0.47000000000000003
0.47000000000000003
0.47000000000000003
0.47000000000000003
0.47000000000000003
0.466
0.464
0.462
0.462
0.462
0.462
0.464
0.466
0.466
0.466
0.466
0.466
0.466
0.466
0.468
0.468
0.468
0.468
0.47
0.47
0.47
0.47
0.46799999999999997
0.4640000000000001
0.4600000000000001
0.45600000000000007
0.45000000000000007
0.44400000000000006
0.43600000000000005
0.42800000000000005
0.42000000000000004
0.41600000000000004
0.41200000000000003
0.406
0.4
0.394
0.388
0.382
0.376
0.37
0.362
0.352
0.34199999999999997
0.33399999999999996
0.32599999999999996
0.318
0.31000000000000005
0.302
0.29200000000000004
0.28
0.268
0.256
0.242
0.22999999999999998
0.21799999999999997
0.20599999999999996
0.19399999999999998
0.182
0.17
0.168
0.166
0.162
0.158
0.154
0.14800000000000002
0.14200000000000002
0.134
0.128
0.12200000000000001
0.116
0.11
0.10400000000000001
0.098
0.098
0.098
0.098
0.098
0.096
0.094
0.092
0.09
0.088
0.086
0.084
0.082
0.08
0.078
0.078
0.078
0.078
0.078
0.078
0.078
0.078
0.078
0.078
0.08
0.08
0.08
0.08
0.08
0.08
0.08
0.078
0.07600000000000001
0.07400000000000001
0.07
0.068
0.066
0.064
0.062
0.060000000000000005
0.058
0.056
0.054
0.054
0.054
0.056
0.05600000000000001
0.054000000000000006
0.052000000000000005
0.05
0.048
0.048
0.047999999999999994
0.04599999999999999
0.044
0.041999999999999996
0.039999999999999994
0.039999999999999994
0.039999999999999994
0.039999999999999994
0.039999999999999994
0.039999999999999994
0.039999999999999994
0.039999999999999994
0.039999999999999994
0.039999999999999994
0.039999999999999994
0.039999999999999994
0.039999999999999994
0.039999999999999994
0.039999999999999994
0.039999999999999994
0.04
0.039999999999999994
0.039999999999999994
0.03799999999999999
0.036
0.036
0.036
0.036
0.036
0.036
0.036
0.036
0.036
0.036
0.036
0.036
0.036
0.036
0.036
0.036
0.036
0.036
0.036
0.036
0.036
0.036
0.036
0.036
0.036
0.036
0.036
0.036
0.036
0.036
0.036
0.036
0.036
0.036
0.036
0.036
0.036
0.036
0.036
0.038
0.039999999999999994
0.041999999999999996
0.044
0.046
0.048
0.05
0.052
0.05399999999999999
0.054000000000000006
0.056
0.058
0.060000000000000005
0.062000000000000006
0.066
0.07
0.07400000000000001
0.07800000000000001
0.082
0.08600000000000001
0.09
0.094
0.098
0.10200000000000001
0.10600000000000001
0.11000000000000001
0.11599999999999999
0.12000000000000002
0.124
0.128
0.13
0.132
0.136
0.14
0.144
0.15
0.156
0.16199999999999998
0.16799999999999998
0.174
0.174
0.174
0.176
0.178
0.18
0.182
0.184
0.186
0.188
0.19
0.192
0.196
0.198
0.2
0.2
0.2
0.198
0.196
0.194
0.192
0.192
0.192
0.192
0.192
0.192
0.192
0.192
0.192
0.192
0.192
0.192
0.192
0.192
0.192
0.192
0.192
0.192
0.192
0.192
0.192
0.192
0.192
0.192
0.192
0.192
0.192
0.192
0.192
0.192
0.192
0.192
0.192
0.192
0.192
0.192
0.192
0.192
0.192
0.192
0.192
0.19
0.188
0.186
0.184
0.182
0.18
0.178
0.176
0.174
0.172
0.16999999999999998
0.16799999999999998
0.16599999999999998
0.164
0.16
0.158
0.156
0.154
0.152
0.15000000000000002
0.14800000000000002
0.14600000000000002
0.14400000000000002
0.14200000000000002
0.14
0.138
0.132
0.126
0.12
0.114
0.10800000000000001
0.10200000000000001
0.096
0.09000000000000001
0.084
0.076
0.068
0.060000000000000005
0.054
0.048
0.048
0.048
0.046
0.044
0.042
0.04
0.038
0.036
0.034
0.032
0.03
0.026
0.024
0.022
0.022
0.022
0.022
0.022
0.022
0.022
0.022
0.022
0.022
0.024
0.026
0.027999999999999997
0.027999999999999997
0.027999999999999997
0.027999999999999997
0.027999999999999997
0.027999999999999997
0.027999999999999997
0.027999999999999997
0.027999999999999997
0.027999999999999997
0.027999999999999997
0.027999999999999997
0.027999999999999997
0.027999999999999997
0.027999999999999997
0.027999999999999997
0.027999999999999997
0.027999999999999997
0.027999999999999997
0.027999999999999997
0.027999999999999997
0.027999999999999997
0.027999999999999997
0.027999999999999997
0.027999999999999997
0.027999999999999997
0.027999999999999997
0.027999999999999997
0.027999999999999997
0.027999999999999997
0.027999999999999997
0.027999999999999997
0.027999999999999997
0.027999999999999997
0.027999999999999997
0.027999999999999997
0.027999999999999997
0.027999999999999997
0.027999999999999997
0.027999999999999997
0.027999999999999997
0.027999999999999997
0.027999999999999997
0.027999999999999997
0.027999999999999997
0.027999999999999997
0.027999999999999997
0.027999999999999997
0.027999999999999997
0.027999999999999997
0.026000000000000002
0.024
0.022
0.020000000000000004
0.018000000000000002
0.016
0.014
0.012
0.01
0.008
0.006
0.006
0.006
0.006
0.006
0.006
0.006
0.006
0.006
0.006
0.006
0.006
0.006
0.006
0.006
0.006
0.006
0.006
0.006
0.006
0.006
0.006
0.006
0.006
0.006
0.006
0.006
0.006
0.006
0.006
0.006
0.006
0.006
0.006
0.006
0.006
0.006
0.006
0.004
0.002
0.0
0.002
0.004
0.006
0.008
0.01
0.012
0.014000000000000002
0.016
0.018
0.02
0.02
0.02
0.02
0.02
0.02
0.02
0.02
0.02
0.02
0.02
0.02
0.02
0.022
0.024
0.026000000000000002
0.028
0.03
0.032
0.034
0.036000000000000004
0.036000000000000004
0.036000000000000004
0.036000000000000004
0.036000000000000004
0.036000000000000004
0.036000000000000004
0.036000000000000004
0.038
0.038
0.038
0.038
0.038
0.038
0.038
0.038
0.038
0.038
0.038
0.038
0.038
0.038
0.038
0.038
0.038
0.038
0.038
0.038
0.038
0.038
0.038
0.038
0.038
0.038
0.038
0.038
0.038
0.04
0.041999999999999996
0.044
0.046
0.048
0.05
0.052000000000000005
0.054
0.056
0.058
0.058
0.058
0.058
0.058
0.058
0.058
0.058
0.058
0.058
0.058
0.058
0.058
0.058
0.058
0.058
0.06
0.064
0.068
0.07200000000000001
0.07600000000000001
0.078
0.08
0.082
0.08399999999999999
0.082
0.08
0.078
0.076
0.074
0.072
0.07
0.068
0.066
0.064
0.064
0.064
0.064
0.064
0.064
0.064
0.064
0.064
0.064
0.064
0.064
0.064
0.064
0.064
0.062000000000000006
0.060000000000000005
0.058
0.05600000000000001
0.054000000000000006
0.052000000000000005
0.052000000000000005
0.052000000000000005
0.052000000000000005
0.054000000000000006
0.05600000000000001
0.058
0.060000000000000005
0.060000000000000005
0.062
0.064
0.064
0.064
0.064
0.064
0.064
0.064
0.064
0.064
0.064
0.064
0.064
0.064
0.064
0.064
0.064
0.064
0.064
0.064
0.064
0.064
0.064
0.064
0.064
0.064
0.064
0.064
0.062
0.06
0.057999999999999996
0.05600000000000001
0.054000000000000006
0.052000000000000005
0.05
0.048
0.046
0.044000000000000004
0.044000000000000004
0.044000000000000004
0.044000000000000004
0.044000000000000004
0.044000000000000004
0.046
0.046
0.046
0.046
0.046
0.046
0.046
0.048
0.05
0.052000000000000005
0.052000000000000005
0.05
0.048
0.046
0.044
0.044
0.044
0.044
0.044
0.044
0.044
0.044
0.044
0.044
0.044
0.044
0.044
0.044
0.044
0.044
0.044
0.044
0.044
0.044
0.044
0.044
0.044
0.044
0.044
0.044
0.044
0.042
0.04000000000000001
0.04000000000000001
0.04000000000000001
0.04000000000000001
0.04000000000000001
0.04000000000000001
0.04000000000000001
0.04000000000000001
0.04000000000000001
0.04000000000000001
0.038000000000000006
0.036000000000000004
0.034
0.032
0.030000000000000002
0.028000000000000004
0.026000000000000002
0.026000000000000002
0.026000000000000002
0.026000000000000002
0.026000000000000002
0.026000000000000002
0.026000000000000002
0.026000000000000002
0.026000000000000002
0.026000000000000002
0.026000000000000002
0.026000000000000002
0.026000000000000002
0.026000000000000002
0.026000000000000002
0.026000000000000002
0.026000000000000002
0.026000000000000002
0.026000000000000002
0.026000000000000002
0.026000000000000002
0.026000000000000002
0.026000000000000002
0.026000000000000002
0.026000000000000002
0.026000000000000002
0.026000000000000002
0.026000000000000002
0.026000000000000002
0.026000000000000002
0.026000000000000002
0.026000000000000002
0.026000000000000002
0.026000000000000002
0.026000000000000002
0.026000000000000002
0.026000000000000002
0.026000000000000002
0.026000000000000002
0.026000000000000002
0.026000000000000002
0.026000000000000002
0.024
0.024
0.024
0.024
0.024
0.024
0.024
0.022
0.02
0.018
0.016
0.014000000000000002
0.012
0.01
0.008
0.006
0.004
0.002
0.0
0.0
0.0
0.0
0.0
0.0
0.0
0.0
0.0
0.0
0.0
0.0
0.0
0.0
0.0
0.0
0.0
0.0
0.0
0.0
0.0
0.0
0.002
0.002
0.002
0.002
0.002
0.002
0.002
0.002
0.002
0.002
0.002
0.002
0.002
0.002
0.002
0.002
0.002
0.002
0.002
0.002
0.002
0.002
0.002
0.002
0.002
0.002
0.002
0.002
0.002
0.002
0.002
0.002
0.002
0.002
0.002
0.002
0.002
0.002
0.002
0.002
0.002
0.002
0.002
0.002
0.002
0.002
0.002
0.002
0.002
0.002
0.002
0.002
0.002
0.002
0.002
0.002
0.002
0.002
0.002
0.002
0.002
0.002
0.002
0.002
0.002
0.002
0.002
0.002
0.002
0.002
0.002
0.002
0.002
0.002
0.002
0.002
0.002
0.002
0.002
0.002
0.002
0.002
0.002
0.002
0.002
0.002
0.002
0.002
0.002
0.002
0.002
0.002
0.002
0.002
0.002
0.002
0.002
0.002
0.002
0.002
0.0
0.0
0.0
0.0
0.0
0.0
0.0
0.0
0.0
0.0
0.0
0.0
0.0
0.0
0.0
0.0
0.0
0.0
0.0
0.0
0.0
0.0
0.0
0.0
0.0
0.0
0.0
0.0
0.0
0.0
0.0
0.0
0.0
0.002
0.004
0.006
0.008
0.01
0.012
0.014000000000000002
0.016
0.016
0.018000000000000002
0.02
0.022
0.024
0.026000000000000002
0.026000000000000002
0.026000000000000002
0.026000000000000002
0.026000000000000002
0.026000000000000002
0.026000000000000002
0.026000000000000002
0.026000000000000002
0.026000000000000002
0.026000000000000002
0.026000000000000002
0.026000000000000002
0.026000000000000002
0.026000000000000002
0.026000000000000002
0.026000000000000002
0.026000000000000002
0.026000000000000002
0.026000000000000002
0.026000000000000002
0.026000000000000002
0.026000000000000002
0.026000000000000002
0.026000000000000002
0.026000000000000002
0.026000000000000002
0.026000000000000002
0.026000000000000002
0.026000000000000002
0.026000000000000002
0.026000000000000002
0.026000000000000002
0.026000000000000002
0.026000000000000002
0.026000000000000002
0.026000000000000002
0.026000000000000002
0.026000000000000002
0.026000000000000002
0.026000000000000002
0.026000000000000002
0.026000000000000002
0.026000000000000002
0.026000000000000002
0.026000000000000002
0.026000000000000002
0.026000000000000002
0.026000000000000002
0.026000000000000002
0.026000000000000002
0.026000000000000002
0.026000000000000002
0.026000000000000002
