0.076
0.078
0.08199999999999999
0.086
0.091
0.094
0.098
0.10200000000000001
0.107
0.113
0.11900000000000001
0.12500000000000003
0.131
0.137
0.14400000000000002
0.14800000000000002
0.15300000000000002
0.15900000000000003
0.16500000000000004
0.17200000000000004
0.18000000000000002
0.18900000000000003
0.19800000000000004
0.20800000000000005
0.22000000000000003
0.23200000000000004
0.244
0.256
0.269
0.28200000000000003
0.2960000000000001
0.31000000000000005
0.32400000000000007
0.338
0.35300000000000004
0.36599999999999994
0.37899999999999995
0.39299999999999996
0.408
0.425
0.442
0.45799999999999996
0.475
0.49
0.505
0.516
0.527
0.537
0.547
0.557
0.5670000000000001
0.5810000000000001
0.5970000000000001
0.6170000000000001
0.6380000000000001
0.661
0.686
0.71
0.732
0.754
0.776
0.796
0.8180000000000001
0.8409999999999999
0.8659999999999999
0.895
0.9239999999999999
0.9530000000000001
0.9830000000000001
1.01
1.036
1.056
1.076
1.0959999999999999
1.117
1.136
1.157
1.18
1.205
1.2289999999999999
1.2540000000000002
1.2810000000000001
1.309
1.332
1.355
1.379
1.404
1.4240000000000002
1.444
1.4660000000000002
1.49
1.514
1.541
1.5699999999999998
1.6019999999999999
1.6350000000000002
1.668
1.6960000000000002
1.725
1.751
1.7790000000000001
1.8010000000000002
1.82
1.8409999999999997
1.862
1.8830000000000002
1.907
1.932
1.958
1.984
2.0100000000000002
2.032
2.0540000000000003
2.066
2.076
2.087
2.097
2.1060000000000003
2.115
2.125
2.134
2.1430000000000002
2.155
2.1670000000000003
2.178
2.189
2.1999999999999997
2.21
2.219
2.224
2.229
2.239
2.25
2.263
2.2800000000000002
2.296
2.314
2.333
2.352
2.365
2.378
2.388
2.398
2.407
2.417
2.4330000000000003
2.449
2.466
2.486
2.5020000000000002
2.5210000000000004
2.54
2.559
2.5770000000000004
2.598
2.6120000000000005
2.6220000000000003
2.63
2.643
2.6590000000000003
2.6779999999999995
2.7
2.7239999999999998
2.741
2.754
2.759
2.764
2.7689999999999997
2.776
2.7849999999999997
2.796
2.81
2.8219999999999996
2.838
2.8569999999999998
2.878
2.8990000000000005
2.914
2.9219999999999997
2.9259999999999997
2.9290000000000003
2.929
2.93
2.9389999999999996
2.9530000000000003
2.97
2.9859999999999998
3.011
3.038
3.065
3.091
3.1090000000000004
3.123
3.137
3.1500000000000004
3.16
3.1710000000000003
3.187
3.2030000000000003
3.222
3.2399999999999998
3.2670000000000003
3.295
3.318
3.345
3.365
3.378
3.388000000000001
3.399
3.4050000000000007
3.417
3.433
3.453
3.4840000000000004
3.5170000000000003
3.559
3.602
3.6469999999999994
3.6950000000000007
3.735
3.7720000000000002
3.806
3.838
3.87
3.904
3.9370000000000003
3.9720000000000004
4.011
4.053
4.101999999999999
4.152
4.199
4.246999999999999
4.283999999999999
4.312
4.3389999999999995
4.365
4.383
4.402
4.422
4.441999999999999
4.469
4.497
4.526000000000001
4.554
4.581999999999999
4.614999999999999
4.639
4.659
4.682
4.703
4.72
4.735000000000001
4.748
4.758
4.776999999999999
4.800000000000001
4.821
4.836
4.848000000000001
4.8580000000000005
4.864000000000001
4.871
4.888
4.91
4.941
4.9719999999999995
5.0040000000000004
5.031999999999999
5.064
5.102
5.138
5.172000000000001
5.207999999999999
5.245
5.276
5.307
5.344000000000001
5.391
5.442000000000001
5.493
5.547000000000001
5.598
5.6499999999999995
5.7
5.734
5.764
5.7860000000000005
5.805000000000001
5.816
5.825
5.843999999999999
5.865
5.885
5.901000000000001
5.919
5.939000000000002
5.957999999999999
5.981000000000001
5.995999999999999
6.007000000000001
6.018
6.03
6.043999999999999
6.054000000000001
6.079999999999999
6.113999999999999
6.153
6.191999999999999
6.2330000000000005
6.270999999999999
6.302
6.332000000000001
6.357000000000001
6.383000000000001
6.398000000000001
6.414
6.424
6.431000000000001
6.452999999999999
6.4799999999999995
6.5169999999999995
6.56
6.603999999999999
6.6530000000000005
6.704000000000001
6.752
6.783
6.808000000000001
6.8260000000000005
6.843
6.848999999999999
6.849000000000001
6.857000000000001
6.8709999999999996
6.893
6.916
6.950000000000001
6.988999999999999
7.036999999999999
7.09
7.124
7.146
7.167
7.188000000000001
7.2
7.2059999999999995
7.223999999999999
7.247999999999999
7.278
7.3100000000000005
7.344
7.378999999999999
7.417
7.458
7.491
7.525
7.564
7.609000000000001
7.651000000000001
7.693
7.744
7.797000000000001
7.849000000000001
7.903
7.953
8.006
8.056
8.104
8.136
8.161999999999999
8.191
8.222000000000001
8.24
8.254999999999999
8.277999999999999
8.304000000000002
8.336
8.369
8.396
8.422999999999998
8.44
8.456999999999999
8.467
8.47
8.486
8.51
8.531
8.552000000000001
8.581000000000001
8.615
8.652
8.693999999999999
8.731
8.767
8.808
8.847
8.886000000000001
8.919000000000002
8.958
9.002
9.045
9.093
9.155
9.219000000000001
9.277999999999999
9.344
9.402999999999999
9.465000000000002
9.527000000000003
9.589
9.644
9.686
9.73
9.777000000000001
9.829999999999998
9.881
9.943
10.009
10.068999999999999
10.136
10.189
10.234
10.268999999999998
10.291999999999998
10.303
10.307999999999998
10.325000000000001
10.348
10.373000000000001
10.4
10.441
10.491000000000001
10.544
10.604
10.666000000000002
10.736
10.81
10.884000000000002
10.939
10.99
11.055000000000001
11.134
11.213
11.297999999999998
11.391000000000002
11.488
11.584999999999999
11.683
11.774
11.865000000000002
11.949999999999998
12.025
12.079
12.119
12.164
12.21
12.254000000000001
12.297
12.345
12.395
12.443000000000001
12.489999999999998
12.528999999999998
12.564000000000004
12.593999999999998
12.618000000000002
12.626
12.623000000000001
12.637999999999998
12.652999999999999
12.674999999999999
12.702000000000002
12.742
12.784000000000002
12.829
12.878000000000002
12.924
12.969000000000001
13.024000000000001
13.084999999999997
13.146999999999998
13.204999999999998
13.261
13.319999999999999
13.379999999999999
13.437000000000001
13.503
13.577000000000002
13.650000000000002
13.718000000000002
13.770999999999999
13.82
13.876000000000001
13.942
13.986999999999998
14.025
14.061000000000002
14.099000000000002
14.143999999999998
14.187
14.237000000000002
14.288
14.325999999999999
14.363000000000001
14.403
14.431999999999999
14.467000000000002
14.5
14.518
14.525
14.533999999999999
14.547
14.564
14.579
14.59
14.606
14.618000000000002
14.627999999999998
14.632
14.63
14.641
14.664
14.690000000000001
14.716
14.750000000000002
14.789000000000001
14.835999999999999
14.881999999999998
14.930000000000001
14.983999999999998
15.035999999999996
15.091999999999999
15.148
15.197000000000001
15.249
15.297
15.328
15.338999999999999
15.362
15.383
15.414
15.447000000000003
15.482000000000003
15.522000000000002
15.558
15.593000000000002
15.612999999999998
15.619000000000002
15.616999999999997
15.607
15.591000000000001
15.588000000000001
15.597000000000001
15.617
15.640999999999998
15.663999999999998
15.698
15.738
15.776
15.816
15.858999999999998
15.902
15.955
16.019000000000002
16.083000000000002
16.153000000000002
16.243
16.351000000000003
16.466
16.586999999999996
16.692999999999998
16.796
16.889
16.974999999999998
17.05
17.115999999999996
17.174
17.219
17.253999999999998
17.278000000000002
17.306
17.341
17.383000000000003
17.429000000000006
17.477
17.533
17.587
17.631999999999998
17.673
17.715
17.775
17.84
17.900999999999996
17.951999999999998
18.019
18.09
18.164
18.240000000000002
18.304000000000002
18.366
18.426000000000002
18.485000000000003
18.541
18.598999999999997
18.658
18.723
18.781
18.84
18.918999999999997
19.009999999999998
19.12
19.246000000000002
19.366
19.483
19.603999999999996
19.727999999999998
19.845
19.965999999999998
20.095
20.225
20.333000000000002
20.422
20.510000000000005
20.599
20.685000000000002
20.774000000000004
20.851
20.918000000000003
20.985999999999997
21.051999999999996
21.112
21.157999999999994
21.200000000000003
21.247999999999998
21.285999999999998
21.316
21.35
21.402
21.459
21.526
21.572
21.606999999999996
21.641000000000002
21.665
21.698
21.738
21.8
21.877
21.970000000000002
22.072
22.178
22.284
22.399
22.526
22.641000000000002
22.751
22.857999999999997
22.960999999999995
23.060999999999996
23.156
23.247999999999998
23.344
23.439
23.529999999999998
23.633999999999997
23.739
23.849999999999994
23.969
24.058000000000007
24.126
24.185000000000006
24.230999999999998
24.273999999999997
24.307999999999996
24.342000000000002
24.375
24.401999999999997
24.432
24.476
24.532
24.608
24.695999999999998
24.771000000000004
24.836999999999996
24.887000000000004
24.93
24.969
25.02
25.075000000000006
25.128
25.167
25.195000000000004
25.223000000000003
25.258999999999997
25.3
25.364
25.416000000000004
25.456
25.505000000000003
25.563000000000006
25.620999999999995
25.681
25.752999999999997
25.823
25.894000000000002
25.968
26.045
26.118000000000002
26.194
26.278
26.349000000000004
26.405
26.459
26.516
26.57
26.624
26.68
26.736000000000004
26.782
26.831
26.886
26.949
27.022999999999996
27.101999999999997
27.175999999999995
27.241
27.304000000000006
27.379
27.459
27.535
27.623
27.724000000000007
27.827000000000005
27.932
28.036
28.142999999999997
28.259
28.372000000000003
28.490000000000006
28.602000000000004
28.724999999999998
28.854
28.992
29.133000000000003
29.276
29.426999999999996
29.57
29.716
29.842
29.944999999999997
30.041999999999994
30.131
30.204
30.27
30.338999999999995
30.409
30.471999999999998
30.532
30.600000000000005
30.68
30.764
30.849999999999998
30.923000000000002
30.979999999999997
31.025
31.07
31.107
31.130999999999997
31.171
31.227
31.304999999999996
31.399
31.497999999999998
31.612000000000002
31.732
31.858999999999995
31.983999999999998
32.106
32.219
32.33500000000001
32.43899999999999
32.537
32.649
32.766
32.902
33.041000000000004
33.199
33.36
33.526999999999994
33.705
33.870000000000005
34.024
34.17000000000001
34.317
34.456999999999994
34.59
34.730999999999995
34.875
35.010999999999996
35.139
35.25999999999999
35.372
35.482
35.599
35.690999999999995
35.757
35.817
35.86900000000001
35.909000000000006
35.94199999999999
35.96600000000001
35.982000000000006
36.0
36.015
36.031
36.04700000000001
36.078
36.12200000000001
36.177
36.22500000000001
36.298
36.389
36.489000000000004
36.599999999999994
36.732
36.879999999999995
37.041999999999994
37.208000000000006
37.37499999999999
37.548
37.721000000000004
37.896
38.056
38.188
38.303000000000004
38.41300000000001
38.518
38.63
38.739000000000004
38.845
38.962
39.083
39.202000000000005
39.32299999999999
39.443
39.553000000000004
39.646
39.721000000000004
39.801
39.891
40.001000000000005
40.11499999999999
40.252
40.384
40.52499999999999
40.66799999999999
40.81399999999999
40.96
41.109
41.255
41.391
41.516
41.64699999999999
41.782999999999994
41.928
42.068
42.205999999999996
42.36
42.521
42.686
42.84
42.986000000000004
43.13400000000001
43.276999999999994
43.40999999999999
43.54
43.672000000000004
43.807
43.94
44.065
44.181000000000004
44.286
44.394
44.509
44.618
44.721
44.818
44.916
45.014
45.101
45.206999999999994
45.32399999999999
45.449
45.57
45.692
45.806999999999995
45.923999999999985
46.05000000000001
46.179
46.302
46.421
46.543
46.65700000000001
46.771
46.898
47.039
47.189
47.349999999999994
47.525
47.694
47.884
48.094
48.310999999999986
48.54299999999999
48.773
49.00299999999999
49.21
49.391000000000005
49.554
49.711
49.844
49.958
50.04699999999999
50.12500000000001
50.201999999999984
50.273999999999994
50.337
50.387
50.43899999999999
50.48600000000001
50.535999999999994
50.579000000000015
50.644000000000005
50.735
50.857
50.989999999999995
51.128
51.263000000000005
51.4
51.54399999999999
51.675000000000004
51.803999999999995
51.92199999999999
52.024
52.11999999999999
52.214
52.322
52.431
52.554999999999986
52.68899999999999
52.809999999999995
52.931999999999995
53.047999999999995
53.173
53.302
53.45500000000001
53.605000000000004
53.75600000000001
53.898999999999994
54.038
54.174
54.31600000000001
54.46
54.612
54.74999999999999
54.88699999999999
55.01499999999999
55.12100000000001
55.209999999999994
55.281
55.349
55.41899999999998
55.494
55.57499999999999
55.662
55.748000000000005
55.85
55.962
56.082
56.206999999999994
56.33899999999999
56.47800000000001
56.601
56.721
56.847
56.983
57.126999999999995
57.275000000000006
57.43499999999999
57.603
57.782000000000004
57.975000000000016
58.17200000000001
58.366
58.554
58.731
58.90100000000001
59.068
59.24100000000001
59.420000000000016
59.608999999999995
59.79200000000001
59.961
60.11
60.246
60.378
60.498
60.603
60.693
60.76800000000001
60.837999999999994
60.900999999999996
60.95399999999999
61.003
61.05599999999999
61.11100000000001
61.17700000000001
61.25699999999999
61.355
61.465
61.583
61.70199999999999
61.829
61.95499999999999
62.07799999999999
62.211000000000006
62.35799999999999
62.513999999999996
62.657
62.805
62.921
63.023
63.10799999999998
63.186
63.239999999999995
63.291
63.331
63.365999999999985
63.396
63.433
63.47200000000001
63.516000000000005
63.56899999999999
63.635999999999996
63.70799999999999
63.77799999999999
63.84800000000001
63.92600000000001
64.006
64.095
64.19200000000001
64.29500000000002
64.40299999999999
64.513
64.59700000000001
64.654
64.71100000000001
64.76700000000001
64.816
64.861
64.91499999999999
64.96900000000001
65.025
65.07400000000001
65.136
65.199
65.27499999999999
65.36099999999999
65.46100000000001
65.56899999999999
65.69099999999999
65.826
65.961
66.094
66.237
66.389
66.544
66.703
66.862
67.02300000000001
67.18900000000001
67.37199999999999
67.562
67.75
67.931
68.109
68.275
68.42999999999999
68.57399999999998
68.71999999999998
68.865
69.00399999999999
69.139
69.27799999999999
69.431
69.603
69.773
69.939
70.106
70.27600000000001
70.432
70.588
70.75
70.918
71.09899999999999
71.283
71.46500000000002
71.65500000000002
71.852
72.06899999999997
72.27400000000002
72.47399999999999
72.68399999999998
72.892
73.106
73.30999999999999
73.51899999999999
73.72899999999998
73.92699999999999
74.12000000000002
74.303
74.47499999999998
74.64299999999999
74.81400000000001
74.968
75.11
75.23400000000001
75.35100000000001
75.472
75.58000000000001
75.715
75.87299999999999
76.052
76.249
76.45299999999999
76.662
76.883
77.10800000000002
77.32799999999999
77.526
77.724
77.916
78.10100000000001
78.27899999999998
78.455
78.633
78.81500000000001
78.99900000000001
79.163
79.307
79.441
79.576
79.707
79.83499999999998
79.983
80.128
80.27799999999999
80.427
80.57900000000001
80.72900000000001
80.88
81.029
81.16499999999999
81.29299999999999
81.406
81.509
81.59400000000001
81.66100000000002
81.72099999999999
81.77399999999999
81.817
81.848
81.873
81.896
81.91799999999999
81.94300000000001
81.958
81.966
81.969
81.968
81.96699999999998
81.95499999999998
81.955
81.96699999999998
81.97900000000001
81.994
82.011
82.023
82.04200000000002
82.059
82.074
82.08999999999999
82.11
82.13499999999998
82.13599999999998
82.12
82.10999999999999
82.098
82.07699999999998
82.05000000000001
82.01299999999999
81.96799999999999
81.926
81.892
81.85500000000002
81.80599999999998
81.77600000000001
81.746
81.707
81.666
81.63400000000001
81.60400000000001
81.57799999999999
81.554
81.52499999999999
81.505
81.495
81.495
81.512
81.53800000000001
81.591
81.66400000000003
81.745
81.82900000000001
81.92999999999999
82.04
82.17099999999999
82.32
82.46200000000002
82.61200000000001
82.748
82.86800000000001
82.977
83.057
83.133
83.208
83.27300000000001
83.327
83.379
83.436
83.491
83.55100000000002
83.614
83.673
83.73700000000001
83.787
83.82300000000002
83.84700000000001
83.885
83.938
84.00200000000001
84.058
84.106
84.143
84.172
84.19900000000001
84.226
84.25500000000001
84.29599999999999
84.329
84.35000000000001
84.36699999999999
84.4
84.45800000000001
84.53800000000001
84.63500000000002
84.757
84.89199999999998
85.041
85.21499999999999
85.39699999999999
85.60100000000001
85.82
86.05099999999999
86.28899999999999
86.515
86.741
86.97
87.2
87.426
87.64
87.843
88.023
88.177
88.33600000000001
88.47800000000001
88.61200000000001
88.751
88.87700000000001
88.999
89.11099999999999
89.22500000000001
89.352
89.47600000000001
89.60699999999999
89.731
89.85
89.966
90.07500000000002
90.19
90.31800000000001
90.45800000000003
90.60000000000001
90.736
90.88300000000001
91.04299999999999
91.19399999999999
91.346
91.497
91.64399999999999
91.77599999999998
91.902
92.016
92.114
92.205
92.28500000000001
92.35000000000001
92.396
92.42399999999999
92.44199999999998
92.43800000000002
92.42599999999999
92.40700000000001
92.37399999999998
92.33200000000001
92.276
92.20200000000001
92.10399999999998
92.003
91.89999999999999
91.79800000000003
91.69500000000001
91.579
91.465
91.356
91.235
91.10799999999999
90.986
90.86699999999999
90.74500000000002
90.62100000000001
90.495
90.37
90.24400000000003
90.12
90.01500000000001
89.923
89.84999999999998
89.78699999999999
89.737
89.695
89.65899999999996
89.626
89.59
89.558
89.54799999999999
89.52199999999999
89.496
89.46900000000001
89.457
89.457
89.453
89.44200000000001
89.41600000000001
89.37000000000002
89.301
89.22599999999998
89.159
89.08999999999999
89.009
88.928
88.84300000000002
88.74399999999999
88.63700000000001
88.52099999999999
88.406
88.291
88.165
88.03600000000002
87.90700000000001
87.77200000000002
87.64400000000002
87.543
87.467
87.38900000000001
87.32100000000001
87.26100000000001
87.20100000000002
87.153
87.11399999999999
87.09099999999998
87.069
87.036
86.99199999999999
86.953
86.919
86.89699999999999
86.892
86.89399999999999
86.87599999999999
86.86699999999998
86.85
86.824
86.79399999999998
86.74900000000001
86.68599999999998
86.60000000000002
86.512
86.44100000000002
86.36999999999999
86.32000000000001
86.277
86.23799999999999
86.209
86.18200000000002
86.16899999999998
86.15100000000001
86.155
86.159
86.166
86.16999999999999
86.18300000000002
86.19900000000001
86.22800000000001
86.256
86.296
86.34100000000001
86.399
86.47800000000001
86.55899999999998
86.652
86.75999999999999
86.88900000000001
87.033
87.19
87.37
87.56800000000001
87.778
88.00900000000003
88.25
88.49600000000001
88.74200000000002
88.979
89.22300000000003
89.44700000000002
89.663
89.86900000000001
90.05900000000003
90.245
90.423
90.585
90.733
90.87299999999998
91.00699999999999
91.13700000000001
91.25000000000003
91.37
91.49199999999999
91.607
91.70599999999999
91.8
91.89999999999999
92.01800000000001
92.147
92.27700000000002
92.433
92.584
92.73
92.85900000000001
92.991
93.12699999999998
93.23800000000001
93.35500000000002
93.46600000000001
93.57700000000001
93.69299999999998
93.819
93.96699999999998
94.11900000000001
94.274
94.437
94.59499999999998
94.74600000000001
94.897
95.044
95.192
95.332
95.46800000000002
95.56799999999998
95.648
95.702
95.745
95.76199999999999
95.75300000000001
95.73299999999999
95.70099999999998
95.649
95.577
95.504
95.44999999999999
95.39099999999999
95.352
95.307
95.25500000000001
95.22000000000001
95.21600000000001
95.24000000000001
95.27699999999999
95.307
95.33600000000001
95.36299999999999
95.40800000000002
95.458
95.501
95.54900000000002
95.59000000000002
95.62299999999999
95.63100000000001
95.63099999999999
95.626
95.619
95.594
95.56800000000001
95.523
95.485
95.441
95.39200000000002
95.33800000000002
95.289
95.263
95.223
95.16599999999998
95.10399999999998
95.03900000000002
94.961
94.86099999999999
94.762
94.65499999999999
94.53999999999999
94.43899999999998
94.33600000000001
94.223
94.118
94.02
93.93300000000002
93.844
93.75200000000001
93.65799999999999
93.54800000000003
93.434
93.319
93.212
93.126
93.06000000000002
93.00099999999999
92.94199999999998
92.887
92.82700000000001
92.76
92.708
92.65299999999999
92.589
92.51100000000001
92.421
92.341
92.26400000000001
92.19900000000001
92.118
92.046
91.975
91.899
91.845
91.78099999999999
91.726
91.65700000000002
91.586
91.51899999999999
91.44600000000001
91.37899999999999
91.30799999999998
91.24
91.181
91.10199999999999
91.00199999999998
90.89500000000001
90.77699999999999
90.648
90.496
90.354
90.21900000000001
90.09400000000001
89.977
89.865
89.79099999999998
89.736
89.70400000000001
89.68499999999999
89.66
89.64800000000001
89.63600000000001
89.63199999999999
89.61599999999999
89.622
89.64600000000002
89.678
89.70100000000001
89.71600000000001
89.71600000000001
89.718
89.728
89.72700000000002
89.71500000000002
89.70400000000001
89.67200000000001
89.63900000000001
89.6
89.57000000000002
89.55200000000002
89.561
89.597
89.63100000000001
89.67200000000001
89.716
89.777
89.81500000000001
89.84699999999998
89.872
89.889
89.88800000000002
89.851
89.816
89.78699999999998
89.752
89.71600000000001
89.675
89.62
89.56
89.50099999999999
89.432
89.34700000000001
89.266
89.202
89.139
89.08800000000001
89.04500000000002
89.00300000000001
88.99699999999999
89.01299999999999
89.04600000000002
89.07100000000001
89.124
89.18900000000001
89.23100000000001
89.266
89.289
89.30300000000001
89.31400000000002
89.32000000000001
89.32000000000001
89.31500000000001
89.304
89.294
89.28
89.25900000000001
89.22800000000002
89.18499999999999
89.122
89.07700000000001
89.03099999999998
88.974
88.91099999999999
88.837
88.75299999999999
88.656
88.57499999999999
88.486
88.39000000000001
88.279
88.156
88.043
87.93100000000001
87.814
87.71800000000002
87.63399999999999
87.56400000000001
87.506
87.465
87.45
87.44500000000001
87.43999999999998
87.43700000000001
87.433
87.43499999999999
87.42499999999998
87.413
87.392
87.38300000000001
87.39500000000001
87.404
87.41000000000001
87.41200000000002
87.419
87.41499999999999
87.40299999999999
87.381
87.36099999999999
87.35000000000002
87.34599999999999
87.348
87.35199999999998
87.37800000000001
87.40099999999998
87.421
87.47500000000002
87.521
87.556
87.57900000000001
87.583
87.563
87.50700000000002
87.455
87.412
87.35600000000001
87.29100000000001
87.23799999999999
87.19299999999998
87.162
87.135
87.10699999999999
87.09000000000002
87.059
87.019
86.97
86.89799999999998
86.819
86.743
86.65199999999999
86.548
86.43600000000002
86.313
86.17500000000001
86.01500000000001
85.848
85.66000000000001
85.456
85.247
85.015
84.763
84.49799999999999
84.21700000000001
83.91099999999999
83.59899999999999
83.282
82.95700000000001
82.636
82.317
81.99200000000002
81.673
81.354
81.04
80.732
80.43000000000002
80.13499999999999
79.862
79.588
79.316
79.062
78.80700000000002
78.54899999999998
78.302
78.051
77.794
77.553
77.306
77.061
76.82600000000001
76.595
76.37400000000001
76.169
75.977
75.78600000000002
75.59299999999999
75.40299999999999
75.21500000000002
75.02000000000001
74.82900000000001
74.638
74.445
74.24199999999999
74.045
73.85499999999999
73.662
73.483
73.32
73.15499999999999
72.98599999999999
72.799
72.595
72.37100000000001
72.143
71.914
71.682
71.456
71.24600000000001
71.03500000000001
70.825
70.62799999999999
70.451
70.278
70.11000000000001
69.91600000000001
69.713
69.49
69.241
68.983
68.732
68.478
68.238
67.999
67.766
67.54
67.315
67.114
66.917
66.73299999999999
66.536
66.32600000000001
66.11200000000001
65.904
65.68900000000001
65.492
65.30300000000001
65.138
65.00000000000001
64.879
64.778
64.69399999999999
64.63
64.57600000000001
64.536
64.51100000000001
64.483
64.456
64.434
64.42999999999999
64.44
64.454
64.47
64.491
64.53299999999999
64.579
64.62199999999999
64.67599999999999
64.733
64.778
64.825
64.87199999999999
64.916
64.97699999999999
65.044
65.11499999999998
65.18299999999999
65.25599999999999
65.332
65.427
65.513
65.585
65.66
65.739
65.805
65.87
65.942
66.016
66.098
66.17
66.23400000000001
66.27700000000002
66.30900000000001
66.322
66.29299999999999
66.24000000000001
66.173
66.09
65.999
65.905
65.807
65.68299999999998
65.543
65.417
65.276
65.125
64.983
64.834
64.673
64.477
64.27999999999999
64.086
63.910000000000004
63.75299999999999
63.611999999999995
63.46999999999999
63.335
63.20099999999999
63.059
62.921
62.779999999999994
62.60199999999998
62.391
62.14999999999999
61.87800000000001
61.627
61.396
61.19200000000001
61.004999999999995
60.831
60.661
60.523999999999994
60.388999999999996
60.27199999999999
60.175
60.084
59.989000000000004
59.886
59.785
59.684
59.59400000000001
59.52
59.459
59.391
59.315
59.24300000000001
59.166
59.080000000000005
58.991
58.888999999999996
58.77399999999999
58.641
58.489000000000004
58.32999999999999
58.179
58.022
57.883
57.74900000000001
57.617
57.471000000000004
57.32299999999999
57.16700000000001
57.00800000000002
56.840999999999994
56.661
56.468999999999994
56.26899999999999
56.062
55.858000000000004
55.666
55.48100000000001
55.31099999999999
55.144000000000005
54.983000000000004
54.812999999999995
54.639
54.47
54.288
54.084999999999994
53.870000000000005
53.66499999999999
53.477
53.288999999999994
53.104
52.925
52.760999999999996
52.59299999999999
52.431000000000004
52.272
52.121
51.980000000000004
51.846
51.718
51.617000000000004
51.531000000000006
51.48199999999999
51.455999999999996
51.445
51.452
51.46300000000001
51.467
51.494
51.544000000000004
51.586000000000006
51.64000000000001
51.68
51.681999999999995
51.702999999999996
51.709999999999994
51.754999999999995
51.811
51.870999999999995
51.91400000000001
51.939
51.94800000000001
51.958
51.95000000000001
51.928
51.891
51.833999999999996
51.772
51.712999999999994
51.659000000000006
51.62400000000002
51.614999999999995
51.597
51.57
51.529
51.488
51.46000000000001
51.44
51.413
51.38
51.341
51.288000000000004
51.23199999999999
51.176
51.11600000000001
51.053000000000004
50.98700000000001
50.917
50.844
50.771
50.70499999999999
50.64800000000001
50.589000000000006
50.53099999999999
50.474999999999994
50.416
50.358000000000004
50.30500000000001
50.25899999999999
50.22099999999998
50.181999999999995
50.128
50.074
50.00800000000001
49.934
49.851
49.76099999999999
49.660000000000004
49.559
49.468
49.386
49.311
49.243
49.18299999999999
49.13299999999999
49.088
49.051
49.022
48.989
48.94699999999999
48.879
48.80499999999999
48.737
48.663
48.59
48.528000000000006
48.464000000000006
48.4
48.32699999999999
48.24100000000001
48.145
48.05700000000001
47.961
47.858
47.738
47.604
47.464
47.312000000000005
47.162
47.016999999999996
46.852
46.69
46.513
46.322
46.123000000000005
45.910000000000004
45.689
45.46099999999999
45.20899999999999
44.938
44.667
44.391
44.135
43.906000000000006
43.67100000000001
43.45499999999999
43.235
43.01499999999999
42.802
42.609
42.42899999999999
42.25300000000001
42.06700000000001
41.879999999999995
41.706
41.544
41.387
41.233
41.102000000000004
40.981
40.854
40.721000000000004
40.59100000000001
40.462
40.338
40.22099999999999
40.087
39.94199999999999
39.781
39.618
39.443000000000005
39.26400000000001
39.089999999999996
38.919999999999995
38.748
38.579
38.415000000000006
38.259
38.107000000000006
37.94800000000001
37.79
37.64
37.49100000000001
37.354
37.209
37.066
36.93900000000001
36.82
36.712999999999994
36.611999999999995
36.521
36.443
36.36899999999999
36.304
36.24100000000001
36.17400000000001
36.117
36.062000000000005
36.00600000000001
35.935
35.862
35.793
35.72800000000001
35.662000000000006
35.602
35.544
35.483
35.422
35.348000000000006
35.284
35.236000000000004
35.202
35.152
35.096000000000004
35.038999999999994
34.976
34.92099999999999
34.864
34.79900000000001
34.74399999999999
34.695
34.639
34.57600000000001
34.513
34.447
34.388
34.313
34.233999999999995
34.144999999999996
34.047
33.938
33.827000000000005
33.709999999999994
33.595
33.476
33.355000000000004
33.229
33.103
33.004000000000005
32.91
32.816
32.724000000000004
32.62799999999999
32.532
32.424
32.314
32.205000000000005
32.089999999999996
31.975000000000005
31.856
31.725
31.586
31.451000000000004
31.329
31.206000000000003
31.081
30.968000000000007
30.859
30.742000000000004
30.63
30.525000000000002
30.423
30.319999999999997
30.219
30.110000000000003
29.992
29.872000000000003
29.763
29.657
29.547
29.447999999999997
29.349000000000007
29.242
29.127
29.02
28.91699999999999
28.810000000000002
28.700000000000003
28.576000000000004
28.447
28.312000000000005
28.176999999999996
28.035999999999994
27.886
27.733
27.57
27.391000000000002
27.207
27.012
26.813
26.61
26.402
26.191000000000003
25.982000000000006
25.783
25.595999999999997
25.404
25.209999999999997
25.023999999999997
24.854999999999997
24.684
24.513999999999996
24.347000000000005
24.188
24.025
23.858
23.691999999999997
23.517
23.349
23.171999999999997
22.982999999999997
22.778
22.589
22.409000000000006
22.223
22.030000000000005
21.835000000000004
21.636000000000003
21.444000000000003
21.252000000000002
21.051000000000002
20.843
20.637
20.441
20.251999999999995
20.071
19.910000000000004
19.759999999999998
19.626
19.498
19.394
19.299
19.214999999999996
19.136
19.048
18.950999999999997
18.857
18.772000000000002
18.676
18.584
18.498
18.416
18.337
18.265
18.201999999999998
18.144
18.088
18.039
17.977999999999998
17.905
17.842
17.79
17.730999999999998
17.656
17.576999999999998
17.496
17.416000000000004
17.336000000000002
17.261
17.182999999999996
17.104000000000003
17.028999999999996
16.943999999999996
16.85
16.766
16.691999999999997
16.615
16.525
16.438
16.362
16.291999999999998
16.233
16.176
16.119000000000003
16.060000000000002
15.997
15.927000000000001
15.854
15.793
15.743000000000002
15.692999999999998
15.635
15.582000000000003
15.535
15.501000000000001
15.479000000000001
15.464000000000004
15.445999999999998
15.422999999999998
15.392999999999999
15.352
15.298000000000002
15.246
15.192
15.122000000000002
15.039000000000001
14.956
14.878
14.800999999999998
14.722000000000001
14.646
14.572000000000003
14.485
14.389000000000001
14.291000000000002
14.188999999999998
14.097999999999999
14.014000000000001
13.923000000000002
13.839000000000002
13.765
13.703000000000001
13.642
13.582999999999998
13.523
13.465999999999998
13.398
13.331
13.258000000000001
13.184000000000003
13.122
13.068999999999999
13.023
12.974000000000002
12.932
12.892
12.847
12.799
12.737999999999998
12.673000000000002
12.594000000000001
12.509
12.421000000000001
12.332999999999998
12.262
12.204999999999998
12.147
12.088
12.035
11.987000000000002
11.942000000000002
11.893
11.837000000000002
11.773000000000001
11.696000000000002
11.615999999999998
11.529000000000002
11.434
11.353
11.282999999999998
11.214999999999998
11.142
11.088
11.052
11.026
11.006
10.979
10.950999999999999
10.923
10.893
10.860999999999999
10.821
10.794
10.769
10.733
10.680000000000001
10.642000000000001
10.615000000000002
10.591000000000001
10.563
10.521999999999998
10.469999999999997
10.419999999999998
10.373
10.325
10.274000000000001
10.227
10.185
10.129
10.062
9.997
9.939
9.88
9.818
9.737
9.651
9.561000000000002
9.472000000000001
9.392999999999999
9.321000000000002
9.261000000000001
9.213
9.17
9.13
9.105
9.093
9.085
9.080000000000002
9.059000000000001
9.033000000000001
9.007
8.979000000000001
8.955000000000002
8.932999999999998
8.912999999999998
8.897
8.868
8.834999999999999
8.815
8.802
8.784999999999998
8.761000000000001
8.729000000000001
8.697000000000001
8.682
8.674999999999999
8.672
8.668000000000001
8.674000000000001
8.684
8.685
8.679
8.675
8.674999999999999
8.671000000000001
8.665
8.652
8.634
8.629000000000001
8.633999999999999
8.633999999999999
8.632
8.634
8.634
8.626000000000001
8.614999999999998
8.615
8.618
8.62
8.615
8.598
8.58
8.568999999999999
8.564
8.559000000000001
8.553999999999998
8.558
8.569
8.570999999999998
8.569
8.565999999999999
8.569
8.566
8.559
8.539
8.508999999999999
8.485
8.459999999999999
8.427
8.389
8.353
8.321
8.283999999999999
8.249
8.227
8.216
8.203000000000001
8.193000000000001
8.18
8.165000000000001
8.159
8.159
8.151
8.141
8.131
8.128
8.117999999999999
8.099
8.085
8.083
8.083
8.082
8.079999999999998
8.076
8.088999999999999
8.104
8.118
8.127
8.139000000000001
8.156
8.165
8.171
8.172
8.167000000000002
8.163
8.158999999999999
8.15
8.135
8.132
8.135000000000002
8.128
8.113999999999999
8.103
8.091000000000001
8.071
8.046
8.024000000000001
8.003
7.9830000000000005
7.958
7.9350000000000005
7.918
7.9079999999999995
7.898
7.875000000000001
7.844
7.82
7.799999999999999
7.771
7.735
7.703
7.676
7.652
7.627
7.596
7.566999999999999
7.550000000000001
7.539000000000001
7.519000000000001
7.492
7.478000000000001
7.468999999999999
7.449999999999999
7.431
7.4129999999999985
7.394
7.381000000000001
7.372
7.358
7.345
7.341000000000001
7.344999999999999
7.339
7.326999999999999
7.3229999999999995
7.317000000000001
7.301
7.279999999999999
7.263
7.247999999999999
7.24
7.2299999999999995
7.220999999999999
7.215
7.222000000000001
7.244
7.253000000000001
7.2589999999999995
7.276000000000001
7.297
7.309
7.309
7.301
7.288
7.271000000000001
7.249999999999999
7.226
7.194000000000001
7.167999999999999
7.149000000000001
7.119
7.082999999999999
7.053000000000001
7.024
6.989999999999999
6.951
6.917000000000001
6.885
6.865
6.841999999999999
6.811000000000001
6.78
6.7509999999999994
6.726999999999999
6.695
6.662
6.634
6.613
6.581
6.543
6.5089999999999995
6.4719999999999995
6.44
6.41
6.373
6.332999999999999
6.298
6.2700000000000005
6.228000000000001
6.18
6.1419999999999995
6.11
6.08
6.050999999999999
6.030000000000001
6.015000000000001
6.002999999999999
5.991
5.9719999999999995
5.957000000000001
5.949
5.938
5.916999999999999
5.896
5.880000000000001
5.867
5.843999999999999
5.820999999999999
5.800999999999999
5.783999999999999
5.773
5.763
5.747000000000001
5.729
5.721
5.711
5.694000000000001
5.675
5.659000000000001
5.647
5.627
5.606
5.591
5.574999999999999
5.565
5.558
5.536
5.508
5.486
5.467
5.441
5.409999999999999
5.384
5.359
5.327
5.293000000000001
5.261
5.231
5.2010000000000005
5.171
5.133000000000001
5.096
5.062
5.026
4.98
4.924
4.881
4.837999999999999
4.791
4.744000000000001
4.699
4.665
4.641
4.622
4.598
4.573
4.5489999999999995
4.5280000000000005
4.507
4.485
4.473
4.466
4.454
4.441999999999999
4.433
4.422
4.414000000000001
4.41
4.3919999999999995
4.372999999999999
4.362
4.352
4.3389999999999995
4.323
4.308
4.2909999999999995
4.272
4.252
4.239
4.227
4.217
4.21
4.194999999999999
4.181
4.173
4.168
4.1610000000000005
4.151
4.151
4.153
4.151
4.151
4.147
4.141
4.135
4.128
4.113
4.096
4.086
4.075
4.056
4.0360000000000005
4.021
4.005
3.99
3.974
3.962
3.9500000000000006
3.938
3.927
3.908
3.886
3.865
3.846
3.824
3.8020000000000005
3.7840000000000003
3.766
3.7479999999999993
3.7239999999999993
3.7039999999999997
3.6830000000000003
3.663
3.643
3.6130000000000004
3.58
3.5549999999999997
3.532
3.5079999999999996
3.484
3.467
3.452
3.4379999999999997
3.4299999999999997
3.4299999999999997
3.433
3.4430000000000005
3.4549999999999996
3.461
3.4629999999999996
3.472
3.481
3.48
3.477
3.475
3.473
3.4659999999999997
3.459
3.449
3.439
3.4370000000000003
3.436
3.4299999999999997
3.42
3.416
3.416
3.4130000000000003
3.409
3.4
3.39
3.378
3.3649999999999998
3.3579999999999997
3.349
3.343
3.341
3.3369999999999997
3.333
3.334
3.3359999999999994
3.3309999999999995
3.3209999999999997
3.3120000000000003
3.3049999999999997
3.302
3.3009999999999997
3.302
3.303
3.306
3.312
3.3120000000000003
3.3110000000000004
3.319
3.3259999999999996
3.3249999999999997
3.324
3.32
3.3160000000000003
3.315
3.314
3.3120000000000003
3.308
3.3099999999999996
3.3120000000000003
3.309
3.302
3.302
3.3030000000000004
3.3000000000000003
3.2920000000000003
3.2900000000000005
3.2880000000000003
3.29
3.2929999999999997
3.296
3.303
3.314
3.329
3.342
3.352
3.371
3.3930000000000007
3.4139999999999997
3.4339999999999997
3.453
3.473
3.495
3.5170000000000003
3.541
3.5679999999999996
3.594
3.6189999999999998
3.6350000000000002
3.648
3.67
3.6950000000000003
3.7170000000000005
3.737
3.75
3.758
3.7660000000000005
3.7770000000000006
3.7890000000000006
3.796
3.8020000000000005
3.8070000000000004
3.8000000000000003
3.789
3.7849999999999997
3.786
3.777
3.7670000000000003
3.7590000000000003
3.7509999999999994
3.752
3.7560000000000002
3.7599999999999993
3.7680000000000002
3.7790000000000004
3.79
3.798
3.8030000000000004
3.814
3.8320000000000003
3.8419999999999996
3.847
3.852
3.8560000000000003
3.8620000000000005
3.8670000000000004
3.872
3.8770000000000002
3.8810000000000002
3.8840000000000003
3.883
3.881
3.882
3.8849999999999993
3.8850000000000002
3.884
3.8859999999999997
3.8909999999999996
3.899
3.905
3.9059999999999997
3.908
3.916
3.9250000000000007
3.9269999999999996
3.9229999999999996
3.9240000000000004
3.926
3.9229999999999996
3.919
3.919
3.9170000000000003
3.921
3.923
3.922
3.9219999999999997
3.9280000000000004
3.9349999999999996
3.9320000000000004
3.9250000000000003
3.92
3.92
3.9130000000000003
3.904
3.8949999999999996
3.889
3.8829999999999996
3.8779999999999992
3.8699999999999997
3.8609999999999998
3.853
3.8440000000000003
3.831
3.813
3.796
3.7790000000000004
3.7579999999999996
3.7359999999999998
3.712
3.6870000000000003
3.667
3.6489999999999996
3.6310000000000002
3.6119999999999997
3.5949999999999998
3.5759999999999996
3.553
3.5290000000000004
3.5120000000000005
3.497
3.4770000000000003
3.4560000000000004
3.4319999999999995
3.408
3.392
3.38
3.3690000000000007
3.3529999999999998
3.3390000000000004
3.327
3.309
3.293000000000001
3.289
3.2870000000000004
3.2779999999999996
3.263
3.252
3.2399999999999998
3.2330000000000005
3.2270000000000003
3.212
3.1969999999999996
3.184
3.1680000000000006
3.1500000000000004
3.13
3.112
3.093
3.069
3.037
3.0120000000000005
2.9919999999999995
2.9779999999999998
2.9670000000000005
2.956
2.9450000000000003
2.9359999999999995
2.928
2.9139999999999997
2.901
2.891
2.88
2.862
2.843
2.8270000000000004
2.8120000000000003
2.8000000000000003
2.7880000000000003
2.773
2.758
2.742
2.723
2.7
2.676
2.658
2.644
2.6270000000000002
2.6089999999999995
2.593
2.5780000000000003
2.569
2.5599999999999996
2.5519999999999996
2.544
2.539
2.536
2.527
2.516
2.511
2.5109999999999997
2.511
2.508
2.503
2.497
2.4930000000000003
2.49
2.489
2.487
2.489
2.491
2.492
2.489
2.4899999999999998
2.4960000000000004
2.5020000000000002
2.509
2.5130000000000003
2.517
2.5269999999999997
2.537
2.54
2.539
2.534
2.531
2.52
2.5090000000000003
2.501
2.4939999999999998
2.483
2.473
2.464
2.4539999999999997
2.451
2.45
2.446
2.4410000000000003
2.4310000000000005
2.421
2.407
2.3930000000000002
2.385
2.374
2.362
2.351
2.342
2.337
2.34
2.3430000000000004
2.341
2.338
2.339
2.3390000000000004
2.338
2.3390000000000004
2.341
2.343
2.3470000000000004
2.351
2.357
2.367
2.377
2.384
2.388
2.388
2.383
2.375
2.363
2.3520000000000003
2.3449999999999998
2.3380000000000005
2.331
2.3270000000000004
2.326
2.3209999999999997
2.318
2.316
2.311
2.306
2.3030000000000004
2.299
2.296
2.294
2.294
2.294
2.292
2.2889999999999997
2.293
2.296
2.299
2.3009999999999997
2.298
2.294
2.286
2.2769999999999997
2.266
2.252
2.236
2.2179999999999995
2.2060000000000004
2.1929999999999996
2.182
2.1719999999999997
2.168
2.165
2.159
2.15
2.139
2.1279999999999997
2.111
2.095
2.076
2.058
2.041
2.02
2.0
1.979
1.964
1.949
1.932
1.915
1.9
1.8850000000000002
1.871
1.8550000000000002
1.8460000000000003
1.838
1.83
1.825
1.823
1.8199999999999998
1.818
1.818
1.8159999999999998
1.815
1.8130000000000002
1.809
1.807
1.8039999999999998
1.805
1.8049999999999997
1.806
1.81
1.8130000000000002
1.814
1.8179999999999998
1.823
1.8209999999999997
1.8169999999999997
1.813
1.809
1.807
1.8059999999999998
1.808
1.809
1.8120000000000003
1.816
1.817
1.8170000000000002
1.817
1.817
1.8150000000000002
1.813
1.8099999999999998
1.809
1.812
1.816
1.823
1.8270000000000002
1.8309999999999997
1.836
1.839
1.8410000000000002
1.8449999999999998
1.85
1.8499999999999999
1.8470000000000002
1.847
1.848
1.8510000000000002
1.8550000000000002
1.8610000000000002
1.8690000000000002
1.874
1.8800000000000003
1.885
1.888
1.883
1.8770000000000002
1.8689999999999998
1.862
1.857
1.854
1.852
1.8510000000000002
1.853
1.855
1.863
1.876
1.883
1.889
1.8930000000000002
1.8969999999999998
1.903
1.9089999999999998
1.917
1.925
1.9299999999999997
1.935
1.9409999999999998
1.9469999999999998
1.9560000000000002
1.966
1.9740000000000002
1.9809999999999999
1.9880000000000002
1.996
2.003
2.01
2.0189999999999997
2.029
2.035
2.0389999999999997
2.0420000000000003
2.048
2.0520000000000005
2.056
2.057
2.0550000000000006
2.051
2.0470000000000006
2.046
2.044
2.0460000000000003
2.0469999999999997
2.0500000000000003
2.0549999999999997
2.061
2.0679999999999996
2.074
2.0789999999999997
2.077
2.073
2.067
2.062
2.0580000000000003
2.053
2.051
2.0509999999999997
2.054
2.057
2.0580000000000003
2.0589999999999997
2.06
2.06
2.056
2.052
2.049
2.047
2.0469999999999997
2.048
2.051
2.054
2.056
2.057
2.055
2.054
2.05
2.046
2.04
2.032
2.0239999999999996
2.016
2.0109999999999997
2.007
2.009
2.012
2.01
2.005
1.9969999999999999
1.99
1.984
1.9769999999999999
1.9700000000000002
1.9649999999999999
1.96
1.9549999999999998
1.9549999999999998
1.957
1.96
1.9629999999999999
1.9589999999999999
1.954
1.9489999999999998
1.9419999999999997
1.9329999999999998
1.925
1.9139999999999997
1.9
1.8880000000000001
1.876
1.8650000000000002
1.8519999999999999
1.8370000000000002
1.823
1.8089999999999997
1.7950000000000002
1.782
1.7680000000000002
1.7540000000000002
1.7380000000000002
1.723
1.7080000000000002
1.6950000000000003
1.6820000000000004
1.6700000000000002
1.6580000000000004
1.6430000000000002
1.6270000000000002
1.609
1.5900000000000003
1.5750000000000002
1.5620000000000003
1.5510000000000002
1.5380000000000003
1.5250000000000001
1.5120000000000002
1.502
1.493
1.4860000000000002
1.4780000000000002
1.4680000000000002
1.4570000000000003
1.4420000000000002
1.4270000000000003
1.413
1.3980000000000001
1.38
1.3619999999999999
1.344
1.326
1.3149999999999997
1.303
1.293
1.283
1.274
1.265
1.251
1.239
1.2269999999999999
1.215
1.2029999999999998
1.1900000000000002
1.1749999999999998
1.1629999999999998
1.152
1.14
1.127
1.1139999999999999
1.0999999999999999
1.0839999999999999
1.07
1.056
1.0459999999999998
1.036
1.03
1.0230000000000001
1.021
1.0190000000000001
1.018
1.0170000000000001
1.0170000000000001
1.016
1.011
1.0050000000000001
0.9949999999999999
0.9859999999999999
0.9799999999999999
0.975
0.969
0.961
0.9519999999999998
0.9420000000000001
0.936
0.927
0.9209999999999999
0.9159999999999999
0.91
0.9029999999999998
0.897
0.8919999999999999
0.8929999999999998
0.8959999999999999
0.897
0.9009999999999998
0.9019999999999999
0.903
0.9079999999999999
0.9140000000000001
0.9199999999999999
0.9279999999999999
0.929
0.9319999999999999
0.9349999999999999
0.937
0.9409999999999998
0.946
0.95
0.954
0.96
0.967
0.9719999999999999
0.976
0.9780000000000001
0.9809999999999999
0.9830000000000001
0.985
0.9870000000000001
0.989
0.9930000000000001
0.9980000000000001
1.001
1.0040000000000002
1.005
1.006
1.008
1.009
1.0110000000000001
1.012
1.012
1.012
1.012
1.0110000000000001
1.012
1.012
1.01
1.009
1.01
1.0110000000000001
1.013
1.0150000000000001
1.0150000000000001
1.017
1.02
1.022
1.0230000000000001
1.025
1.0310000000000001
1.037
1.0419999999999998
1.047
1.053
1.0589999999999997
1.0679999999999998
1.0739999999999998
1.08
1.0859999999999999
1.0929999999999997
1.0999999999999999
1.1079999999999999
1.1159999999999999
1.1229999999999998
1.1309999999999998
1.129
1.125
1.117
1.1079999999999999
1.097
1.087
1.077
1.067
1.057
1.0459999999999998
1.037
1.028
1.0230000000000001
1.018
1.012
1.0050000000000001
0.9990000000000001
0.9950000000000001
0.9929999999999999
0.9910000000000001
0.9879999999999999
0.985
0.9819999999999999
0.979
0.9760000000000001
0.974
0.973
0.97
0.9649999999999999
0.9570000000000001
0.952
0.9450000000000001
0.943
0.942
0.9389999999999998
0.9349999999999999
0.9319999999999999
0.93
0.9349999999999998
0.9390000000000002
0.942
0.9450000000000002
0.944
0.9430000000000002
0.9430000000000001
0.943
0.9440000000000001
0.9440000000000001
0.945
0.9470000000000001
0.949
0.952
0.951
0.95
0.9520000000000001
0.956
0.955
0.9510000000000001
0.9490000000000001
0.9470000000000001
0.948
0.948
0.948
0.949
0.947
0.945
0.942
0.9400000000000001
0.9390000000000001
0.9380000000000001
0.936
0.934
0.934
0.934
0.937
0.94
0.9430000000000001
0.946
0.9490000000000001
0.95
0.9490000000000001
0.95
0.952
0.9530000000000001
0.9510000000000001
0.9460000000000001
0.9430000000000001
0.9400000000000001
0.938
0.936
0.929
0.9229999999999999
0.919
0.917
0.9119999999999999
0.907
0.9019999999999999
0.897
0.887
0.875
0.8699999999999999
0.8659999999999999
0.865
0.865
0.865
0.864
0.866
0.869
0.872
0.8749999999999999
0.8749999999999999
0.8759999999999999
0.8739999999999999
0.8709999999999999
0.8699999999999999
0.8709999999999999
0.8719999999999999
0.872
0.87
0.8679999999999999
0.8669999999999999
0.867
0.866
0.8639999999999999
0.862
0.8590000000000001
0.8530000000000001
0.8470000000000001
0.8430000000000001
0.8390000000000001
0.834
0.8290000000000001
0.8220000000000001
0.813
0.8049999999999999
0.7969999999999999
0.788
0.7759999999999999
0.764
0.7519999999999999
0.7409999999999999
0.7299999999999999
0.7219999999999999
0.713
0.7050000000000001
0.6970000000000001
0.6880000000000001
0.68
0.671
0.662
0.655
0.647
0.643
0.639
0.634
0.629
0.626
0.625
0.624
0.622
0.62
0.618
0.614
0.61
0.606
0.602
0.6
0.597
0.594
0.591
0.589
0.587
0.584
0.58
0.575
0.571
0.564
0.5569999999999999
0.5509999999999999
0.5459999999999999
0.5419999999999999
0.5359999999999999
0.5279999999999999
0.52
0.514
0.51
0.506
0.502
0.49800000000000005
0.49400000000000005
0.49000000000000005
0.48600000000000004
0.4810000000000001
0.4750000000000001
0.47200000000000003
0.47000000000000003
0.466
0.462
0.461
0.463
0.466
0.47000000000000003
0.474
0.479
0.485
0.491
0.496
0.5
0.505
0.511
0.518
0.524
0.528
0.531
0.533
0.537
0.542
0.547
0.553
0.559
0.5630000000000001
0.5690000000000001
0.5750000000000001
0.581
0.5860000000000001
0.5920000000000001
0.595
0.5980000000000001
0.599
0.6
0.601
0.602
0.603
0.604
0.604
0.605
0.606
0.607
0.607
0.6079999999999999
0.6079999999999999
0.609
0.6099999999999999
0.611
0.611
0.611
0.611
0.6099999999999999
0.6119999999999999
0.6159999999999999
0.6179999999999999
0.619
0.6179999999999999
0.6159999999999999
0.6139999999999999
0.6099999999999999
0.607
0.6039999999999999
0.601
0.599
0.596
0.593
0.591
0.588
0.586
0.586
0.5860000000000001
0.586
0.5840000000000001
0.581
0.5780000000000001
0.575
0.5740000000000001
0.573
0.5730000000000001
0.5730000000000001
0.5740000000000001
0.5750000000000001
0.5750000000000001
0.5740000000000001
0.5720000000000001
0.5700000000000001
0.5690000000000001
0.5670000000000001
0.5670000000000001
0.5660000000000001
0.563
0.5609999999999999
0.5589999999999999
0.557
0.557
0.557
0.557
0.556
0.554
0.552
0.552
0.552
0.552
0.55
0.5479999999999999
0.5449999999999999
0.542
0.538
0.53
0.522
0.5149999999999999
0.508
0.49999999999999994
0.492
0.485
0.478
0.473
0.469
0.46499999999999997
0.45799999999999996
0.45199999999999996
0.44599999999999995
0.43899999999999995
0.43200000000000005
0.42500000000000004
0.41600000000000004
0.40800000000000003
0.4
0.393
0.386
0.384
0.382
0.378
0.374
0.373
0.372
0.373
0.375
0.376
0.376
0.376
0.377
0.379
0.379
0.381
0.382
0.379
0.376
0.374
0.372
0.37
0.368
0.36400000000000005
0.35800000000000004
0.35200000000000004
0.34600000000000003
0.342
0.338
0.334
0.33
0.327
0.324
0.323
0.322
0.321
0.32
0.32
0.321
0.322
0.321
0.32
0.32
0.322
0.325
0.327
0.329
0.331
0.334
0.336
0.337
0.335
0.334
0.332
0.33
0.329
0.329
0.33
0.331
0.32999999999999996
0.32899999999999996
0.32999999999999996
0.33099999999999996
0.33199999999999996
0.33399999999999996
0.33399999999999996
0.33299999999999996
0.331
0.329
0.329
0.328
0.32599999999999996
0.32399999999999995
0.32199999999999995
0.31999999999999995
0.31799999999999995
0.31699999999999995
0.316
0.315
0.314
0.313
0.311
0.31
0.308
0.308
0.31
0.312
0.31199999999999994
0.31199999999999994
0.31199999999999994
0.31199999999999994
0.31099999999999994
0.30999999999999994
0.30899999999999994
0.30899999999999994
0.30999999999999994
0.30999999999999994
0.30899999999999994
0.30799999999999994
0.30699999999999994
0.30499999999999994
0.30100000000000005
0.29700000000000004
0.29700000000000004
0.29700000000000004
0.29500000000000004
0.29300000000000004
0.29000000000000004
0.28600000000000003
0.28400000000000003
0.28200000000000003
0.281
0.28
0.279
0.279
0.278
0.277
0.278
0.279
0.279
0.279
0.278
0.277
0.277
0.277
0.276
0.275
0.274
0.273
0.272
0.271
0.27
0.269
0.267
0.265
0.263
0.261
0.26
0.258
0.256
0.254
0.251
0.247
0.242
0.237
0.23299999999999998
0.22900000000000004
0.22500000000000003
0.22000000000000003
0.21500000000000005
0.21000000000000005
0.20900000000000005
0.20700000000000005
0.20600000000000004
0.20500000000000004
0.20500000000000004
0.20400000000000004
0.202
0.2
0.2
0.2
0.2
0.199
0.198
0.196
0.196
0.196
0.197
0.199
0.199
0.2
0.201
0.202
0.203
0.20400000000000001
0.20500000000000002
0.20500000000000002
0.20500000000000002
0.20600000000000002
0.21000000000000002
0.21400000000000002
0.21600000000000003
0.21700000000000003
0.21900000000000003
0.21800000000000003
0.21500000000000002
0.21300000000000002
0.21500000000000002
0.21800000000000003
0.22200000000000003
0.22600000000000003
0.22999999999999998
0.23399999999999999
0.238
0.242
0.246
0.25
0.255
0.26
0.265
0.27
0.276
0.28200000000000003
0.28700000000000003
0.292
0.294
0.297
0.299
0.301
0.301
0.301
0.3
0.298
0.298
0.297
0.296
0.295
0.295
0.295
0.295
0.297
0.3
0.303
0.304
0.305
0.307
0.309
0.31
0.311
0.311
0.311
0.312
0.314
0.317
0.322
0.327
0.332
0.334
0.336
0.339
0.342
0.34400000000000003
0.34600000000000003
0.34700000000000003
0.349
0.351
0.35400000000000004
0.35700000000000004
0.362
0.367
0.373
0.377
0.381
0.385
0.389
0.392
0.395
0.397
0.399
0.399
0.399
0.398
0.397
0.397
0.397
0.396
0.395
0.394
0.392
0.39
0.387
0.383
0.379
0.376
0.373
0.37
0.36699999999999994
0.36399999999999993
0.36
0.356
0.352
0.35
0.348
0.345
0.34199999999999997
0.33899999999999997
0.33499999999999996
0.32999999999999996
0.32399999999999995
0.31799999999999995
0.312
0.306
0.3
0.295
0.289
0.283
0.27799999999999997
0.272
0.266
0.261
0.256
0.251
0.246
0.241
0.236
0.23399999999999999
0.231
0.228
0.225
0.224
0.223
0.222
0.221
0.218
0.215
0.212
0.20999999999999996
0.20799999999999996
0.20699999999999996
0.20699999999999996
0.20599999999999996
0.20499999999999996
0.20400000000000001
0.20500000000000002
0.20600000000000002
0.20500000000000002
0.20400000000000001
0.203
0.202
0.202
0.202
0.201
0.199
0.196
0.192
0.188
0.184
0.182
0.18
0.177
0.174
0.172
0.16999999999999998
0.169
0.167
0.165
0.16299999999999998
0.16
0.155
0.14900000000000002
0.14200000000000002
0.137
0.132
0.127
0.122
0.11699999999999999
0.112
0.108
0.106
0.105
0.10399999999999998
0.10400000000000001
0.10400000000000001
0.104
0.104
0.105
0.106
0.106
0.106
0.105
0.10400000000000001
0.10300000000000001
0.10300000000000001
0.10300000000000001
0.10300000000000001
0.10300000000000001
0.10400000000000001
0.10500000000000001
0.10700000000000001
0.10900000000000001
0.111
0.113
0.115
0.116
0.117
0.11799999999999998
0.11899999999999998
0.11899999999999998
0.11899999999999998
0.11899999999999998
0.11899999999999998
0.11899999999999998
0.11899999999999998
0.11899999999999998
0.11899999999999998
0.11899999999999998
0.11799999999999998
0.11799999999999998
0.118
0.11699999999999999
0.11599999999999999
0.11599999999999999
0.11599999999999999
0.11699999999999999
0.118
0.118
0.118
0.118
0.118
0.118
0.118
0.118
0.118
0.118
0.118
0.118
0.11699999999999999
0.11700000000000002
0.11600000000000002
0.11500000000000002
0.11300000000000002
0.11000000000000001
0.10700000000000001
0.10400000000000001
0.101
0.101
0.101
0.10200000000000001
0.10300000000000001
0.10400000000000001
0.10600000000000001
0.108
0.11
0.112
0.113
0.114
0.115
0.116
0.11900000000000001
0.12100000000000001
0.12300000000000001
0.12399999999999999
0.126
0.128
0.13
0.132
0.133
0.135
0.137
0.139
0.14100000000000001
0.14300000000000002
0.14500000000000002
0.14600000000000002
0.14700000000000002
0.14799999999999996
0.14899999999999997
0.14899999999999997
0.14699999999999996
0.14499999999999996
0.14299999999999996
0.14099999999999996
0.13899999999999996
0.136
0.133
0.131
0.129
0.128
0.127
0.127
0.127
0.128
0.128
0.127
0.126
0.125
0.123
0.121
0.119
0.11599999999999999
0.11299999999999999
0.10999999999999999
0.10699999999999998
0.10599999999999998
0.10499999999999998
0.10399999999999998
0.10399999999999998
0.10399999999999998
0.10399999999999998
0.10399999999999998
0.10499999999999998
0.10599999999999998
0.10699999999999998
0.10799999999999998
0.10899999999999999
0.10899999999999999
0.10999999999999999
0.10999999999999999
0.11000000000000001
0.11000000000000001
0.11000000000000001
0.10800000000000001
0.10700000000000001
0.10500000000000001
0.10300000000000001
0.10200000000000001
0.101
0.1
0.099
0.098
0.098
0.098
0.098
0.098
0.1
0.101
0.10200000000000001
0.10200000000000001
0.10200000000000001
0.10200000000000001
0.10200000000000001
0.10300000000000001
0.10400000000000001
0.10500000000000001
0.10600000000000001
0.10600000000000001
0.10600000000000001
0.10600000000000001
0.10600000000000001
0.10600000000000001
0.10500000000000001
0.10400000000000001
0.10300000000000001
0.10200000000000001
0.101
0.1
0.099
0.098
0.095
0.093
0.091
0.09
0.088
0.08499999999999999
0.082
0.08
0.078
0.076
0.074
0.073
0.072
0.071
0.06999999999999999
0.06899999999999999
0.06799999999999999
0.067
0.066
0.06699999999999999
0.06799999999999999
0.06899999999999999
0.06999999999999999
0.071
0.072
0.073
0.074
0.07400000000000001
0.07400000000000001
0.07400000000000001
0.07400000000000001
0.07300000000000001
0.07200000000000001
0.07100000000000001
0.07
0.07
0.07100000000000001
0.07200000000000001
0.07300000000000001
0.07400000000000001
0.07400000000000001
0.07500000000000001
0.07600000000000001
0.07600000000000001
0.07600000000000001
0.07600000000000001
0.07600000000000001
0.07600000000000001
0.07500000000000001
0.07500000000000001
0.07500000000000001
0.07500000000000001
0.07500000000000001
0.07500000000000001
0.075
0.07400000000000001
0.07300000000000001
0.07300000000000001
0.07200000000000001
0.07100000000000001
0.07
0.069
0.068
0.068
0.067
0.067
0.067
0.068
0.069
0.07
0.07100000000000001
0.07100000000000001
0.07
0.069
0.068
0.067
0.064
0.062
0.06
0.059
0.05800000000000001
0.05700000000000001
0.05800000000000001
0.05900000000000001
0.06
0.061
0.062
0.063
0.064
0.065
0.066
0.065
0.064
0.063
0.062
0.061
0.06
0.059
0.057999999999999996
0.056999999999999995
0.055999999999999994
0.055
0.054
0.053
0.052
0.052
0.052
0.051
0.049999999999999996
0.048999999999999995
0.047999999999999994
0.047
0.046
0.045
0.044
0.044
0.044
0.044
0.044
0.043
0.042
0.041
0.04
0.039
0.038
0.037
0.037
0.037
0.037
0.037
0.037
0.038
0.039
0.039
0.039
0.039
0.038
0.037
0.036
0.035
0.034
0.033
0.032
0.032
0.032
0.032
0.032
0.032
0.032
0.032
0.032
0.032
0.031
0.03
0.028999999999999998
0.028999999999999998
0.028999999999999998
0.028999999999999998
0.028999999999999998
0.028999999999999998
0.028999999999999998
0.028999999999999998
0.028999999999999998
0.028999999999999998
0.028999999999999998
0.028999999999999998
0.028999999999999998
0.027999999999999997
0.027000000000000003
0.026000000000000002
0.025
0.025
0.025
0.025
0.025
0.025
0.025
0.025
0.026000000000000002
0.027000000000000003
0.027999999999999997
0.028999999999999998
0.028999999999999998
0.028000000000000004
0.027000000000000003
0.026000000000000002
0.025
0.024
0.023
0.022
0.020999999999999998
0.020999999999999998
0.020999999999999998
0.020999999999999998
0.020999999999999998
0.020999999999999998
0.022
0.023
0.023999999999999997
0.024999999999999998
0.027
0.028999999999999998
0.031
0.033
0.035
0.037000000000000005
0.03900000000000001
0.039999999999999994
0.040999999999999995
0.040999999999999995
0.040999999999999995
0.040999999999999995
0.040999999999999995
0.040999999999999995
0.040999999999999995
0.040999999999999995
0.040999999999999995
0.040999999999999995
0.040999999999999995
0.040999999999999995
0.040999999999999995
0.040999999999999995
0.040999999999999995
0.040999999999999995
0.040999999999999995
0.040999999999999995
0.039999999999999994
0.03900000000000001
0.038000000000000006
0.037000000000000005
0.036000000000000004
0.035
0.035
0.036000000000000004
0.037000000000000005
0.03799999999999999
0.03899999999999999
0.039999999999999994
0.040999999999999995
0.040999999999999995
0.040999999999999995
0.040999999999999995
0.040999999999999995
0.041999999999999996
0.043
0.044
0.045
0.046
0.047
0.048
0.049
0.05
0.051000000000000004
0.051000000000000004
0.051000000000000004
0.051000000000000004
0.051000000000000004
0.051000000000000004
0.051000000000000004
0.051000000000000004
0.051000000000000004
0.051000000000000004
0.051000000000000004
0.051000000000000004
0.051000000000000004
0.051000000000000004
0.051000000000000004
0.051000000000000004
0.051000000000000004
0.051000000000000004
0.051000000000000004
0.051000000000000004
0.051000000000000004
0.051000000000000004
0.051000000000000004
0.051000000000000004
0.051000000000000004
0.051000000000000004
0.05
0.049
0.048
0.047
0.045
0.044
0.043
0.042
0.041
0.04
0.03900000000000001
0.038000000000000006
0.037000000000000005
0.038000000000000006
0.03900000000000001
0.04000000000000001
0.040999999999999995
0.041999999999999996
0.042
0.042
0.042
0.042
0.041
0.039
0.037000000000000005
0.035
0.033
0.031000000000000007
0.029000000000000005
0.028000000000000004
0.027000000000000003
0.027000000000000003
0.027000000000000003
0.027000000000000003
0.027000000000000003
0.027000000000000003
0.028000000000000004
0.029000000000000005
0.031000000000000003
0.033
0.034999999999999996
0.037
0.039
0.04
0.041
0.041
0.041
0.041
0.041
0.041
0.041
0.041
0.041
0.041
0.04
0.039
0.038
0.037000000000000005
0.036000000000000004
0.035
0.034
0.034
0.034
0.034
0.034
0.033
0.032
0.031
0.03
0.028999999999999998
0.027999999999999997
0.026999999999999996
0.026000000000000002
0.025
0.024
0.024
0.024
0.024
0.024
0.024
0.024
0.024
0.024
0.024
0.024
0.024
0.024
0.024
0.024
0.025
0.026000000000000002
0.026999999999999996
0.027999999999999997
0.028999999999999998
0.03
0.031
0.032
0.032
0.032
0.032
0.032
0.032
0.032
0.032
0.032
0.032
0.032
0.032
0.032
0.032
0.032
0.032
0.032
0.031
0.03
0.028999999999999998
0.027999999999999997
0.027000000000000003
0.027000000000000003
0.027000000000000003
0.027
0.027
0.027
0.027999999999999997
0.028999999999999998
0.028999999999999998
0.028999999999999998
0.028999999999999998
0.028999999999999998
0.028999999999999998
0.028999999999999998
0.028999999999999998
0.028999999999999998
0.028999999999999998
0.028999999999999998
0.028999999999999998
0.028000000000000004
0.027000000000000003
0.025
0.023
0.021
0.019000000000000003
0.017
0.016
0.015000000000000001
0.015000000000000001
0.015000000000000001
0.015000000000000001
0.015000000000000001
0.015000000000000001
0.015000000000000001
0.015000000000000001
0.015000000000000001
0.015000000000000001
0.015000000000000001
0.015000000000000001
0.015000000000000001
0.015000000000000001
0.015000000000000001
0.015000000000000001
0.015000000000000001
0.015000000000000001
0.015000000000000001
0.015000000000000001
0.015000000000000001
0.015000000000000001
0.015000000000000001
0.015000000000000001
0.015000000000000001
0.015000000000000001
0.015000000000000001
0.015000000000000001
0.015000000000000001
0.015000000000000001
0.015000000000000001
0.015000000000000001
0.015000000000000001
0.015000000000000001
0.015000000000000001
0.015000000000000001
0.015000000000000001
0.015000000000000001
0.015000000000000001
0.015000000000000001
0.015000000000000001
0.015000000000000001
0.015000000000000001
0.015000000000000001
0.015000000000000001
0.014000000000000002
0.013000000000000001
0.012
0.011000000000000001
0.010000000000000002
0.009000000000000001
0.008
0.007000000000000001
0.007000000000000001
0.007000000000000001
0.007000000000000001
0.007000000000000001
0.007000000000000001
0.007000000000000001
0.007000000000000001
0.007000000000000001
0.007000000000000001
0.007000000000000001
0.007000000000000001
0.007000000000000001
0.007000000000000001
0.007000000000000001
0.007000000000000001
0.007000000000000001
0.007000000000000001
0.007000000000000001
0.007000000000000001
0.007000000000000001
0.008
0.008
0.008
0.008
0.008
0.008
0.008
0.008
0.009
0.01
0.011
0.012
0.012
0.012
0.012
0.012
0.012
0.012
0.012
0.012
0.012
0.012
0.012
0.012
0.012
0.012
0.012
0.012
0.012
0.012
0.012
0.012
0.012
0.013000000000000001
0.014
0.015
0.016
0.017
0.018000000000000002
0.019000000000000003
0.02
0.022
0.023
0.024
0.025
0.026000000000000002
0.027000000000000003
0.028000000000000004
0.028999999999999998
0.03
0.031
0.032
0.032
0.032
0.032
0.032
0.033
0.034
0.035
0.036000000000000004
0.037000000000000005
0.038
0.039
0.04
0.040999999999999995
0.041999999999999996
0.043
0.044
0.045
0.046
0.046
0.046
0.046
0.046
0.046
0.046
0.046
0.046
0.046
0.046
0.046
0.046
0.046
0.046
0.046
0.046
0.046
0.046
0.046
0.046
0.046
0.046
0.047
0.048
0.049
0.05
0.051
0.052
0.053
0.054
0.054
0.054
0.053
0.052
0.051000000000000004
0.05
0.049
0.048
0.047
0.046
0.045000000000000005
0.044000000000000004
0.044000000000000004
0.044000000000000004
0.044000000000000004
0.044000000000000004
0.044000000000000004
0.044000000000000004
0.044000000000000004
0.044000000000000004
0.044000000000000004
0.044000000000000004
0.044000000000000004
0.044000000000000004
0.044000000000000004
0.044000000000000004
0.044000000000000004
0.044000000000000004
0.044000000000000004
0.044000000000000004
0.044000000000000004
0.044000000000000004
0.044000000000000004
0.043000000000000003
0.042
0.041
0.04
0.039
0.038
0.037
0.036
0.034
0.033
0.032
0.031000000000000007
0.030000000000000006
0.029000000000000005
0.028000000000000004
0.027000000000000003
0.026000000000000002
0.025
0.024
0.024
0.024
0.024
0.024
0.023
0.023
0.022
0.022
0.022
0.022000000000000002
0.022000000000000002
0.022000000000000002
0.021
0.02
0.019
0.018000000000000002
0.017
0.016
0.016
0.016
0.016
0.016
0.016
0.016
0.016
0.016
0.016
0.016
0.016
0.016
0.016
0.016
0.016
0.016
0.016
0.016
0.016
0.016
0.016
0.016
0.015
0.014000000000000002
0.013000000000000001
0.012
0.011
0.01
0.009000000000000001
0.008
0.007
0.006
0.006
0.006
0.006
0.006
0.006
0.006
0.006
0.006
0.006
0.006
0.006
0.006
0.006
0.006
0.006
0.006
0.006
0.006
0.006
0.006
0.006
0.006
0.006
0.006
0.006
0.006
0.006
0.006
0.006
0.006
0.006
0.006
0.006
0.006
0.006
0.006
0.006
0.006
0.006
0.006
0.006
0.006
0.006
0.006
0.006
0.006
0.006
0.006
0.006
0.006
0.006
0.006
0.006
0.006
0.006
0.005
0.005
0.004
0.003
0.002
0.001
0.0
0.0
0.0
0.0
0.0
0.0
0.0
0.0
0.0
0.0
0.0
0.0
0.0
0.0
0.0
0.0
0.0
0.0
0.0
0.0
0.0
0.0
0.0
0.0
0.0
0.0
0.0
0.0
0.0
0.0
0.0
0.0
0.0
0.0
0.0
0.0
0.0
0.0
0.0
0.0
0.0
0.001
0.002
0.003
0.004
0.005
0.006
0.006
0.006
0.006
0.006
0.006
0.006
0.006
0.006
0.006
0.006
0.006
0.006
0.006
0.006
0.006
0.006
0.006
