1000, 5, 0, resulted: 12372.600000000002 
2500, 5, 0, resulted: 132227.2 
1000, 5, 5, resulted: 12003.8 
2500, 5, 5, resulted: 68310.2 
1000, 10, 10, resulted: 12282.0 
2500, 10, 10, resulted: 176293.40000000002 
1000, 10, 10, resulted: 12051.7 
2500, 10, 10, resulted: 156468.3 
1000, 10, 10, resulted: 12051.7 
2500, 10, 10, resulted: 156468.3 
1000, 5, 10, resulted: 12241.6 
2500, 5, 10, resulted: 74240.6 
2500, 5, 10, resulted: 74240.6 
3500, 5, 10, resulted: 500076.5999999999 
1000, 5, 0, resulted: 12042.4 
2500, 5, 0, resulted: 126754.59999999999 
1000, 5, 5, resulted: 12305.4 
2500, 5, 5, resulted: 74587.0 
1000, 10, 10, resulted: 12220.7 
2500, 10, 10, resulted: 128097.50000000001 
1000, 10, 20, resulted: 12016.399999999998 
2500, 10, 20, resulted: 115478.50000000001 
1000, 15, 20, resulted: 11998.466666666665 
1000, 10, 20, resulted: 12016.399999999998 
2500, 10, 20, resulted: 115478.50000000001 
