0.020000000000000004
0.024
0.027999999999999997
0.032
0.036000000000000004
0.036000000000000004
0.036000000000000004
0.036000000000000004
0.036000000000000004
0.036000000000000004
0.036000000000000004
0.036000000000000004
0.036000000000000004
0.036000000000000004
0.036000000000000004
0.036000000000000004
0.036000000000000004
0.036000000000000004
0.036000000000000004
0.036000000000000004
0.036000000000000004
0.038
0.04
0.046000000000000006
0.052000000000000005
0.058
0.064
0.07
0.076
0.08199999999999999
0.088
0.09399999999999999
0.09999999999999999
0.10199999999999998
0.10399999999999998
0.10599999999999998
0.10999999999999999
0.11399999999999999
0.118
0.124
0.13
0.136
0.142
0.146
0.15
0.152
0.154
0.154
0.156
0.158
0.16
0.162
0.164
0.166
0.168
0.16999999999999998
0.174
0.178
0.182
0.186
0.192
0.2
0.20800000000000002
0.21200000000000002
0.21600000000000003
0.22000000000000003
0.22399999999999998
0.22799999999999998
0.23199999999999998
0.23199999999999998
0.23199999999999998
0.23199999999999998
0.23199999999999998
0.23199999999999998
0.23199999999999998
0.23199999999999998
0.23199999999999998
0.23199999999999998
0.23399999999999999
0.236
0.238
0.24
0.242
0.244
0.248
0.252
0.256
0.26
0.266
0.27399999999999997
0.282
0.286
0.29
0.296
0.302
0.31
0.318
0.32599999999999996
0.33399999999999996
0.33999999999999997
0.346
0.352
0.358
0.366
0.376
0.388
0.4
0.41200000000000003
0.42399999999999993
0.43599999999999994
0.44999999999999996
0.46199999999999997
0.476
0.486
0.496
0.506
0.516
0.526
0.536
0.546
0.556
0.566
0.576
0.582
0.588
0.594
0.6
0.6
0.598
0.594
0.59
0.586
0.582
0.584
0.588
0.594
0.6
0.606
0.612
0.612
0.612
0.612
0.612
0.612
0.612
0.614
0.616
0.62
0.624
0.626
0.628
0.63
0.632
0.632
0.634
0.632
0.628
0.626
0.624
0.622
0.618
0.612
0.606
0.604
0.604
0.608
0.612
0.61
0.608
0.61
0.614
0.618
0.626
0.636
0.648
0.66
0.676
0.686
0.6940000000000001
0.7020000000000001
0.71
0.714
0.72
0.724
0.726
0.728
0.73
0.734
0.736
0.738
0.74
0.746
0.752
0.754
0.756
0.756
0.756
0.75
0.746
0.744
0.742
0.74
0.738
0.736
0.732
0.736
0.742
0.748
0.758
0.77
0.78
0.796
0.8099999999999998
0.8299999999999998
0.8499999999999999
0.8679999999999999
0.8879999999999999
0.9119999999999999
0.938
0.958
0.976
0.984
0.992
1.0
1.01
1.012
1.014
1.022
1.032
1.042
1.056
1.07
1.084
1.09
1.092
1.092
1.0899999999999999
1.0899999999999999
1.0899999999999999
1.0939999999999999
1.1
1.108
1.1179999999999999
1.126
1.134
1.142
1.1520000000000001
1.162
1.1720000000000002
1.1840000000000002
1.1960000000000002
1.2080000000000002
1.2200000000000002
1.2359999999999998
1.2519999999999998
1.274
1.2959999999999998
1.31
1.3239999999999998
1.3399999999999999
1.3599999999999999
1.3780000000000001
1.396
1.412
1.43
1.4439999999999997
1.458
1.4779999999999998
1.502
1.5259999999999998
1.5499999999999998
1.5779999999999998
1.5999999999999999
1.6139999999999999
1.626
1.644
1.6579999999999997
1.672
1.684
1.6979999999999997
1.712
1.7319999999999998
1.7519999999999998
1.774
1.7999999999999998
1.8239999999999998
1.8459999999999999
1.8639999999999999
1.884
1.896
1.91
1.92
1.928
1.9399999999999997
1.956
1.9699999999999998
1.982
2.0
2.018
2.0359999999999996
2.05
2.064
2.08
2.0919999999999996
2.104
2.1100000000000003
2.114
2.1180000000000003
2.12
2.1180000000000003
2.118
2.114
2.11
2.104
2.1
2.1
2.098
2.092
2.0860000000000003
2.0860000000000003
2.088
2.1020000000000003
2.1180000000000003
2.136
2.152
2.176
2.202
2.226
2.252
2.282
2.31
2.3339999999999996
2.36
2.388
2.414
2.4379999999999997
2.4619999999999997
2.484
2.508
2.532
2.558
2.586
2.612
2.638
2.6639999999999997
2.692
2.722
2.7540000000000004
2.784
2.816
2.848
2.8800000000000003
2.912
2.944
2.976
2.992
3.008
3.026
3.0479999999999996
3.07
3.088
3.102
3.114
3.132
3.1480000000000006
3.1619999999999995
3.178
3.194
3.2079999999999997
3.218
3.23
3.2399999999999998
3.258
3.282
3.3079999999999994
3.318
3.3199999999999994
3.3240000000000003
3.328
3.322
3.3119999999999994
3.3000000000000003
3.286
3.272
3.2540000000000004
3.242
3.232
3.2279999999999998
3.226
3.2300000000000004
3.234
3.2459999999999996
3.2620000000000005
3.27
3.2780000000000005
3.2880000000000003
3.306
3.3259999999999996
3.344
3.364
3.3880000000000003
3.412
3.4379999999999997
3.462
3.4859999999999998
3.508
3.5280000000000005
3.5460000000000003
3.5620000000000003
3.5860000000000003
3.6079999999999997
3.63
3.652
3.678
3.702
3.7279999999999998
3.7540000000000004
3.768
3.7780000000000005
3.79
3.806
3.814
3.8200000000000003
3.8260000000000005
3.8340000000000005
3.8400000000000003
3.846
3.856
3.864
3.874
3.882
3.8840000000000003
3.882
3.878
3.8779999999999997
3.8840000000000003
3.8920000000000003
3.908
3.9240000000000004
3.9380000000000006
3.9480000000000004
3.952
3.9579999999999997
3.9720000000000004
3.9879999999999995
3.99
3.9879999999999995
3.9780000000000006
3.9659999999999997
3.954
3.9479999999999995
3.946
3.9500000000000006
3.9500000000000006
3.9500000000000006
3.966
3.9840000000000004
4.0120000000000005
4.038
4.042
4.05
4.056
4.064000000000001
4.068
4.07
4.076
4.082
4.085999999999999
4.088
4.094
4.096
4.096
4.0920000000000005
4.082
4.068
4.069999999999999
4.08
4.1
4.124
4.156000000000001
4.194000000000001
4.228
4.2620000000000005
4.2940000000000005
4.3260000000000005
4.356
4.388
4.402
4.402
4.396000000000001
4.388000000000001
4.382
4.378
4.386
4.392
4.398
4.398000000000001
4.398000000000001
4.398000000000001
4.404
4.414
4.406000000000001
4.39
4.386
4.380000000000001
4.376
4.3759999999999994
4.384
4.396000000000001
4.406000000000001
4.42
4.438
4.457999999999999
4.476
4.496
4.49
4.478000000000001
4.473999999999999
4.478
4.478000000000001
4.478
4.488
4.499999999999999
4.516
4.529999999999999
4.548
4.568
4.592
4.6160000000000005
4.628
4.638
4.65
4.664000000000001
4.68
4.702
4.724
4.7459999999999996
4.766
4.788
4.814
4.843999999999999
4.878
4.916
4.932
4.943999999999999
4.962
4.988
5.016
5.044
5.07
5.096
5.118
5.135999999999999
5.156
5.177999999999999
5.198
5.2219999999999995
5.220000000000001
5.209999999999999
5.215999999999999
5.218
5.228
5.236000000000001
5.246
5.2620000000000005
5.282
5.3
5.322
5.346
5.369999999999999
5.398
5.415999999999999
5.428000000000001
5.437999999999999
5.449999999999999
5.446
5.4399999999999995
5.427999999999999
5.414
5.402000000000001
5.388
5.385999999999999
5.386
5.394
5.401999999999999
5.398
5.388
5.394
5.41
5.428000000000001
5.446
5.460000000000001
5.474
5.481999999999999
5.4879999999999995
5.489999999999999
5.492000000000001
5.492
5.494
5.486000000000001
5.468
5.47
5.482
5.488
5.4959999999999996
5.5040000000000004
5.513999999999999
5.526
5.534000000000001
5.532
5.526
5.522
5.518000000000001
5.498
5.478
5.48
5.492
5.502
5.506
5.513999999999999
5.52
5.522
5.5280000000000005
5.524
5.526
5.52
5.5120000000000005
5.494
5.478
5.4719999999999995
5.474
5.476
5.4799999999999995
5.49
5.496
5.5
5.506
5.495999999999999
5.476000000000001
5.448
5.417999999999999
5.390000000000001
5.356
5.342
5.332000000000001
5.336
5.331999999999999
5.340000000000001
5.35
5.366
5.384
5.39
5.3919999999999995
5.398
5.398
5.398
5.396000000000001
5.422000000000001
5.458
5.4959999999999996
5.53
5.566000000000001
5.612
5.666
5.716000000000001
5.7379999999999995
5.747999999999999
5.75
5.752
5.754
5.754
5.77
5.789999999999999
5.8100000000000005
5.8260000000000005
5.851999999999999
5.886000000000001
5.921999999999999
5.96
5.99
6.01
6.0120000000000005
6.014
6.018000000000001
6.018
6.032
6.052
6.069999999999999
6.0920000000000005
6.122
6.151999999999999
6.18
6.207999999999999
6.226
6.24
6.255999999999999
6.272000000000001
6.287999999999999
6.308000000000001
6.336
6.368
6.396
6.418000000000001
6.43
6.44
6.456
6.474
6.48
6.486
6.499999999999999
6.518
6.534
6.554000000000001
6.589999999999999
6.624
6.654000000000001
6.688
6.718
6.746000000000001
6.776
6.81
6.826
6.836
6.8340000000000005
6.816
6.804
6.794
6.79
6.786
6.776
6.764
6.756
6.75
6.748
6.7459999999999996
6.742
6.736
6.744
6.7620000000000005
6.787999999999999
6.814
6.838
6.866
6.888
6.912
6.918
6.92
6.918
6.917999999999999
6.906000000000001
6.885999999999999
6.8740000000000006
6.864000000000001
6.8500000000000005
6.842
6.835999999999999
6.827999999999999
6.808
6.786
6.752
6.719999999999999
6.688
6.648
6.594
6.5440000000000005
6.508000000000001
6.484000000000001
6.470000000000001
6.456
6.446
6.438
6.42
6.402000000000001
6.388000000000001
6.3839999999999995
6.38
6.3759999999999994
6.374
6.367999999999999
6.3660000000000005
6.3740000000000006
6.398000000000001
6.421999999999999
6.441999999999999
6.466
6.483999999999999
6.504
6.522
6.53
6.536
6.548
6.562
6.57
6.588
6.608
6.632
6.6579999999999995
6.688000000000001
6.720000000000001
6.74
6.759999999999999
6.772000000000001
6.782
6.801999999999999
6.829999999999999
6.848000000000001
6.852
6.866
6.88
6.896000000000001
6.91
6.92
6.932
6.946
6.962000000000001
6.96
6.9399999999999995
6.926
6.92
6.908
6.892
6.888000000000001
6.882
6.8919999999999995
6.916
6.943999999999999
6.972000000000001
6.996
7.016
7.041999999999999
7.058000000000001
7.078
7.103999999999999
7.12
7.128
7.135999999999999
7.142
7.16
7.176
7.192000000000001
7.210000000000001
7.2219999999999995
7.228
7.228
7.22
7.222
7.225999999999999
7.219999999999999
7.213999999999999
7.209999999999999
7.2059999999999995
7.208000000000001
7.212
7.219999999999999
7.225999999999999
7.226
7.2299999999999995
7.231999999999999
7.234
7.254
7.282
7.305999999999999
7.332
7.359999999999999
7.377999999999999
7.404
7.4319999999999995
7.46
7.492000000000001
7.52
7.546000000000001
7.568
7.588000000000001
7.608
7.63
7.6480000000000015
7.66
7.666
7.677999999999999
7.692
7.7139999999999995
7.736
7.755999999999999
7.766
7.772
7.778
7.786
7.798
7.822
7.846
7.866
7.877999999999999
7.896000000000001
7.916
7.940000000000001
7.958
7.9719999999999995
7.968000000000001
7.948
7.928
7.908
7.904
7.909999999999999
7.904000000000001
7.880000000000001
7.8580000000000005
7.846
7.834
7.830000000000001
7.8199999999999985
7.812
7.798
7.78
7.766
7.756
7.7780000000000005
7.812
7.842000000000001
7.859999999999999
7.866
7.878
7.895999999999999
7.916
7.928
7.934
7.9319999999999995
7.925999999999999
7.928000000000001
7.9319999999999995
7.934
7.95
7.962
7.966000000000001
7.973999999999999
7.99
8.008
8.03
8.02
7.998
7.97
7.942
7.922000000000001
7.906000000000001
7.8999999999999995
7.902000000000001
7.893999999999999
7.89
7.888
7.884
7.884
7.882
7.8740000000000006
7.866
7.8500000000000005
7.826
7.805999999999999
7.782
7.77
7.7620000000000005
7.752000000000001
7.7379999999999995
7.724
7.710000000000001
7.698
7.6960000000000015
7.694000000000001
7.686
7.668
7.644
7.618
7.5920000000000005
7.574
7.566000000000001
7.562
7.554
7.545999999999999
7.542
7.545999999999999
7.5520000000000005
7.558
7.554
7.538
7.524000000000001
7.52
7.523999999999999
7.54
7.556
7.574
7.594
7.6080000000000005
7.6160000000000005
7.632
7.648
7.64
7.614
7.574000000000001
7.534000000000001
7.504
7.489999999999999
7.486000000000001
7.486
7.485999999999999
7.48
7.4799999999999995
7.489999999999999
7.508
7.528000000000001
7.523999999999999
7.5040000000000004
7.484
7.46
7.446
7.43
7.4079999999999995
7.382
7.35
7.32
7.302
7.295999999999999
7.308
7.316000000000001
7.314
7.311999999999999
7.308
7.306
7.312
7.318000000000001
7.324
7.336
7.3500000000000005
7.36
7.372
7.38
7.3919999999999995
7.408
7.414
7.412000000000001
7.412000000000001
7.417999999999999
7.417999999999999
7.412000000000001
7.406000000000001
7.4
7.395999999999999
7.390000000000001
7.388
7.382000000000001
7.383999999999999
7.39
7.377999999999999
7.369999999999999
7.372
7.3740000000000006
7.3740000000000006
7.378
7.382
7.384
7.379999999999999
7.3740000000000006
7.366000000000001
7.359999999999999
7.362
7.372
7.3759999999999994
7.369999999999999
7.356
7.352
7.348000000000001
7.343999999999999
7.344000000000001
7.344000000000001
7.345999999999998
7.348
7.334
7.316
7.3100000000000005
7.3020000000000005
7.286
7.268
7.242000000000001
7.212
7.191999999999999
7.172
7.151999999999999
7.138
7.116
7.092
7.054
7.0
6.960000000000001
6.924
6.878
6.824
6.788
6.77
6.77
6.772000000000001
6.7780000000000005
6.78
6.7780000000000005
6.7780000000000005
6.764
6.754
6.752
6.76
6.755999999999999
6.75
6.76
6.779999999999999
6.798
6.816
6.83
6.846000000000001
6.862
6.880000000000001
6.888000000000001
6.888000000000001
6.886
6.878000000000001
6.856
6.834
6.814
6.792
6.772
6.7540000000000004
6.738
6.722
6.7059999999999995
6.69
6.6579999999999995
6.62
6.5840000000000005
6.5600000000000005
6.5379999999999985
6.518000000000001
6.506
6.500000000000001
6.502000000000001
6.504
6.516
6.531999999999999
6.550000000000001
6.572000000000001
6.582
6.582000000000001
6.5920000000000005
6.6080000000000005
6.616
6.619999999999999
6.642
6.658
6.664
6.67
6.682
6.702
6.736
6.776
6.811999999999999
6.848000000000001
6.892
6.942
6.984
7.015999999999999
7.055999999999999
7.101999999999999
7.148
7.184
7.228000000000001
7.272
7.312
7.35
7.3759999999999994
7.394
7.422000000000001
7.452
7.4719999999999995
7.482
7.492000000000001
7.5040000000000004
7.522
7.5440000000000005
7.5600000000000005
7.578000000000001
7.596
7.606
7.6080000000000005
7.597999999999999
7.598000000000001
7.6080000000000005
7.606
7.606
7.617999999999999
7.636000000000001
7.654
7.677999999999999
7.704
7.734000000000001
7.772
7.808
7.825999999999999
7.832000000000001
7.8340000000000005
7.822
7.796
7.766
7.747999999999999
7.736000000000001
7.719999999999999
7.699999999999999
7.683999999999999
7.67
7.655999999999999
7.65
7.635999999999999
7.619999999999999
7.604000000000001
7.592
7.5760000000000005
7.561999999999999
7.558
7.553999999999999
7.5600000000000005
7.566000000000001
7.5760000000000005
7.584
7.59
7.6
7.6
7.598
7.602
7.613999999999999
7.616
7.61
7.597999999999999
7.58
7.553999999999999
7.522
7.491999999999999
7.466
7.446
7.427999999999999
7.404
7.376
7.36
7.362
7.362
7.362000000000001
7.37
7.379999999999999
7.3839999999999995
7.389999999999999
7.393999999999999
7.394
7.396000000000001
7.3919999999999995
7.366
7.327999999999999
7.292
7.256
7.218
7.178
7.144
7.112
7.08
7.05
7.0280000000000005
7.016000000000001
7.013999999999999
7.013999999999999
7.008000000000001
7.0
6.993999999999999
6.986
6.99
6.992000000000001
7.0040000000000004
7.028
7.042000000000001
7.045999999999999
7.0440000000000005
7.039999999999999
7.038
7.036
7.024
7.0120000000000005
6.997999999999999
6.99
6.984
6.98
6.984
6.992000000000001
6.991999999999999
6.9879999999999995
6.978
6.952
6.928000000000001
6.904
6.864000000000001
6.814
6.776
6.746
6.734
6.734
6.750000000000001
6.764
6.768000000000001
6.766
6.77
6.779999999999999
6.7940000000000005
6.811999999999999
6.8260000000000005
6.827999999999999
6.828
6.8260000000000005
6.83
6.84
6.854000000000001
6.872
6.888
6.9
6.9
6.9
6.91
6.924
6.926
6.922000000000001
6.922000000000001
6.922
6.936000000000002
6.943999999999999
6.964
6.984
6.996
7.002000000000001
7.01
7.023999999999999
7.0440000000000005
7.068
7.0760000000000005
7.078
7.076
7.076
7.078
7.078
7.08
7.082
7.068
7.046000000000001
7.032
7.018
7.01
7.006
6.9959999999999996
6.986000000000001
6.978000000000001
6.973999999999999
6.973999999999999
6.9719999999999995
6.968
6.9559999999999995
6.938000000000001
6.922
6.898000000000001
6.872
6.848000000000001
6.822
6.7780000000000005
6.728
6.684
6.644
6.614
6.586
6.558
6.532
6.498000000000001
6.462
6.434000000000001
6.41
6.4
6.396000000000001
6.382000000000001
6.359999999999999
6.348
6.334
6.327999999999999
6.33
6.331999999999999
6.33
6.314
6.295999999999999
6.276
6.26
6.25
6.252
6.2379999999999995
6.2219999999999995
6.208
6.204000000000001
6.209999999999999
6.216
6.22
6.224
6.224
6.222
6.226
6.232
6.232
6.224
6.214
6.204
6.202
6.2
6.212000000000001
6.224000000000001
6.24
6.258
6.2620000000000005
6.258000000000001
6.26
6.266
6.2780000000000005
6.292
6.284
6.266
6.258
6.2540000000000004
6.252
6.252
6.241999999999999
6.234
6.220000000000001
6.204
6.195999999999999
6.192
6.196000000000001
6.2
6.188000000000001
6.164
6.154
6.148
6.15
6.158
6.156
6.15
6.14
6.1259999999999994
6.128
6.138
6.1419999999999995
6.15
6.148
6.138000000000001
6.129999999999999
6.122
6.12
6.120000000000001
6.12
6.124
6.122
6.119999999999999
6.12
6.116
6.114
6.105999999999999
6.09
6.076
6.068
6.066
6.0680000000000005
6.071999999999999
6.078
6.08
6.074
6.068
6.062000000000001
6.056
6.048
6.0440000000000005
6.036000000000001
6.03
6.038
6.052
6.061999999999999
6.072000000000001
6.0760000000000005
6.07
6.06
6.048
6.04
6.028
6.022
6.017999999999999
6.014
6.004
6.008000000000001
6.012
6.0280000000000005
6.042
6.0440000000000005
6.0440000000000005
6.03
6.0120000000000005
5.984
5.9559999999999995
5.930000000000001
5.9
5.8759999999999994
5.854
5.83
5.8
5.767999999999999
5.736000000000001
5.696
5.656000000000001
5.614
5.564
5.5200000000000005
5.476
5.43
5.386
5.3420000000000005
5.298
5.273999999999999
5.26
5.246
5.229999999999999
5.222
5.209999999999999
5.194
5.176
5.158
5.142
5.1240000000000006
5.11
5.092
5.078
5.080000000000001
5.090000000000001
5.092
5.088
5.082000000000001
5.072
5.064
5.054
5.043999999999999
5.04
5.032
5.026
5.022
5.024
5.029999999999999
5.04
5.054
5.072
5.09
5.108
5.119999999999999
5.130000000000001
5.142
5.15
5.161999999999999
5.1739999999999995
5.186
5.204000000000001
5.218
5.228000000000001
5.23
5.226000000000001
5.2219999999999995
5.216
5.204000000000001
5.202
5.198
5.199999999999999
5.206
5.219999999999999
5.23
5.232
5.234
5.232
5.218
5.1979999999999995
5.182
5.172
5.1579999999999995
5.148
5.132
5.114
5.1080000000000005
5.106
5.103999999999999
5.1
5.093999999999999
5.09
5.08
5.0760000000000005
5.064
5.0600000000000005
5.064
5.07
5.082000000000001
5.098000000000001
5.1240000000000006
5.152
5.17
5.1899999999999995
5.202
5.215999999999999
5.218
5.216
5.216
5.222
5.231999999999999
5.246
5.255999999999999
5.27
5.289999999999999
5.312000000000001
5.322
5.327999999999999
5.33
5.334
5.3260000000000005
5.32
5.311999999999999
5.304
5.29
5.276
5.27
5.266
5.266
5.268000000000001
5.268
5.2620000000000005
5.258
5.25
5.226000000000001
5.204000000000001
5.188000000000001
5.178
5.172
5.164
5.16
5.156000000000001
5.154
5.154
5.154
5.152
5.148
5.138
5.12
5.104
5.084
5.06
5.038
5.024
5.010000000000001
4.99
4.974
4.962
4.938
4.909999999999999
4.882
4.85
4.818
4.782
4.756
4.734
4.7139999999999995
4.692
4.672000000000001
4.648
4.63
4.608
4.58
4.548
4.526
4.51
4.486
4.464
4.452
4.446
4.436
4.417999999999999
4.404
4.3919999999999995
4.39
4.396
4.396000000000001
4.394
4.392
4.388
4.376
4.36
4.346
4.3260000000000005
4.312
4.294
4.274
4.254
4.242000000000001
4.228000000000001
4.216
4.207999999999999
4.204
4.202
4.202
4.2
4.212
4.228000000000001
4.2459999999999996
4.26
4.262
4.256
4.258000000000001
4.26
4.258
4.26
4.266
4.272
4.276
4.2780000000000005
4.29
4.3020000000000005
4.314
4.3260000000000005
4.336
4.346
4.358
4.368
4.374
4.3740000000000006
4.378
4.388
4.384
4.378
4.388
4.396
4.406000000000001
4.416
4.422000000000001
4.4239999999999995
4.426
4.426
4.42
4.412
4.402
4.388
4.372
4.352
4.348
4.344
4.342
4.342
4.34
4.33
4.33
4.337999999999999
4.3420000000000005
4.346
4.348
4.3580000000000005
4.372
4.386
4.41
4.44
4.47
4.5
4.5280000000000005
4.558
4.59
4.622
4.65
4.672000000000001
4.684
4.69
4.6899999999999995
4.688000000000001
4.698
4.708
4.716
4.726000000000001
4.7379999999999995
4.754
4.778
4.8
4.816
4.8260000000000005
4.828
4.827999999999999
4.815999999999999
4.802
4.802
4.805999999999999
4.818
4.827999999999999
4.832
4.832
4.834
4.836
4.8260000000000005
4.82
4.796
4.763999999999999
4.732
4.696
4.67
4.652
4.634
4.622
4.604
4.584
4.5760000000000005
4.574
4.566
4.552
4.534000000000001
4.5120000000000005
4.497999999999999
4.482
4.474
4.474
4.472
4.466000000000001
4.464
4.464
4.462
4.46
4.45
4.438000000000001
4.424
4.406000000000001
4.3839999999999995
4.359999999999999
4.35
4.346
4.344
4.346
4.344
4.3420000000000005
4.34
4.34
4.338
4.332
4.322
4.304
4.288
4.2780000000000005
4.276
4.2780000000000005
4.288
4.300000000000001
4.314
4.33
4.348
4.366
4.368
4.36
4.3500000000000005
4.336
4.335999999999999
4.338
4.342
4.3500000000000005
4.36
4.368
4.378
4.390000000000001
4.402
4.414
4.41
4.398
4.37
4.336
4.316000000000001
4.298
4.286
4.274
4.258
4.242
4.226
4.212
4.198
4.182
4.15
4.118
4.086
4.056
4.034
4.018000000000001
4.014
4.014
4.016
4.024
4.038
4.056
4.078
4.106
4.118
4.122
4.12
4.106
4.103999999999999
4.104
4.106
4.11
4.112
4.11
4.106
4.098000000000001
4.09
4.084
4.058
4.03
3.998
3.968
3.9459999999999997
3.93
3.912
3.8979999999999997
3.886
3.868
3.8519999999999994
3.834
3.8179999999999996
3.804
3.7860000000000005
3.768
3.746
3.7279999999999998
3.7199999999999998
3.718
3.722
3.724
3.726
3.724
3.722
3.718
3.714
3.71
3.702
3.692
3.678
3.666
3.662
3.6620000000000004
3.662
3.6580000000000004
3.652
3.644
3.6300000000000003
3.616
3.604
3.588
3.5700000000000003
3.556
3.546
3.538
3.532
3.534
3.534
3.526
3.518
3.516
3.5120000000000005
3.512
3.5119999999999996
3.5120000000000005
3.508
3.5
3.492
3.4819999999999998
3.49
3.5100000000000002
3.522
3.5300000000000002
3.54
3.552
3.564
3.5740000000000003
3.584
3.588
3.578
3.566
3.56
3.556
3.558
3.56
3.5620000000000003
3.562
3.5620000000000003
3.5620000000000003
3.5620000000000003
3.5580000000000003
3.5439999999999996
3.528
3.5060000000000002
3.4779999999999998
3.452
3.426
3.418
3.4179999999999997
3.4239999999999995
3.4299999999999997
3.4379999999999997
3.444
3.45
3.4579999999999997
3.4699999999999998
3.482
3.49
3.5
3.52
3.5359999999999996
3.5599999999999996
3.5860000000000003
3.606
3.6200000000000006
3.6340000000000003
3.6460000000000004
3.6580000000000004
3.6679999999999993
3.6760000000000006
3.6879999999999997
3.696
3.7019999999999995
3.702
3.6980000000000004
3.7059999999999995
3.7139999999999995
3.7119999999999997
3.708
3.704
3.702
3.7
3.698
3.692
3.686
3.678
3.67
3.6579999999999995
3.6480000000000006
3.6459999999999995
3.648
3.6499999999999995
3.652
3.6559999999999997
3.662
3.668
3.676
3.6799999999999997
3.6839999999999997
3.6819999999999995
3.682
3.678
3.6659999999999995
3.662
3.664
3.666
3.668
3.67
3.676
3.6759999999999997
3.6740000000000004
3.6759999999999997
3.6720000000000006
3.662
3.646
3.623999999999999
3.604
3.596
3.596
3.59
3.5780000000000003
3.5719999999999996
3.5699999999999994
3.5599999999999996
3.5479999999999996
3.5319999999999996
3.518
3.4999999999999996
3.4819999999999998
3.472
3.4640000000000004
3.4659999999999997
3.468
3.4680000000000004
3.466
3.4699999999999998
3.47
3.4699999999999998
3.4699999999999998
3.4699999999999993
3.474
3.476
3.48
3.48
3.48
3.4960000000000004
3.5200000000000005
3.532
3.5420000000000007
3.55
3.558
3.5700000000000003
3.584
3.6
3.612
3.618
3.62
3.6180000000000003
3.6100000000000003
3.6100000000000003
3.616
3.6100000000000003
3.598
3.5920000000000005
3.588
3.588
3.588
3.59
3.592
3.592
3.5879999999999996
3.58
3.5700000000000003
3.5719999999999996
3.578
3.578
3.5759999999999996
3.5839999999999996
3.596
3.61
3.6239999999999997
3.638
3.6519999999999997
3.662
3.67
3.668
3.662
3.6660000000000004
3.67
3.6640000000000006
3.654
3.646
3.6400000000000006
3.6319999999999997
3.624
3.616
3.606
3.596
3.588
3.568
3.5440000000000005
3.524
3.508
3.482
3.4539999999999997
3.428
3.3999999999999995
3.372
3.3419999999999996
3.316
3.284
3.25
3.216
3.1839999999999997
3.156
3.138
3.122
3.104
3.086
3.074
3.064
3.052
3.038
3.0319999999999996
3.03
3.0340000000000003
3.036
3.0340000000000003
3.034
3.038
3.0420000000000003
3.038
3.032
3.0279999999999996
3.026
3.018
3.01
3.0060000000000002
3.0
2.9939999999999998
2.9819999999999998
2.9619999999999997
2.936
2.92
2.9059999999999997
2.88
2.8520000000000003
2.832
2.814
2.792
2.7720000000000002
2.7479999999999993
2.7220000000000004
2.6959999999999997
2.6700000000000004
2.644
2.622
2.612
2.6060000000000003
2.596
2.582
2.5780000000000003
2.5780000000000003
2.5780000000000003
2.5759999999999996
2.572
2.57
2.566
2.564
2.56
2.554
2.5500000000000003
2.548
2.538
2.53
2.528
2.528
2.524
2.518
2.502
2.4819999999999998
2.4619999999999997
2.442
2.42
2.396
2.386
2.3819999999999997
2.368
2.352
2.346
2.3419999999999996
2.3339999999999996
2.324
2.316
2.306
2.298
2.292
2.282
2.274
2.282
2.2939999999999996
2.306
2.324
2.3519999999999994
2.38
2.4059999999999997
2.4320000000000004
2.45
2.4640000000000004
2.4800000000000004
2.4960000000000004
2.504
2.508
2.5140000000000002
2.5220000000000002
2.5300000000000002
2.5380000000000003
2.552
2.568
2.584
2.6020000000000003
2.618
2.63
2.64
2.6479999999999997
2.646
2.65
2.664
2.6759999999999997
2.684
2.6879999999999997
2.6979999999999995
2.708
2.7199999999999998
2.736
2.74
2.7399999999999998
2.734
2.7279999999999998
2.718
2.71
2.7119999999999997
2.72
2.724
2.726
2.74
2.754
2.768
2.782
2.7880000000000003
2.7880000000000003
2.7880000000000003
2.7880000000000003
2.7800000000000002
2.7699999999999996
2.762
2.7520000000000002
2.7380000000000004
2.724
2.7159999999999997
2.71
2.7020000000000004
2.694
2.682
2.672
2.66
2.644
2.63
2.614
2.6020000000000003
2.5920000000000005
2.5840000000000005
2.574
2.574
2.5700000000000003
2.566
2.564
2.556
2.552
2.558
2.568
2.574
2.5780000000000003
2.5860000000000003
2.596
2.604
2.6100000000000003
2.62
2.632
2.6420000000000003
2.652
2.6519999999999997
2.646
2.638
2.63
2.614
2.6
2.592
2.58
2.566
2.55
2.532
2.508
2.484
2.4579999999999997
2.424
2.388
2.358
2.334
2.308
2.282
2.2640000000000002
2.2520000000000002
2.242
2.23
2.216
2.202
2.1879999999999997
2.1719999999999997
2.148
2.122
2.1
2.082
2.062
2.04
2.024
2.002
1.978
1.954
1.938
1.9240000000000002
1.91
1.8960000000000001
1.8679999999999999
1.836
1.816
1.802
1.79
1.778
1.768
1.76
1.752
1.74
1.73
1.7200000000000002
1.708
1.6960000000000002
1.678
1.6580000000000001
1.652
1.6500000000000001
1.65
1.654
1.662
1.674
1.686
1.698
1.708
1.716
1.724
1.732
1.73
1.726
1.7240000000000002
1.7200000000000002
1.7200000000000002
1.724
1.724
1.726
1.732
1.74
1.748
1.762
1.774
1.786
1.784
1.7760000000000002
1.77
1.7600000000000002
1.746
1.73
1.714
1.6960000000000002
1.6800000000000002
1.6640000000000001
1.65
1.634
1.6219999999999999
1.6099999999999999
1.59
1.568
1.5579999999999998
1.552
1.5459999999999998
1.542
1.5459999999999998
1.5459999999999998
1.5459999999999998
1.546
1.546
1.548
1.554
1.56
1.558
1.556
1.566
1.576
1.586
1.594
1.6
1.608
1.616
1.624
1.6340000000000001
1.6460000000000001
1.6640000000000001
1.68
1.68
1.676
1.678
1.682
1.686
1.69
1.694
1.698
1.702
1.706
1.7120000000000002
1.718
1.7200000000000002
1.728
1.736
1.742
1.76
1.7779999999999998
1.796
1.8139999999999998
1.8279999999999996
1.8419999999999999
1.8539999999999999
1.8639999999999997
1.8719999999999999
1.8799999999999997
1.888
1.8999999999999997
1.9079999999999997
1.914
1.926
1.938
1.946
1.954
1.9539999999999997
1.952
1.946
1.9380000000000002
1.9320000000000002
1.93
1.932
1.9360000000000002
1.93
1.9220000000000002
1.924
1.9280000000000002
1.938
1.9520000000000002
1.9600000000000002
1.964
1.9640000000000002
1.962
1.9600000000000002
1.9560000000000002
1.9520000000000002
1.9440000000000002
1.922
1.8979999999999997
1.8860000000000001
1.878
1.874
1.8719999999999999
1.866
1.8599999999999999
1.858
1.8600000000000003
1.8640000000000003
1.8680000000000003
1.87
1.8760000000000003
1.874
1.866
1.866
1.8679999999999999
1.87
1.874
1.876
1.8760000000000003
1.8720000000000003
1.8680000000000003
1.862
1.854
1.846
1.842
1.834
1.826
1.824
1.822
1.818
1.814
1.81
1.812
1.818
1.824
1.828
1.832
1.83
1.826
1.804
1.782
1.774
1.77
1.77
1.768
1.76
1.752
1.748
1.744
1.74
1.736
1.73
1.7260000000000002
1.7160000000000002
1.698
1.68
1.664
1.644
1.624
1.604
1.582
1.566
1.558
1.552
1.544
1.538
1.536
1.52
1.5
1.482
1.468
1.454
1.44
1.426
1.412
1.402
1.39
1.3820000000000001
1.374
1.364
1.3499999999999999
1.3279999999999998
1.3059999999999998
1.29
1.278
1.2640000000000002
1.254
1.2400000000000002
1.224
1.21
1.196
1.186
1.176
1.1640000000000001
1.154
1.134
1.1099999999999999
1.0979999999999999
1.088
1.0779999999999998
1.0659999999999998
1.0539999999999998
1.0419999999999998
1.0379999999999998
1.0339999999999998
1.03
1.024
1.016
1.008
0.992
0.972
0.96
0.952
0.944
0.9359999999999999
0.9299999999999999
0.922
0.916
0.91
0.906
0.904
0.902
0.9
0.896
0.886
0.88
0.874
0.866
0.858
0.848
0.838
0.832
0.82
0.806
0.79
0.768
0.744
0.722
0.702
0.694
0.6859999999999999
0.6759999999999999
0.666
0.654
0.642
0.638
0.634
0.628
0.62
0.61
0.6
0.59
0.5780000000000001
0.5720000000000001
0.5680000000000001
0.5660000000000001
0.5640000000000001
0.5640000000000001
0.5640000000000001
0.5640000000000001
0.5660000000000001
0.562
0.554
0.546
0.538
0.528
0.514
0.512
0.51
0.51
0.508
0.49999999999999994
0.492
0.484
0.478
0.472
0.46599999999999997
0.45999999999999996
0.45399999999999996
0.44799999999999995
0.44200000000000006
0.44200000000000006
0.44200000000000006
0.44200000000000006
0.44200000000000006
0.44200000000000006
0.43800000000000006
0.43400000000000005
0.428
0.42200000000000004
0.41600000000000004
0.41000000000000003
0.406
0.4
0.392
0.394
0.4
0.402
0.404
0.404
0.406
0.41000000000000003
0.41200000000000003
0.41000000000000003
0.40800000000000003
0.406
0.40800000000000003
0.41200000000000003
0.41600000000000004
0.42800000000000005
0.43999999999999995
0.44999999999999996
0.46399999999999997
0.472
0.48
0.486
0.492
0.498
0.506
0.514
0.52
0.526
0.532
0.54
0.55
0.558
0.562
0.5660000000000001
0.5700000000000001
0.574
0.578
0.578
0.58
0.584
0.588
0.598
0.61
0.62
0.628
0.636
0.644
0.646
0.648
0.65
0.6519999999999999
0.6499999999999999
0.6479999999999999
0.6459999999999999
0.6459999999999999
0.6479999999999999
0.6499999999999999
0.6519999999999999
0.6539999999999999
0.6579999999999999
0.6619999999999999
0.6599999999999999
0.6579999999999999
0.6559999999999999
0.6559999999999999
0.6539999999999999
0.65
0.65
0.646
0.642
0.64
0.638
0.636
0.634
0.632
0.628
0.624
0.628
0.632
0.636
0.638
0.6419999999999999
0.6479999999999999
0.6519999999999999
0.6579999999999999
0.6639999999999999
0.6699999999999999
0.6759999999999999
0.6799999999999999
0.6819999999999999
0.6839999999999999
0.688
0.696
0.704
0.712
0.722
0.732
0.738
0.742
0.744
0.746
0.746
0.744
0.74
0.736
0.736
0.736
0.734
0.732
0.73
0.73
0.732
0.73
0.726
0.722
0.718
0.714
0.706
0.696
0.692
0.69
0.6859999999999999
0.6819999999999999
0.6779999999999999
0.6719999999999999
0.6679999999999999
0.6639999999999999
0.6619999999999999
0.6599999999999999
0.6579999999999999
0.654
0.644
0.6380000000000001
0.6360000000000001
0.6340000000000001
0.6280000000000001
0.6220000000000001
0.6180000000000001
0.6120000000000001
0.6060000000000001
0.6020000000000001
0.6000000000000001
0.5980000000000001
0.5960000000000001
0.5960000000000001
0.5920000000000001
0.5880000000000001
0.5920000000000001
0.5960000000000001
0.5960000000000001
0.5940000000000001
0.5940000000000001
0.5940000000000001
0.5960000000000001
0.6
0.604
0.61
0.618
0.626
0.626
0.626
0.626
0.626
0.626
0.624
0.624
0.624
0.624
0.624
0.624
0.622
0.62
0.618
0.616
0.616
0.616
0.616
0.616
0.616
0.616
0.616
0.614
0.61
0.608
0.604
0.602
0.604
0.606
0.608
0.612
0.616
0.62
0.62
0.62
0.62
0.614
0.608
0.604
0.6
0.598
0.598
0.5940000000000001
0.5900000000000001
0.5940000000000001
0.6000000000000001
0.6040000000000001
0.6060000000000001
0.6080000000000001
0.6120000000000001
0.614
0.614
0.61
0.6060000000000001
0.6040000000000001
0.6020000000000001
0.6000000000000001
0.6000000000000001
0.6060000000000001
0.6100000000000001
0.6140000000000001
0.6160000000000001
0.6180000000000001
0.62
0.62
0.622
0.62
0.618
0.614
0.61
0.604
0.598
0.5980000000000001
0.5980000000000001
0.5960000000000001
0.5940000000000001
0.5960000000000001
0.5980000000000001
0.5980000000000001
0.6000000000000001
0.5980000000000001
0.5940000000000001
0.5880000000000001
0.5800000000000001
0.5700000000000001
0.558
0.55
0.542
0.534
0.526
0.522
0.52
0.518
0.518
0.516
0.516
0.516
0.516
0.512
0.51
0.514
0.52
0.528
0.536
0.546
0.556
0.5640000000000001
0.5740000000000001
0.5820000000000001
0.5920000000000001
0.6020000000000001
0.6140000000000001
0.6220000000000001
0.6280000000000001
0.6340000000000001
0.638
0.644
0.652
0.658
0.668
0.678
0.6880000000000001
0.6960000000000001
0.7060000000000001
0.716
0.726
0.732
0.736
0.736
0.736
0.738
0.738
0.738
0.738
0.736
0.738
0.74
0.742
0.746
0.75
0.752
0.752
0.756
0.76
0.762
0.762
0.762
0.762
0.762
0.76
0.758
0.756
0.756
0.756
0.754
0.752
0.75
0.746
0.74
0.736
0.732
0.728
0.728
0.728
0.73
0.73
0.732
0.734
0.7380000000000001
0.742
0.75
0.758
0.766
0.776
0.786
0.796
0.806
0.8160000000000001
0.8220000000000001
0.8260000000000001
0.8319999999999999
0.8380000000000001
0.844
0.852
0.8579999999999999
0.8659999999999999
0.8759999999999999
0.8859999999999999
0.8959999999999999
0.9059999999999999
0.9179999999999999
0.9299999999999999
0.9359999999999999
0.942
0.948
0.952
0.956
0.958
0.96
0.96
0.96
0.958
0.96
0.962
0.962
0.962
0.958
0.9500000000000001
0.9440000000000001
0.936
0.926
0.914
0.906
0.9
0.894
0.888
0.882
0.874
0.866
0.854
0.842
0.83
0.82
0.8079999999999999
0.796
0.7839999999999999
0.776
0.766
0.762
0.758
0.75
0.742
0.734
0.728
0.724
0.718
0.716
0.714
0.712
0.71
0.71
0.71
0.71
0.71
0.706
0.702
0.7
0.698
0.696
0.694
0.694
0.696
0.698
0.702
0.706
0.71
0.714
0.7179999999999999
0.7199999999999999
0.7199999999999999
0.7199999999999999
0.7239999999999999
0.7279999999999999
0.7299999999999999
0.7259999999999999
0.7219999999999999
0.7179999999999999
0.716
0.712
0.708
0.702
0.698
0.688
0.676
0.664
0.652
0.638
0.624
0.614
0.604
0.594
0.584
0.574
0.5619999999999999
0.554
0.546
0.538
0.53
0.522
0.514
0.504
0.494
0.48800000000000004
0.48000000000000004
0.4739999999999999
0.4659999999999999
0.45599999999999996
0.44599999999999995
0.43799999999999994
0.42999999999999994
0.422
0.414
0.40399999999999997
0.39399999999999996
0.38399999999999995
0.374
0.368
0.364
0.36
0.35799999999999993
0.35799999999999993
0.358
0.358
0.36
0.36399999999999993
0.36799999999999994
0.37399999999999994
0.38199999999999995
0.38999999999999996
0.3979999999999999
0.4019999999999999
0.4059999999999999
0.4099999999999999
0.4139999999999999
0.41800000000000004
0.42200000000000004
0.424
0.426
0.426
0.426
0.43
0.43599999999999994
0.44199999999999995
0.44599999999999995
0.44799999999999995
0.448
0.448
0.448
0.448
0.448
0.45
0.452
0.454
0.45799999999999996
0.46599999999999997
0.474
0.48
0.486
0.488
0.488
0.49
0.49
0.492
0.492
0.49
0.488
0.486
0.484
0.484
0.484
0.484
0.48
0.47
0.46199999999999997
0.45999999999999996
0.45799999999999996
0.45599999999999996
0.45199999999999996
0.44799999999999995
0.44399999999999995
0.44199999999999995
0.43799999999999994
0.43999999999999995
0.44199999999999995
0.44399999999999995
0.44599999999999995
0.44999999999999996
0.45399999999999996
0.45799999999999996
0.46199999999999997
0.46799999999999997
0.474
0.48
0.486
0.492
0.496
0.498
0.5
0.502
0.506
0.508
0.51
0.516
0.522
0.528
0.534
0.542
0.5499999999999999
0.558
0.566
0.5740000000000001
0.582
0.5880000000000001
0.594
0.5960000000000001
0.598
0.602
0.606
0.608
0.608
0.608
0.608
0.608
0.606
0.604
0.602
0.598
0.592
0.586
0.58
0.58
0.58
0.58
0.58
0.5800000000000001
0.58
0.5800000000000001
0.58
0.58
0.58
0.5800000000000001
0.5780000000000001
0.5760000000000001
0.5740000000000001
0.572
0.5720000000000001
0.572
0.574
0.576
0.578
0.5780000000000001
0.578
0.5760000000000001
0.5740000000000001
0.5700000000000001
0.5680000000000001
0.566
0.5640000000000001
0.566
0.57
0.572
0.574
0.5720000000000001
0.5700000000000001
0.5700000000000001
0.5700000000000001
0.568
0.5680000000000001
0.5680000000000001
0.5680000000000001
0.5680000000000001
0.5680000000000001
0.5720000000000001
0.5760000000000001
0.5820000000000001
0.5880000000000001
0.594
0.6000000000000001
0.606
0.6120000000000001
0.614
0.6160000000000001
0.616
0.616
0.616
0.616
0.616
0.616
0.616
0.616
0.614
0.612
0.61
0.608
0.606
0.604
0.6
0.596
0.596
0.594
0.594
0.594
0.592
0.59
0.584
0.578
0.572
0.5660000000000001
0.558
0.55
0.542
0.534
0.53
0.526
0.528
0.532
0.536
0.54
0.546
0.552
0.558
0.564
0.568
0.572
0.572
0.572
0.572
0.572
0.572
0.572
0.57
0.568
0.566
0.566
0.566
0.566
0.564
0.5619999999999999
0.5579999999999999
0.5539999999999999
0.5499999999999999
0.5479999999999999
0.5459999999999999
0.5439999999999999
0.5439999999999999
0.5419999999999999
0.5399999999999999
0.536
0.532
0.528
0.522
0.516
0.512
0.506
0.502
0.496
0.49
0.484
0.478
0.472
0.46799999999999997
0.46399999999999997
0.46199999999999997
0.45999999999999996
0.45799999999999996
0.45799999999999996
0.45799999999999996
0.45599999999999996
0.45399999999999996
0.45199999999999996
0.44999999999999996
0.44799999999999995
0.446
0.44400000000000006
0.44000000000000006
0.43600000000000005
0.43000000000000005
0.42400000000000004
0.41600000000000004
0.40800000000000003
0.402
0.396
0.392
0.388
0.384
0.38
0.378
0.376
0.374
0.372
0.37
0.37
0.366
0.362
0.358
0.354
0.352
0.35
0.344
0.33799999999999997
0.3320000000000001
0.32600000000000007
0.32000000000000006
0.31400000000000006
0.31000000000000005
0.30600000000000005
0.30200000000000005
0.29800000000000004
0.29600000000000004
0.29400000000000004
0.29200000000000004
0.29000000000000004
0.28600000000000003
0.28200000000000003
0.276
0.268
0.26
0.252
0.244
0.238
0.23199999999999998
0.22599999999999998
0.22199999999999998
0.21799999999999997
0.21599999999999997
0.21399999999999997
0.21199999999999997
0.20999999999999996
0.20600000000000002
0.202
0.198
0.196
0.196
0.194
0.196
0.198
0.20199999999999999
0.20600000000000002
0.21200000000000002
0.218
0.224
0.228
0.228
0.226
0.224
0.222
0.22
0.21800000000000003
0.21600000000000003
0.21400000000000002
0.21400000000000002
0.21400000000000002
0.21400000000000002
0.21400000000000002
0.216
0.218
0.21600000000000003
0.21400000000000002
0.21200000000000002
0.21000000000000002
0.20800000000000002
0.20600000000000002
0.20400000000000001
0.202
0.19999999999999998
0.19799999999999998
0.19799999999999998
0.19999999999999998
0.20199999999999999
0.204
0.20400000000000001
0.20400000000000001
0.202
0.2
0.198
0.198
0.19999999999999998
0.20199999999999999
0.206
0.21
0.214
0.218
0.222
0.226
0.23
0.234
0.236
0.238
0.24
0.244
0.248
0.252
0.26
0.27
0.278
0.28600000000000003
0.29200000000000004
0.29800000000000004
0.30200000000000005
0.30600000000000005
0.31000000000000005
0.31400000000000006
0.31800000000000006
0.32200000000000006
0.32600000000000007
0.33
0.334
0.338
0.338
0.338
0.338
0.338
0.338
0.338
0.338
0.338
0.338
0.338
0.338
0.336
0.334
0.332
0.33
0.328
0.326
0.324
0.322
0.32
0.32
0.32
0.32
0.318
0.31400000000000006
0.31200000000000006
0.30600000000000005
0.30000000000000004
0.294
0.288
0.282
0.27599999999999997
0.268
0.26
0.256
0.254
0.252
0.252
0.252
0.252
0.252
0.252
0.252
0.252
0.252
0.252
0.25
0.248
0.248
0.248
0.248
0.248
0.246
0.244
0.242
0.24
0.238
0.23399999999999999
0.22999999999999998
0.22399999999999998
0.21799999999999997
0.21200000000000002
0.20800000000000002
0.20400000000000001
0.202
0.2
0.198
0.194
0.19
0.186
0.182
0.178
0.174
0.17
0.166
0.162
0.158
0.154
0.15
0.146
0.144
0.14200000000000002
0.14
0.136
0.132
0.128
0.12400000000000001
0.12000000000000001
0.11800000000000001
0.116
0.11599999999999999
0.11599999999999999
0.11599999999999999
0.11599999999999999
0.11599999999999999
0.118
0.12
0.12200000000000001
0.124
0.126
0.128
0.13
0.132
0.136
0.14
0.144
0.15
0.156
0.162
0.16799999999999998
0.16999999999999998
0.172
0.174
0.178
0.182
0.186
0.19
0.196
0.202
0.20799999999999996
0.21199999999999997
0.21599999999999997
0.21999999999999997
0.22399999999999998
0.22399999999999998
0.22199999999999998
0.21999999999999997
0.218
0.216
0.214
0.212
0.21
0.21
0.21
0.21
0.21
0.21
0.21
0.21
0.212
0.214
0.216
0.218
0.22
0.22000000000000003
0.22000000000000003
0.22000000000000003
0.22000000000000003
0.22200000000000003
0.22400000000000003
0.22400000000000003
0.22400000000000003
0.22400000000000003
0.22400000000000003
0.22400000000000003
0.22400000000000003
0.22400000000000003
0.22400000000000003
0.22400000000000003
0.22400000000000003
0.22400000000000003
0.22400000000000003
0.22400000000000003
0.22400000000000003
0.22400000000000003
0.22400000000000003
0.22400000000000003
0.22400000000000003
0.22400000000000003
0.22400000000000003
0.22400000000000003
0.22400000000000003
0.22400000000000003
0.22400000000000003
0.22400000000000003
0.22400000000000003
0.22400000000000003
0.22400000000000003
0.22400000000000003
0.22400000000000003
0.22200000000000003
0.21800000000000003
0.21400000000000002
0.21200000000000002
0.21000000000000002
0.20600000000000002
0.20400000000000001
0.202
0.2
0.198
0.194
0.19
0.18600000000000003
0.18200000000000002
0.17800000000000002
0.17200000000000001
0.166
0.16
0.15400000000000003
0.14800000000000002
0.14600000000000002
0.14400000000000002
0.14200000000000002
0.138
0.134
0.13
0.12400000000000001
0.11800000000000001
0.112
0.10600000000000001
0.10400000000000001
0.10200000000000001
0.1
0.096
0.092
0.088
0.08399999999999999
0.07800000000000001
0.07200000000000001
0.066
0.062000000000000006
0.058
0.054000000000000006
0.05
0.052000000000000005
0.054000000000000006
0.05600000000000001
0.058
0.060000000000000005
0.062000000000000006
0.064
0.066
0.066
0.066
0.066
0.066
0.066
0.064
0.062
0.057999999999999996
0.054
0.05
0.046
0.041999999999999996
0.04
0.038
0.036
0.034
0.032
0.03
0.03
0.03
0.03
0.03
0.03
0.03
0.03
0.03
0.03
0.03
0.03
0.032
0.034
0.036
0.038
0.04
0.041999999999999996
0.044
0.046
0.048
0.05
0.052000000000000005
0.054000000000000006
0.05600000000000001
0.05600000000000001
0.05600000000000001
0.05600000000000001
0.05600000000000001
0.05600000000000001
0.05600000000000001
0.05600000000000001
0.05600000000000001
0.05600000000000001
0.054000000000000006
0.052000000000000005
0.05
0.048
0.046
0.044
0.041999999999999996
0.041999999999999996
0.041999999999999996
0.041999999999999996
0.041999999999999996
0.041999999999999996
0.041999999999999996
0.041999999999999996
0.041999999999999996
0.041999999999999996
0.041999999999999996
0.041999999999999996
0.041999999999999996
0.041999999999999996
0.041999999999999996
0.041999999999999996
0.041999999999999996
0.041999999999999996
0.041999999999999996
0.041999999999999996
0.041999999999999996
0.041999999999999996
0.041999999999999996
0.041999999999999996
0.041999999999999996
0.041999999999999996
0.041999999999999996
0.041999999999999996
0.041999999999999996
0.041999999999999996
0.041999999999999996
0.041999999999999996
0.041999999999999996
0.044
0.046
0.046
0.046
0.046
0.046
0.046
0.046
0.044000000000000004
0.042
0.042
0.042
0.042
0.042
0.042
0.042
0.042
0.044000000000000004
0.046
0.048
0.05
0.052000000000000005
0.054000000000000006
0.05600000000000001
0.05600000000000001
0.05600000000000001
0.05600000000000001
0.05600000000000001
0.05600000000000001
0.05600000000000001
0.05600000000000001
0.05600000000000001
0.05600000000000001
0.05600000000000001
0.05600000000000001
0.05600000000000001
0.05600000000000001
0.05600000000000001
0.05600000000000001
0.054000000000000006
0.052000000000000005
0.05
0.048
0.046
0.044000000000000004
0.042
0.04000000000000001
0.038000000000000006
0.036000000000000004
0.034
0.032
0.030000000000000002
0.030000000000000002
0.032
0.034
0.036000000000000004
0.038
0.04
0.042
0.044000000000000004
0.046
0.048
0.048
0.048
0.048
0.048
0.048
0.048
0.048
0.048
0.048
0.048
0.048
0.048
0.048
0.048
0.048
0.048
0.048
0.048
0.048
0.048
0.048
0.048
0.048
0.048
0.048
0.048
0.048
0.048
0.048
0.048
0.048
0.048
0.048
0.048
0.048
0.048
0.048
0.048
0.046
0.044
0.042
0.04
0.038
0.036000000000000004
0.034
0.032
0.032
0.032
0.032
0.032
0.032
0.032
0.032
0.032
0.032
0.03
0.028000000000000004
0.026000000000000002
0.024
0.022
0.02
0.018
0.02
0.022
0.024
0.026000000000000002
0.026000000000000002
0.026000000000000002
0.026000000000000002
0.026000000000000002
0.026000000000000002
0.026000000000000002
0.026000000000000002
0.026000000000000002
0.026000000000000002
0.026000000000000002
0.026000000000000002
0.026000000000000002
0.026000000000000002
0.026000000000000002
0.026000000000000002
0.026000000000000002
0.026000000000000002
0.026000000000000002
0.026000000000000002
0.026000000000000002
0.026000000000000002
0.026000000000000002
0.026000000000000002
0.026000000000000002
0.026000000000000002
0.024
0.022
0.02
0.018
0.016
0.014000000000000002
0.012
0.01
0.008
0.008
0.008
0.008
0.008
0.008
0.008
0.008
0.008
0.008
0.008
0.008
0.008
0.008
0.008
0.008
0.008
0.008
0.008
0.008
0.008
0.008
0.008
0.008
0.008
0.008
0.008
0.008
0.008
0.008
0.008
0.008
0.008
0.008
0.008
0.008
0.008
0.008
0.008
0.008
0.008
0.008
0.008
0.008
0.008
0.008
0.008
0.008
0.008
0.008
0.008
0.01
0.012
0.014
0.016
0.018000000000000002
0.02
0.022000000000000002
0.026000000000000002
0.028
0.030000000000000002
0.032
0.034
0.034
0.034
0.032
0.030000000000000002
0.030000000000000002
0.030000000000000002
0.030000000000000002
0.030000000000000002
0.030000000000000002
0.030000000000000002
0.030000000000000002
0.030000000000000002
0.030000000000000002
0.030000000000000002
0.030000000000000002
0.030000000000000002
0.030000000000000002
0.030000000000000002
0.032
0.034
0.036000000000000004
0.038000000000000006
0.04000000000000001
0.042
0.044000000000000004
0.046
0.048
0.05
0.052000000000000005
0.054000000000000006
0.054000000000000006
0.054000000000000006
0.054000000000000006
0.054000000000000006
0.054000000000000006
0.054000000000000006
0.054000000000000006
0.054000000000000006
0.054000000000000006
0.054000000000000006
0.054000000000000006
0.054000000000000006
0.054000000000000006
0.054000000000000006
0.054000000000000006
0.054000000000000006
0.054000000000000006
0.054000000000000006
0.054000000000000006
0.054000000000000006
0.054000000000000006
0.054000000000000006
0.054000000000000006
0.054000000000000006
0.054000000000000006
0.054000000000000006
0.054000000000000006
0.054000000000000006
0.054000000000000006
0.054000000000000006
0.054000000000000006
0.054000000000000006
0.054000000000000006
0.055999999999999994
0.057999999999999996
0.06
0.062
0.064
0.066
0.068
0.07
0.07200000000000001
0.07200000000000001
0.07200000000000001
0.07200000000000001
0.07200000000000001
0.07200000000000001
0.07200000000000001
0.07200000000000001
0.07200000000000001
0.07200000000000001
0.07200000000000001
0.07200000000000001
0.07200000000000001
0.07200000000000001
0.07200000000000001
0.07200000000000001
0.07200000000000001
0.07
0.068
0.066
0.064
0.062
0.06
0.057999999999999996
0.05399999999999999
0.052
0.049999999999999996
0.047999999999999994
0.046
0.044
0.041999999999999996
0.041999999999999996
0.041999999999999996
0.041999999999999996
0.041999999999999996
0.041999999999999996
0.041999999999999996
0.041999999999999996
0.041999999999999996
0.041999999999999996
0.041999999999999996
0.041999999999999996
0.041999999999999996
0.041999999999999996
0.041999999999999996
0.041999999999999996
0.041999999999999996
0.039999999999999994
0.038
0.036
0.034
0.032
0.03
0.027999999999999997
0.026
0.024
0.022
0.019999999999999997
0.018
0.018
0.018
0.018
0.018
0.018
0.018
0.018
0.018
0.018
0.018
0.018
0.018
0.018
0.018
0.018
0.018
0.018
0.02
0.02
0.02
0.02
0.02
0.02
0.02
0.02
0.02
0.02
0.02
0.02
0.02
0.02
0.02
0.02
0.018
0.016
0.014000000000000002
0.012
0.01
0.008
0.006
0.004
0.002
0.002
0.002
0.002
0.002
0.002
0.002
0.002
0.002
0.002
0.002
0.002
0.002
0.002
0.002
0.002
0.002
0.002
0.002
0.002
0.002
0.002
0.002
0.002
0.002
0.002
0.002
0.002
0.002
0.002
0.002
0.002
0.002
0.002
0.002
0.002
0.002
0.002
0.002
0.002
0.002
0.002
0.002
0.002
0.002
0.002
0.002
0.002
0.002
0.002
0.002
0.002
0.002
0.002
0.002
0.002
0.002
0.002
0.002
0.002
0.002
0.002
0.002
0.002
0.002
0.002
0.002
0.002
0.002
0.002
0.002
0.002
0.002
0.002
0.002
0.002
0.0
0.0
0.0
0.0
0.0
0.0
0.0
0.0
0.0
0.0
0.0
0.0
0.0
0.0
0.0
0.0
0.0
0.0
0.0
0.0
0.0
0.0
0.0
0.0
0.0
0.0
0.0
0.0
0.0
0.0
0.0
0.0
0.0
0.0
0.0
0.0
0.0
0.0
0.0
0.0
0.0
0.0
0.0
0.0
0.0
0.0
0.0
0.0
0.0
0.0
0.0
0.0
0.0
0.0
0.0
0.0
0.0
0.0
0.0
0.0
0.0
0.0
0.0
0.0
0.0
0.0
0.0
0.0
0.0
0.0
0.0
0.0
0.0
0.0
0.0
0.0
0.0
0.0
0.0
0.0
0.0
0.0
0.0
0.0
0.0
0.0
0.0
0.0
0.0
0.0
0.0
0.0
0.0
0.0
0.0
0.0
0.0
0.0
0.0
0.0
0.0
0.0
0.0
0.0
0.0
0.0
0.0
0.0
0.0
0.0
0.0
0.0
0.0
0.0
0.0
0.0
0.0
0.0
0.0
0.0
0.0
0.0
0.0
0.0
0.0
0.0
0.0
0.0
0.0
0.0
0.0
0.0
0.0
0.0
0.0
0.0
0.0
0.0
0.0
0.0
0.0
0.0
0.0
0.0
0.0
0.0
0.0
0.0
0.0
0.0
0.0
0.0
0.0
0.0
0.0
0.0
0.0
0.0
0.0
0.0
0.0
0.0
0.0
0.0
0.0
0.0
0.0
0.0
0.0
0.0
0.0
0.0
0.0
0.0
0.0
0.0
0.0
0.0
0.0
0.0
0.0
0.0
0.0
0.0
0.0
0.0
0.0
0.0
0.0
0.0
0.0
0.0
0.0
0.0
0.0
0.0
0.0
0.0
0.0
0.0
0.0
0.0
0.0
0.0
0.0
0.0
0.0
0.0
0.0
0.0
0.0
0.0
0.0
0.0
0.0
0.0
0.0
0.0
0.0
0.0
0.0
0.0
0.0
0.0
0.0
0.0
0.0
0.0
0.0
0.0
0.0
0.0
0.0
0.0
0.0
0.0
0.0
0.0
0.0
0.0
0.0
0.0
0.0
0.0
0.0
0.0
0.0
0.0
0.0
0.0
0.0
0.0
0.0
0.0
0.0
0.0
0.0
0.0
0.0
0.0
0.0
0.0
0.0
0.0
0.0
0.0
0.0
0.0
0.0
0.0
0.0
0.0
0.0
0.0
0.0
0.0
0.0
0.0
0.0
0.0
0.0
0.0
0.0
0.0
0.0
0.0
0.0
0.0
0.0
0.0
0.0
0.0
0.0
0.0
0.0
0.0
0.0
0.0
0.0
0.0
0.0
0.0
0.0
0.0
0.0
0.0
0.0
0.0
0.0
0.0
0.0
0.0
0.0
0.0
0.0
0.0
0.0
0.0
0.0
0.0
0.0
0.0
0.0
0.0
0.0
0.0
0.0
0.0
0.0
0.0
0.0
0.0
0.0
0.0
0.0
0.0
0.0
0.0
0.0
0.0
0.0
0.0
0.0
0.0
0.0
0.0
0.0
0.0
0.0
0.0
0.0
0.0
0.0
0.0
0.0
0.0
0.0
0.0
0.0
0.0
0.0
0.0
0.0
0.0
0.0
0.0
0.0
0.0
0.0
0.0
0.0
0.0
0.0
0.0
0.0
0.0
0.0
0.0
0.0
0.0
0.0
0.0
0.0
0.0
0.0
0.0
0.0
0.0
0.0
0.0
0.0
0.0
0.0
0.0
0.0
0.0
0.0
0.0
0.0
0.0
0.0
0.0
0.0
0.0
0.0
0.0
0.0
0.0
0.0
0.0
0.0
0.0
0.0
0.0
0.0
0.0
0.0
0.0
0.0
0.0
0.0
0.0
0.002
0.004
0.006
0.008
0.01
0.012
0.014000000000000002
0.016
0.018
0.02
0.022
0.022
0.022
0.022
0.022
0.022
0.022
0.022
0.022
0.022
0.022
0.022
0.022
0.022
0.022
0.022
0.022
0.022
0.022
0.022
0.022
0.022
0.022
0.022
0.022
0.022
0.022
0.022
0.022
0.022
0.022
0.022
0.022
0.022
0.022
0.022
0.022
0.022
0.022
0.022
0.022
0.022
0.022
0.022
0.022
0.022
0.022
0.022
0.022
0.022
0.022
0.022
0.022
0.022
0.022
0.022
0.022
0.022
0.022
0.022
0.022
0.022
0.022
0.022
0.022
0.022
0.022
0.022
0.022
0.022
0.022
0.022
0.022
0.022
0.022
0.022
0.022
0.022
0.022
0.022
0.022
0.022
0.022
0.022
0.022
0.022
0.022
0.022
0.022
0.022
0.02
0.018
0.016
0.014000000000000002
0.012
0.01
0.008
0.006
0.004
0.002
0.0
0.0
0.0
0.0
0.0
0.0
0.0
0.0
0.0
0.0
0.0
0.0
0.0
0.0
0.0
0.0
0.0
0.0
0.0
0.0
0.0
0.0
0.0
0.0
0.0
0.0
0.0
0.0
0.0
0.0
0.0
0.0
0.0
0.0
0.0
0.0
0.0
0.0
0.0
0.0
0.0
0.0
0.0
0.0
0.0
0.0
0.0
0.0
0.0
0.0
0.0
0.0
0.0
0.0
0.0
0.0
0.0
0.0
0.0
0.0
0.0
0.0
0.0
0.0
0.0
0.0
0.0
0.0
0.0
0.0
0.0
0.0
0.0
0.0
0.0
0.0
0.0
0.0
0.0
0.0
0.0
0.0
0.0
0.0
0.0
0.0
0.0
0.0
0.0
0.0
0.0
0.0
0.002
0.004
0.006
0.008
0.01
0.012
0.014000000000000002
0.014000000000000002
0.014000000000000002
0.014000000000000002
0.014000000000000002
0.014000000000000002
0.014000000000000002
0.014000000000000002
0.014000000000000002
0.014000000000000002
0.014000000000000002
0.014000000000000002
0.014000000000000002
0.014000000000000002
0.014000000000000002
0.014000000000000002
0.014000000000000002
0.014000000000000002
0.014000000000000002
0.014000000000000002
0.014000000000000002
0.014000000000000002
0.014000000000000002
0.014000000000000002
0.014000000000000002
0.014000000000000002
0.014000000000000002
0.014000000000000002
0.014000000000000002
0.014000000000000002
0.014000000000000002
0.014000000000000002
0.014000000000000002
0.014000000000000002
0.014000000000000002
0.014000000000000002
0.014000000000000002
0.014000000000000002
0.014000000000000002
0.014000000000000002
0.014000000000000002
0.014000000000000002
0.014000000000000002
0.014000000000000002
0.014000000000000002
0.014000000000000002
0.014000000000000002
0.014000000000000002
0.014000000000000002
0.014000000000000002
0.014000000000000002
0.014000000000000002
0.014000000000000002
0.014000000000000002
0.014000000000000002
0.014000000000000002
0.014000000000000002
0.014000000000000002
0.014000000000000002
0.014000000000000002
0.014000000000000002
0.014000000000000002
0.014000000000000002
0.014000000000000002
0.014000000000000002
0.014000000000000002
0.014000000000000002
0.014000000000000002
0.014000000000000002
0.014000000000000002
0.014000000000000002
0.014000000000000002
0.014000000000000002
0.014000000000000002
0.014000000000000002
0.014000000000000002
0.014000000000000002
0.014000000000000002
0.014000000000000002
0.014000000000000002
0.014000000000000002
0.014000000000000002
0.014000000000000002
0.014000000000000002
0.014000000000000002
0.014000000000000002
0.014000000000000002
0.014000000000000002
0.014000000000000002
0.014000000000000002
0.014000000000000002
0.014000000000000002
0.014000000000000002
0.014000000000000002
0.012
0.01
0.008
0.006
0.004
0.002
0.0
0.0
0.0
0.0
0.0
0.0
0.0
0.0
0.0
0.0
0.0
0.0
0.0
0.0
0.0
0.0
0.0
0.0
0.0
0.0
0.0
0.0
0.0
0.0
0.0
0.0
0.0
0.0
0.0
0.0
0.0
0.0
0.0
0.0
0.0
0.0
0.0
0.0
0.0
0.0
0.0
0.0
0.0
0.0
0.0
0.0
0.0
0.0
0.0
0.0
0.0
0.0
0.0
0.0
0.0
0.0
0.0
0.0
0.0
0.0
0.0
0.0
0.0
0.0
0.0
0.0
0.0
0.0
0.0
0.0
0.0
0.0
0.0
0.0
0.0
0.0
0.0
0.0
0.0
0.0
0.0
0.0
0.0
0.0
0.0
0.0
0.0
0.0
0.0
0.0
0.0
0.0
0.0
0.0
0.0
0.0
