0.008
0.01
0.012
0.012
0.012
0.014
0.016
0.02
0.024
0.028
0.032
0.036000000000000004
0.04000000000000001
0.044
0.048
0.052000000000000005
0.055999999999999994
0.06
0.064
0.068
0.07400000000000001
0.08199999999999999
0.092
0.10200000000000001
0.114
0.126
0.138
0.14799999999999996
0.15999999999999998
0.172
0.19
0.20800000000000002
0.22800000000000004
0.24200000000000002
0.256
0.26999999999999996
0.284
0.29799999999999993
0.31199999999999994
0.32599999999999996
0.33999999999999997
0.35
0.36
0.37
0.382
0.394
0.4059999999999999
0.4139999999999999
0.42599999999999993
0.43399999999999994
0.44199999999999995
0.44999999999999996
0.45799999999999996
0.46599999999999997
0.474
0.484
0.496
0.51
0.526
0.542
0.562
0.5800000000000001
0.5980000000000001
0.6080000000000001
0.618
0.63
0.642
0.656
0.672
0.684
0.698
0.712
0.728
0.744
0.76
0.772
0.786
0.796
0.806
0.8179999999999998
0.8299999999999998
0.8439999999999999
0.8619999999999999
0.8799999999999999
0.8979999999999999
0.9179999999999999
0.942
0.97
0.998
1.028
1.062
1.086
1.108
1.1340000000000001
1.1660000000000001
1.2
1.238
1.274
1.3079999999999998
1.338
1.374
1.412
1.4540000000000002
1.5019999999999998
1.552
1.58
1.5979999999999999
1.6119999999999999
1.63
1.656
1.682
1.7
1.7160000000000002
1.734
1.754
1.776
1.7999999999999998
1.824
1.8479999999999999
1.8599999999999999
1.876
1.8899999999999997
1.904
1.912
1.9159999999999997
1.9219999999999997
1.9279999999999997
1.9419999999999997
1.96
1.9799999999999998
1.9940000000000002
2.0120000000000005
2.0300000000000002
2.04
2.048
2.0540000000000003
2.058
2.0620000000000003
2.066
2.074
2.084
2.1
2.1159999999999997
2.1319999999999997
2.15
2.174
2.202
2.2319999999999998
2.26
2.296
2.338
2.3739999999999997
2.41
2.452
2.4939999999999998
2.536
2.58
2.622
2.662
2.702
2.7399999999999998
2.7640000000000002
2.7859999999999996
2.806
2.824
2.8360000000000003
2.854
2.872
2.896
2.9299999999999997
2.964
2.992
3.0200000000000005
3.05
3.08
3.0999999999999996
3.1180000000000003
3.1379999999999995
3.1579999999999995
3.174
3.192
3.216
3.24
3.2659999999999996
3.292
3.3160000000000003
3.3379999999999996
3.356
3.378
3.394
3.414
3.448
3.484
3.524
3.5599999999999996
3.596
3.6319999999999997
3.668
3.708
3.742
3.764
3.784
3.802
3.8120000000000003
3.8180000000000005
3.8400000000000003
3.8700000000000006
3.8919999999999995
3.9080000000000004
3.9139999999999993
3.922
3.944
3.97
3.9960000000000004
4.024
4.052
4.088
4.1240000000000006
4.166
4.2219999999999995
4.276
4.326
4.378
4.436
4.504
4.578
4.656
4.724
4.782
4.828
4.869999999999999
4.9
4.928
4.974
5.024
5.076
5.134
5.186
5.236
5.284000000000001
5.332
5.378
5.422000000000001
5.465999999999999
5.51
5.552
5.592
5.644
5.694
5.739999999999999
5.782
5.828
5.8759999999999994
5.928000000000001
5.9799999999999995
6.0120000000000005
6.034
6.050000000000001
6.058
6.07
6.088
6.13
6.178
6.23
6.284
6.3420000000000005
6.396000000000001
6.45
6.496
6.538
6.578
6.616
6.653999999999999
6.696
6.741999999999999
6.808
6.878
6.946
7.01
7.056
7.0920000000000005
7.118
7.143999999999999
7.167999999999999
7.196
7.218000000000001
7.236
7.2540000000000004
7.274
7.3
7.318
7.33
7.342
7.346
7.346
7.344
7.340000000000001
7.337999999999999
7.337999999999999
7.344
7.359999999999999
7.382000000000001
7.406000000000001
7.43
7.4559999999999995
7.4799999999999995
7.51
7.548
7.586
7.6240000000000006
7.6579999999999995
7.686
7.718
7.744
7.770000000000001
7.800000000000001
7.826
7.846
7.8580000000000005
7.864000000000001
7.876
7.9
7.928
7.962000000000001
7.998
8.02
8.04
8.056000000000001
8.078
8.112
8.154
8.190000000000001
8.216000000000001
8.232
8.252
8.282
8.31
8.348
8.392
8.437999999999999
8.484
8.526
8.564
8.596
8.622
8.636
8.648
8.644
8.636000000000001
8.626000000000001
8.614
8.61
8.605999999999998
8.598
8.591999999999999
8.612
8.648
8.698
8.76
8.806000000000001
8.838
8.856
8.866
8.884
8.906
8.926
8.944
8.96
8.978
8.998000000000001
9.02
9.056000000000001
9.096
9.126000000000001
9.155999999999999
9.182000000000002
9.214
9.25
9.294
9.358
9.431999999999999
9.508000000000001
9.584
9.678
9.776
9.88
10.004
10.117999999999999
10.218
10.298
10.372
10.45
10.532
10.612
10.68
10.75
10.816
10.884
10.952
11.034
11.129999999999999
11.207999999999998
11.280000000000001
11.345999999999998
11.411999999999999
11.476
11.538
11.602
11.67
11.744
11.834
11.925999999999998
12.015999999999998
12.120000000000001
12.23
12.32
12.396
12.456
12.501999999999999
12.534
12.547999999999998
12.552
12.548
12.544
12.530000000000001
12.527999999999999
12.527999999999999
12.548000000000002
12.572
12.596
12.616
12.646
12.686
12.74
12.8
12.850000000000001
12.904
12.96
13.02
13.084
13.156
13.228
13.3
13.363999999999999
13.421999999999999
13.488
13.552
13.618
13.687999999999999
13.762
13.843999999999998
13.928
14.02
14.118
14.227999999999998
14.342
14.456
14.559999999999999
14.648
14.736
14.822000000000001
14.898
14.975999999999999
15.053999999999998
15.128
15.212
15.3
15.39
15.479999999999999
15.572
15.666
15.744
15.81
15.876000000000001
15.944
16.014000000000003
16.072
16.134
16.192
16.246000000000002
16.285999999999998
16.318
16.352
16.38
16.406
16.43
16.44
16.458
16.486
16.532000000000004
16.586
16.646
16.71
16.77
16.848
16.908
16.950000000000003
16.978
17.003999999999998
17.014
17.003999999999998
16.998
16.994
16.992
16.982
16.984
16.992
17.008000000000003
17.029999999999998
17.058
17.082
17.114
17.142
17.162
17.176000000000002
17.206
17.244
17.308
17.39
17.494
17.612
17.732
17.85
17.964
18.076
18.186
18.3
18.394
18.49
18.582
18.674
18.776
18.89
19.002000000000002
19.108
19.218000000000004
19.314
19.408
19.492
19.560000000000002
19.612000000000002
19.662
19.71
19.766
19.83
19.887999999999998
19.96
20.034
20.107999999999997
20.182000000000002
20.244
20.302
20.36
20.416
20.47
20.52
20.573999999999998
20.628
20.698
20.78
20.872
20.964
21.056
21.131999999999998
21.200000000000003
21.246
21.282
21.308
21.334000000000003
21.346
21.372
21.412
21.464
21.528
21.594
21.657999999999998
21.728
21.796
21.868
21.942
22.037999999999997
22.157999999999998
22.278000000000002
22.38
22.476
22.558
22.631999999999998
22.686
22.726
22.756
22.77
22.778
22.78
22.786
22.778000000000002
22.782000000000004
22.812
22.85
22.888
22.926000000000002
22.965999999999998
23.018
23.072000000000003
23.142000000000003
23.222
23.308
23.392
23.48
23.558
23.634
23.716
23.784
23.848
23.916
23.984
24.056
24.137999999999998
24.22
24.306
24.396
24.482000000000003
24.562
24.648
24.726
24.791999999999998
24.836
24.869999999999997
24.916000000000004
24.951999999999998
25.002000000000002
25.056
25.105999999999998
25.154
25.216
25.278
25.352000000000004
25.451999999999998
25.562
25.680000000000003
25.798000000000002
25.914
26.034
26.163999999999998
26.3
26.439999999999998
26.59
26.728
26.876
27.036
27.196
27.372
27.528000000000002
27.67
27.77
27.848
27.906
27.958000000000002
28.023999999999997
28.096
28.184
28.286
28.414
28.558
28.716
28.881999999999998
29.052
29.218
29.360000000000003
29.473999999999997
29.584000000000003
29.669999999999998
29.746000000000002
29.808000000000003
29.86
29.903999999999996
29.950000000000003
29.997999999999998
30.054000000000002
30.116
30.178000000000004
30.221999999999998
30.246
30.264
30.29
30.323999999999998
30.384
30.462000000000003
30.56
30.672
30.792
30.924
31.044
31.152
31.248
31.346
31.444000000000003
31.526
31.606
31.692
31.788
31.886
31.982
32.074
32.152
32.226
32.306
32.382000000000005
32.456
32.542
32.624
32.684
32.74
32.802
32.872
32.95
33.038
33.114000000000004
33.184
33.26
33.344
33.438
33.552
33.666
33.784000000000006
33.914
34.064
34.218
34.38
34.556000000000004
34.724
34.888
35.040000000000006
35.194
35.32
35.44
35.556
35.668
35.775999999999996
35.882
36.004
36.14
36.298
36.471999999999994
36.648
36.82
36.994
37.178
37.348
37.51
37.678
37.838
38.002
38.156
38.328
38.502
38.676
38.85
38.989999999999995
39.114000000000004
39.217999999999996
39.31
39.378
39.426
39.472
39.525999999999996
39.584
39.65
39.754
39.888000000000005
40.034
40.19
40.355999999999995
40.534000000000006
40.69
40.839999999999996
40.968
41.092
41.214
41.326
41.44200000000001
41.562
41.682
41.804
41.932
42.071999999999996
42.19199999999999
42.292
42.382
42.45399999999999
42.528
42.598
42.672
42.756
42.848
42.964
43.082
43.222
43.382
43.55
43.716
43.876000000000005
44.036
44.19800000000001
44.366
44.542
44.71
44.89
45.078
45.272000000000006
45.466
45.652
45.838
46.025999999999996
46.202
46.368
46.508
46.648
46.788
46.912
47.032
47.138000000000005
47.244
47.356
47.458
47.558
47.644000000000005
47.730000000000004
47.806
47.878
47.955999999999996
48.042
48.147999999999996
48.254000000000005
48.373999999999995
48.510000000000005
48.654
48.802
48.94200000000001
49.07599999999999
49.194
49.288
49.361999999999995
49.414
49.46
49.506
49.542
49.568000000000005
49.604
49.63799999999999
49.68
49.736
49.806
49.888000000000005
49.977999999999994
50.072
50.178000000000004
50.272
50.38999999999999
50.523999999999994
50.664
50.812
50.982
51.176
51.382000000000005
51.61
51.83
52.032000000000004
52.214
52.382
52.546
52.706
52.873999999999995
53.05
53.263999999999996
53.507999999999996
53.78
54.05199999999999
54.33
54.638000000000005
54.944
55.262
55.58
55.89
56.19199999999999
56.488
56.788
57.104
57.43599999999999
57.786
58.135999999999996
58.504
58.884
59.28
59.656000000000006
59.998000000000005
60.318
60.61
60.86599999999999
61.1
61.332
61.55800000000001
61.790000000000006
62.036
62.285999999999994
62.542
62.798
63.056
63.3
63.538
63.78200000000001
64.04599999999999
64.32000000000001
64.598
64.88
65.166
65.47399999999999
65.79
66.118
66.46000000000001
66.80199999999999
67.15
67.512
67.886
68.25399999999999
68.612
68.97200000000001
69.322
69.67000000000002
70.0
70.31800000000001
70.62799999999999
70.908
71.16
71.402
71.624
71.824
72.014
72.188
72.358
72.542
72.74199999999999
72.938
73.13999999999999
73.352
73.556
73.764
73.982
74.208
74.434
74.646
74.836
75.028
75.208
75.398
75.594
75.78
75.956
76.13
76.288
76.44
76.57600000000001
76.692
76.78
76.86000000000001
76.91
76.982
77.08200000000001
77.20599999999999
77.342
77.47200000000001
77.584
77.694
77.78999999999999
77.878
77.96
78.032
78.106
78.162
78.194
78.228
78.27
78.314
78.37200000000001
78.426
78.458
78.5
78.524
78.55600000000001
78.596
78.636
78.66
78.684
78.694
78.736
78.796
78.884
78.99799999999999
79.124
79.256
79.376
79.49199999999999
79.6
79.702
79.79400000000001
79.886
79.97200000000001
80.05
80.126
80.212
80.288
80.366
80.438
80.52000000000001
80.59
80.65599999999999
80.72800000000001
80.798
80.852
80.892
80.924
80.944
80.91
80.838
80.77000000000001
80.706
80.64
80.576
80.5
80.44
80.396
80.36399999999999
80.334
80.31
80.28200000000001
80.25
80.194
80.112
80.03799999999998
79.958
79.876
79.792
79.71000000000001
79.63199999999999
79.54599999999999
79.47399999999999
79.412
79.34800000000001
79.276
79.206
79.144
79.08000000000001
79.01599999999999
78.972
78.928
78.908
78.9
78.918
78.94800000000001
78.99600000000001
79.066
79.154
79.27199999999999
79.418
79.57
79.72399999999999
79.866
80.006
80.162
80.328
80.50999999999999
80.71000000000001
80.894
81.08200000000001
81.262
81.41400000000002
81.556
81.70400000000001
81.83
81.938
82.044
82.142
82.256
82.388
82.51400000000001
82.626
82.71799999999999
82.822
82.91799999999999
83.0
83.092
83.214
83.31800000000001
83.4
83.486
83.57
83.66199999999999
83.762
83.858
83.944
84.032
84.116
84.196
84.282
84.36800000000001
84.44800000000001
84.52
84.55
84.58
84.56800000000001
84.554
84.53800000000001
84.518
84.474
84.422
84.36800000000001
84.286
84.19200000000001
84.096
84.01400000000001
83.908
83.81
83.732
83.67
83.628
83.59799999999998
83.55600000000001
83.504
83.46000000000001
83.406
83.336
83.268
83.22200000000001
83.19
83.172
83.188
83.24
83.316
83.41
83.532
83.65
83.782
83.91600000000001
84.06200000000001
84.208
84.36800000000001
84.522
84.684
84.87
85.07
85.274
85.5
85.736
85.99
86.23400000000001
86.45400000000001
86.666
86.852
87.042
87.226
87.404
87.578
87.74
87.89
88.024
88.144
88.276
88.414
88.518
88.608
88.70400000000001
88.792
88.886
88.99000000000001
89.10399999999998
89.24000000000001
89.38999999999999
89.54400000000001
89.71600000000001
89.904
90.104
90.29
90.45400000000001
90.584
90.718
90.85399999999998
90.998
91.152
91.30799999999999
91.48599999999999
91.63999999999999
91.78
91.922
92.078
92.232
92.394
92.548
92.66999999999999
92.808
92.942
93.094
93.264
93.44400000000002
93.63
93.822
94.018
94.232
94.488
94.752
95.05799999999999
95.36599999999999
95.688
96.02799999999999
96.372
96.72800000000001
97.098
97.46400000000001
97.844
98.22399999999999
98.606
98.994
99.37
99.74600000000001
100.118
100.48400000000001
100.86
101.262
101.69
102.118
102.554
102.992
103.43599999999999
103.894
104.374
104.86
105.32600000000001
105.786
106.236
106.682
107.12
107.556
107.98
108.406
108.79999999999998
109.198
109.58600000000001
109.98
110.382
110.74800000000002
111.096
111.41999999999999
111.71799999999999
111.99999999999999
112.292
112.57999999999998
112.862
113.132
113.41000000000001
113.662
113.896
114.108
114.31800000000001
114.512
114.69200000000001
114.88
115.08200000000001
115.27000000000001
115.46
115.66
115.86999999999999
116.07400000000001
116.29799999999999
116.53
116.75999999999999
116.99400000000001
117.208
117.428
117.632
117.85000000000001
118.066
118.28800000000001
118.524
118.772
119.042
119.31
119.61
119.9
120.186
120.46000000000001
120.71799999999999
120.988
121.25800000000001
121.54399999999998
121.838
122.14200000000001
122.438
122.73000000000002
123.028
123.32
123.62
123.89200000000001
124.148
124.378
124.592
124.79599999999999
124.998
125.188
125.36
125.532
125.70600000000002
125.886
126.04400000000001
126.19399999999999
126.35
126.496
126.626
126.774
126.926
127.09599999999999
127.26
127.45599999999999
127.67800000000001
127.93199999999999
128.216
128.494
128.768
129.022
129.262
129.494
129.7
129.88
130.012
130.114
130.17
130.19600000000003
130.21
130.21
130.194
130.166
130.114
130.06400000000002
130.01999999999998
129.966
129.938
129.90800000000002
129.872
129.85000000000002
129.824
129.82999999999998
129.882
129.956
130.06
130.166
130.25
130.35000000000002
130.476
130.614
130.75400000000002
130.894
131.042
131.19600000000003
131.352
131.5
131.644
131.78
131.922
132.03
132.11599999999999
132.17399999999998
132.22
132.252
132.266
132.26600000000002
132.24
132.194
132.162
132.12
132.07799999999997
132.02200000000002
131.988
131.93200000000002
131.86
131.794
131.70999999999998
131.628
131.52800000000002
131.444
131.35399999999998
131.264
131.184
131.106
131.02
130.928
130.838
130.728
130.61
130.494
130.386
130.286
130.18599999999998
130.094
130.032
130.002
129.984
129.96
129.928
129.90200000000002
129.88
129.87
129.852
129.838
129.846
129.89
129.922
129.972
130.04000000000002
130.12
130.194
130.252
130.296
130.31
130.298
130.26999999999998
130.20600000000002
130.168
130.136
130.12800000000001
130.146
130.172
130.224
130.294
130.39600000000002
130.488
130.586
130.70600000000002
130.808
130.89600000000002
130.98200000000003
131.054
131.138
131.216
131.292
131.376
131.45600000000002
131.534
131.634
131.72
131.77
131.802
131.786
131.77
131.732
131.69
131.64600000000002
131.586
131.5
131.39
131.268
131.14
131.018
130.884
130.7
130.532
130.324
130.12
129.89999999999998
129.704
129.514
129.356
129.21
129.074
128.956
128.86
128.782
128.69799999999998
128.61
128.518
128.43599999999998
128.346
128.23000000000002
128.11599999999999
128.00400000000002
127.88399999999999
127.76999999999998
127.62800000000001
127.474
127.298
127.106
126.914
126.69
126.46799999999999
126.226
125.962
125.68
125.41
125.16
124.906
124.654
124.39
124.128
123.86999999999999
123.578
123.28599999999999
122.964
122.64600000000002
122.32199999999999
121.98399999999998
121.654
121.31599999999999
120.964
120.612
120.25999999999999
119.874
119.50200000000001
119.13399999999999
118.788
118.414
118.05000000000001
117.706
117.368
117.07799999999999
116.818
116.566
116.348
116.118
115.892
115.66999999999999
115.426
115.17800000000001
114.922
114.684
114.45599999999999
114.26599999999999
114.09800000000001
113.946
113.822
113.728
113.658
113.6
113.57
113.542
113.53800000000001
113.548
113.56
113.58800000000001
113.608
113.618
113.65799999999999
113.71200000000002
113.79
113.83599999999998
113.878
113.91
113.92999999999999
113.954
113.97800000000001
114.016
114.08599999999998
114.146
114.22999999999999
114.31800000000001
114.45000000000002
114.612
114.85
115.082
115.33200000000001
115.57999999999998
115.834
116.072
116.30000000000001
116.51
116.728
116.908
117.074
117.254
117.434
117.632
117.82600000000001
118.044
118.28399999999999
118.528
118.78999999999999
119.06800000000001
119.33999999999999
119.654
119.99600000000001
120.36600000000001
120.75599999999999
121.16799999999999
121.61000000000001
122.054
122.53199999999998
123.02600000000001
123.522
124.01
124.482
124.95200000000001
125.428
125.902
126.388
126.888
127.428
127.972
128.546
129.126
129.726
130.31
130.88
131.43
131.976
132.508
132.99599999999998
133.466
133.918
134.34199999999998
134.73000000000002
135.142
135.54399999999998
135.95600000000002
136.38
136.748
137.102
137.446
137.772
138.074
138.352
138.622
138.89999999999998
139.19
139.492
139.788
140.06799999999998
140.308
140.544
140.75
140.954
141.166
141.392
141.618
141.836
142.048
142.242
142.44600000000003
142.64
142.832
142.998
143.142
143.278
143.376
143.442
143.502
143.56799999999998
143.626
143.678
143.72
143.75799999999998
143.76
143.776
143.788
143.788
143.788
143.79399999999998
143.74599999999998
143.666
143.58
143.47000000000003
143.36
143.25400000000002
143.168
143.092
143.032
142.954
142.87199999999999
142.822
142.75799999999998
142.69400000000002
142.6
142.49
142.358
142.196
142.02999999999997
141.822
141.56799999999998
141.302
141.00400000000002
140.67
140.314
139.94
139.542
139.118
138.674
138.19799999999998
137.712
137.24399999999997
136.76600000000002
136.304
135.82999999999998
135.336
134.868
134.39
133.904
133.38400000000001
132.85399999999998
132.316
131.788
131.262
130.75400000000002
130.26
129.768
129.252
128.76
128.296
127.86599999999999
127.47
127.1
126.73600000000002
126.35000000000001
125.964
125.56800000000001
125.16999999999999
124.81
124.454
124.078
123.718
123.388
123.068
122.76400000000001
122.464
122.156
121.84800000000001
121.536
121.216
120.92399999999999
120.638
120.346
120.058
119.754
119.41399999999999
119.08000000000001
118.72200000000001
118.382
118.058
117.72
117.39399999999999
117.03999999999999
116.682
116.36800000000001
116.048
115.74800000000002
115.446
115.14
114.84400000000001
114.542
114.212
113.89399999999999
113.566
113.252
112.892
112.54
112.13999999999999
111.726
111.3
110.89000000000001
110.47200000000001
110.04
109.61199999999998
109.196
108.74000000000001
108.284
107.80600000000001
107.294
106.79599999999999
106.334
105.842
105.356
104.87
104.404
103.95400000000001
103.524
103.11
102.698
102.28399999999998
101.886
101.47999999999999
101.082
100.70800000000001
100.34199999999998
99.99199999999999
99.66199999999999
99.344
99.066
98.804
98.564
98.334
98.11999999999999
97.916
97.72999999999999
97.55
97.348
97.158
96.958
96.77200000000002
96.55199999999999
96.314
96.042
95.76400000000001
95.482
95.192
94.904
94.63600000000001
94.34800000000001
94.05799999999999
93.75
93.41799999999999
93.078
92.736
92.39399999999999
92.05399999999999
91.702
91.358
91.01
90.67
90.35999999999999
90.05799999999999
89.758
89.478
89.19200000000001
88.91
88.66000000000001
88.41799999999999
88.182
87.98400000000001
87.79400000000001
87.598
87.412
87.212
87.01
86.828
86.63399999999999
86.44
86.21799999999999
85.94399999999999
85.612
85.232
84.846
84.45400000000001
84.024
83.572
83.096
82.60799999999999
82.148
81.678
81.24000000000001
80.83
80.42
80.022
79.64
79.268
78.90799999999999
78.572
78.276
77.982
77.69200000000001
77.418
77.168
76.92599999999999
76.682
76.468
76.25
76.05199999999999
75.898
75.74000000000001
75.562
75.4
75.25
75.104
74.948
74.77799999999999
74.606
74.418
74.22
74.05
73.89
73.752
73.626
73.5
73.382
73.264
73.132
72.99799999999999
72.816
72.612
72.378
72.118
71.844
71.548
71.25
70.962
70.69
70.43
70.2
69.97999999999999
69.8
69.65599999999999
69.566
69.474
69.398
69.33200000000001
69.284
69.252
69.218
69.204
69.214
69.24799999999999
69.286
69.314
69.36
69.396
69.424
69.418
69.372
69.292
69.172
69.00200000000001
68.79400000000001
68.544
68.28200000000001
68.006
67.68799999999999
67.346
67.00999999999999
66.66
66.29599999999999
65.932
65.58000000000001
65.256
64.94999999999999
64.664
64.4
64.152
63.952000000000005
63.79
63.67
63.584
63.502
63.438
63.39800000000001
63.38399999999999
63.402
63.446
63.488
63.532
63.574
63.635999999999996
63.694
63.768
63.864000000000004
63.952000000000005
64.056
64.16199999999999
64.24600000000001
64.334
64.432
64.53999999999999
64.662
64.80199999999999
64.958
65.12
65.286
65.46199999999999
65.62199999999999
65.76
65.888
65.994
66.092
66.18
66.25200000000001
66.336
66.418
66.5
66.568
66.624
66.67
66.71000000000001
66.712
66.718
66.708
66.678
66.628
66.584
66.558
66.55799999999999
66.576
66.602
66.626
66.644
66.664
66.694
66.69800000000001
66.682
66.642
66.58
66.496
66.388
66.25
66.098
65.916
65.718
65.48599999999999
65.22
64.94800000000001
64.636
64.29599999999999
63.93600000000001
63.56400000000001
63.194
62.818
62.448
62.083999999999996
61.74
61.42400000000001
61.123999999999995
60.830000000000005
60.556
60.306
60.074
59.842
59.60999999999999
59.385999999999996
59.17
58.949999999999996
58.708
58.46799999999999
58.226000000000006
57.97
57.68
57.373999999999995
57.050000000000004
56.70400000000001
56.349999999999994
55.976
55.602
55.232
54.855999999999995
54.5
54.154
53.79600000000001
53.444
53.082
52.732
52.384
52.040000000000006
51.696
51.342000000000006
51.012
50.684000000000005
50.344
50.007999999999996
49.650000000000006
49.278000000000006
48.894000000000005
48.49
48.084
47.67
47.24600000000001
46.798
46.336
45.858
45.370000000000005
44.873999999999995
44.388000000000005
43.912
43.464
43.036
42.616
42.202
41.81
41.418
41.018
40.628
40.244
39.866
39.486
39.108000000000004
38.774
38.444
38.128
37.824000000000005
37.54600000000001
37.263999999999996
36.98
36.688
36.404
36.132000000000005
35.852000000000004
35.578
35.292
34.994
34.714
34.452000000000005
34.192
33.946
33.696
33.46
33.226
33.004000000000005
32.822
32.654
32.486000000000004
32.338
32.196
32.07
31.950000000000003
31.834
31.726
31.614
31.499999999999996
31.381999999999998
31.25
31.11
30.966
30.822000000000003
30.686
30.544000000000004
30.396
30.251999999999995
30.09
29.915999999999997
29.753999999999998
29.586000000000002
29.414
29.25
29.086000000000006
28.928
28.781999999999996
28.658
28.526
28.384
28.242000000000004
28.108
27.97
27.826
27.694000000000003
27.577999999999996
27.468
27.352
27.241999999999997
27.113999999999997
26.983999999999998
26.846
26.698
26.542
26.381999999999998
26.22
26.041999999999998
25.852
25.677999999999997
25.513999999999996
25.366
25.244
25.142
25.054000000000002
24.967999999999996
24.878
24.758
24.628
24.492000000000004
24.362000000000002
24.224
24.076
23.927999999999997
23.778
23.622
23.462
23.298000000000002
23.132
22.973999999999997
22.818
22.654
22.483999999999998
22.32
22.156000000000002
22.006
21.86
21.712
21.561999999999998
21.418000000000003
21.282
21.146
21.018
20.896
20.784000000000002
20.672
20.55
20.444
20.342
20.254
20.168
20.078
19.976000000000003
19.880000000000003
19.785999999999998
19.704000000000004
19.598000000000003
19.494000000000003
19.388
19.249999999999996
19.1
18.948
18.796
18.651999999999997
18.514
18.372
18.23
18.09
17.962
17.834
17.712
17.598
17.486
17.377999999999997
17.274
17.176000000000002
17.09
17.012
16.94
16.892
16.86
16.828
16.814
16.778000000000002
16.736
16.676
16.602
16.516
16.418
16.326
16.244
16.176000000000002
16.108
16.041999999999998
15.976
15.908000000000001
15.838000000000001
15.758000000000001
15.677999999999997
15.597999999999999
15.520000000000001
15.426000000000002
15.318
15.208000000000002
15.094000000000001
14.986
14.881999999999998
14.778000000000002
14.68
14.583999999999998
14.49
14.39
14.278
14.156
14.032
13.894
13.752
13.64
13.553999999999998
13.484000000000002
13.421999999999999
13.362000000000002
13.304
13.23
13.157999999999998
13.08
13.004
12.93
12.864
12.798
12.725999999999999
12.663999999999998
12.608000000000002
12.566000000000003
12.538
12.501999999999999
12.456
12.402
12.345999999999998
12.29
12.228
12.17
12.113999999999999
12.06
11.998
11.932
11.868
11.812
11.759999999999998
11.687999999999999
11.610000000000001
11.528
11.44
11.354
11.265999999999998
11.182
11.108
11.036000000000001
10.967999999999998
10.912
10.866
10.842
10.830000000000002
10.808000000000002
10.776
10.73
10.666
10.598
10.521999999999998
10.448
10.374
10.312
10.256
10.192
10.128
10.068
10.008000000000001
9.934000000000001
9.854000000000001
9.764
9.668000000000001
9.565999999999999
9.454
9.366
9.283999999999999
9.216000000000001
9.154
9.102
9.058
9.018
8.982
8.936000000000002
8.88
8.812000000000001
8.74
8.666
8.59
8.518
8.446
8.372
8.306
8.262
8.228
8.212
8.207999999999998
8.184000000000001
8.149999999999999
8.107999999999999
8.056
8.0
7.946
7.9
7.862
7.8340000000000005
7.812
7.802
7.800000000000001
7.804
7.808000000000001
7.796000000000001
7.774000000000001
7.750000000000001
7.723999999999999
7.712
7.699999999999999
7.694000000000001
7.688
7.680000000000001
7.662
7.638
7.619999999999999
7.596
7.5699999999999985
7.537999999999999
7.499999999999999
7.4719999999999995
7.458
7.45
7.444
7.441999999999999
7.444
7.442
7.438000000000001
7.438
7.438
7.438
7.44
7.424
7.4
7.396000000000001
7.394
7.396
7.395999999999999
7.3919999999999995
7.386000000000001
7.3740000000000006
7.358
7.344
7.324000000000001
7.3
7.276
7.236000000000001
7.18
7.13
7.086000000000001
7.058
7.047999999999999
7.039999999999999
7.038
7.032
7.026
7.016
7.004
6.99
6.972
6.941999999999999
6.902
6.872000000000001
6.838
6.816
6.796
6.776
6.762
6.739999999999999
6.72
6.707999999999999
6.6979999999999995
6.683999999999999
6.672
6.64
6.593999999999999
6.558000000000001
6.526
6.504
6.483999999999999
6.460000000000001
6.438000000000001
6.4079999999999995
6.3740000000000006
6.342
6.312
6.278
6.241999999999999
6.2
6.151999999999999
6.118
6.096
6.08
6.0680000000000005
6.054
6.038
6.018
5.9959999999999996
5.974
5.952000000000001
5.93
5.91
5.877999999999999
5.8340000000000005
5.803999999999999
5.788
5.774
5.764
5.757999999999999
5.752
5.74
5.726000000000001
5.7139999999999995
5.71
5.706
5.702
5.696000000000001
5.694
5.698
5.708
5.712
5.718
5.725999999999999
5.7299999999999995
5.718
5.696
5.67
5.644
5.612
5.580000000000001
5.5360000000000005
5.48
5.434000000000001
5.394
5.356000000000001
5.324000000000001
5.292
5.266
5.242
5.218000000000001
5.198
5.182
5.166
5.15
5.1240000000000006
5.094
5.079999999999999
5.078
5.0760000000000005
5.074
5.0760000000000005
5.074000000000001
5.066000000000001
5.052
5.046000000000001
5.04
5.032000000000001
5.026
5.021999999999999
5.012
5.013999999999999
5.02
5.033999999999999
5.0520000000000005
5.068
5.082
5.098
5.108
5.116
5.128
5.136
5.144
5.143999999999999
5.134
5.144000000000001
5.162000000000001
5.176
5.1899999999999995
5.202
5.212
5.223999999999999
5.232
5.233999999999999
5.236000000000001
5.238
5.234000000000001
5.220000000000001
5.204000000000001
5.186
5.17
5.1499999999999995
5.122
5.1
5.08
5.066
5.056
5.044
5.032
5.018
5.004
4.986
4.964000000000001
4.95
4.946
4.942
4.934
4.9319999999999995
4.934
4.932
4.932
4.9239999999999995
4.912
4.896000000000001
4.874
4.846
4.814
4.796
4.776000000000001
4.746
4.715999999999999
4.692
4.6659999999999995
4.642
4.62
4.602
4.5920000000000005
4.586
4.58
4.5680000000000005
4.556
4.558
4.572
4.578
4.577999999999999
4.57
4.556
4.542
4.524
4.504
4.486000000000001
4.466
4.446
4.424
4.402
4.398
4.3999999999999995
4.398
4.392
4.376
4.3580000000000005
4.338
4.316
4.296
4.28
4.2620000000000005
4.244
4.2219999999999995
4.198
4.18
4.176
4.164
4.148
4.122
4.092
4.062
4.032
4.002
3.972
3.952
3.932
3.908
3.886
3.878
3.8800000000000003
3.8700000000000006
3.86
3.846
3.828
3.8040000000000007
3.778
3.7500000000000004
3.724
3.7140000000000004
3.7080000000000006
3.698
3.6920000000000006
3.696
3.706
3.716
3.72
3.722
3.726
3.722
3.718
3.708
3.6920000000000006
3.68
3.674
3.664
3.654
3.65
3.6500000000000004
3.6460000000000004
3.6340000000000003
3.6159999999999997
3.596
3.5840000000000005
3.568
3.55
3.5340000000000003
3.5359999999999996
3.548
3.558
3.57
3.584
3.598
3.602
3.6079999999999997
3.6159999999999997
3.622
3.63
3.638
3.646
3.6540000000000004
3.6700000000000004
3.686
3.698
3.7060000000000004
3.726
3.7520000000000002
3.7620000000000005
3.7640000000000002
3.766
3.766
3.768
3.7700000000000005
3.7720000000000002
3.7720000000000002
3.7739999999999996
3.782
3.788
3.7899999999999996
3.792
3.792
3.7920000000000003
3.7899999999999996
3.778
3.7720000000000002
3.778
3.788
3.7960000000000003
3.806
3.82
3.8380000000000005
3.842
3.842
3.848
3.8560000000000003
3.8600000000000003
3.854
3.85
3.8520000000000008
3.8580000000000005
3.8660000000000005
3.872
3.88
3.8879999999999995
3.896
3.8939999999999997
3.8820000000000006
3.8780000000000006
3.872
3.862
3.8459999999999996
3.836
3.824
3.8179999999999996
3.814
3.8139999999999996
3.818
3.824
3.8339999999999996
3.8339999999999996
3.8320000000000007
3.834
3.838
3.836
3.8300000000000005
3.8240000000000003
3.818
3.824
3.832
3.846
3.8580000000000005
3.8760000000000003
3.8980000000000006
3.9179999999999997
3.9320000000000004
3.952
3.974
3.9799999999999995
3.974
3.9639999999999995
3.958
3.96
3.968
3.972
3.976
3.982
3.9859999999999993
3.988
3.986
3.9880000000000004
3.996
4.004
4.016
4.024
4.0280000000000005
4.04
4.0520000000000005
4.056
4.052
4.0440000000000005
4.0360000000000005
4.0280000000000005
4.018
4.01
4.002
3.984
3.9580000000000006
3.942
3.926
3.9219999999999997
3.9240000000000004
3.9179999999999997
3.912
3.9099999999999997
3.908
3.904
3.8959999999999995
3.892
3.8900000000000006
3.886
3.8819999999999997
3.874
3.8680000000000003
3.8739999999999997
3.876
3.872
3.8680000000000003
3.872
3.874
3.8759999999999994
3.878
3.892
3.9060000000000006
3.916
3.9300000000000006
3.9419999999999997
3.9579999999999993
3.9779999999999998
3.998
4.014
4.03
4.042
4.054
4.07
4.088
4.109999999999999
4.136
4.156000000000001
4.1739999999999995
4.1819999999999995
4.186
4.196
4.208
4.21
4.21
4.21
4.21
4.2059999999999995
4.194
4.19
4.184
4.17
4.15
4.1240000000000006
4.096
4.072000000000001
4.054
4.032
4.008000000000001
3.9859999999999998
3.964
3.936
3.904
3.8760000000000003
3.85
3.822
3.792
3.7720000000000002
3.7619999999999996
3.76
3.756
3.7439999999999993
3.7279999999999998
3.7079999999999997
3.686
3.6619999999999995
3.6359999999999997
3.606
3.5780000000000003
3.5519999999999996
3.52
3.4840000000000004
3.442
3.422
3.4060000000000006
3.3840000000000003
3.362
3.346
3.3380000000000005
3.3320000000000003
3.326
3.322
3.32
3.3100000000000005
3.2940000000000005
3.2780000000000005
3.2640000000000002
3.256
3.2520000000000002
3.2380000000000004
3.2200000000000006
3.208
3.1980000000000004
3.184
3.174
3.168
3.158
3.148
3.14
3.132
3.1279999999999997
3.1279999999999997
3.126
3.1219999999999994
3.12
3.1199999999999997
3.122
3.118
3.118
3.1140000000000003
3.1060000000000003
3.094
3.0820000000000003
3.072
3.0620000000000003
3.0580000000000007
3.056
3.0540000000000003
3.048
3.0420000000000003
3.0359999999999996
3.0300000000000002
3.024
3.0120000000000005
2.998
2.982
2.9640000000000004
2.9440000000000004
2.926
2.9179999999999997
2.916
2.9099999999999997
2.906
2.906
2.9120000000000004
2.918
2.926
2.934
2.944
2.946
2.9459999999999997
2.948
2.9499999999999997
2.966
2.984
2.994
2.9999999999999996
3.0020000000000002
3.002
2.996
2.9899999999999998
2.9819999999999998
2.974
2.9619999999999997
2.954
2.948
2.9400000000000004
2.936
2.9299999999999997
2.924
2.9160000000000004
2.91
2.904
2.9000000000000004
2.896
2.894
2.8980000000000006
2.896
2.8899999999999997
2.88
2.87
2.8680000000000003
2.87
2.8619999999999997
2.8520000000000003
2.848
2.8460000000000005
2.842
2.8380000000000005
2.8320000000000003
2.8240000000000003
2.806
2.7880000000000003
2.77
2.7600000000000002
2.756
2.7520000000000002
2.7520000000000002
2.754
2.766
2.7800000000000002
2.7980000000000005
2.814
2.83
2.842
2.85
2.858
2.852
2.8400000000000003
2.83
2.8179999999999996
2.806
2.794
2.7840000000000003
2.7720000000000002
2.7600000000000002
2.744
2.7259999999999995
2.7060000000000004
2.6879999999999997
2.6700000000000004
2.65
2.634
2.62
2.602
2.5879999999999996
2.5740000000000003
2.556
2.54
2.526
2.51
2.4919999999999995
2.476
2.4559999999999995
2.436
2.4219999999999997
2.416
2.416
2.414
2.4119999999999995
2.408
2.4099999999999997
2.41
2.4179999999999997
2.422
2.418
2.41
2.396
2.3779999999999997
2.366
2.356
2.348
2.344
2.3379999999999996
2.332
2.336
2.348
2.366
2.3859999999999997
2.396
2.404
2.408
2.4119999999999995
2.4179999999999997
2.42
2.4219999999999997
2.4259999999999997
2.4279999999999995
2.4299999999999997
2.434
2.44
2.4499999999999997
2.4599999999999995
2.4619999999999997
2.4619999999999993
2.4619999999999993
2.4539999999999997
2.4539999999999997
2.4539999999999997
2.456
2.4579999999999997
2.458
2.4559999999999995
2.454
2.4519999999999995
2.448
2.444
2.436
2.4259999999999997
2.4119999999999995
2.3979999999999997
2.3899999999999997
2.382
2.3779999999999997
2.374
2.37
2.37
2.366
2.3600000000000003
2.35
2.342
2.322
2.3040000000000003
2.284
2.266
2.248
2.23
2.226
2.226
2.2279999999999998
2.23
2.232
2.234
2.2359999999999998
2.238
2.228
2.216
2.2
2.182
2.1679999999999997
2.1519999999999997
2.142
2.1279999999999997
2.112
2.094
2.074
2.052
2.034
2.018
1.998
1.9780000000000002
1.96
1.938
1.922
1.9040000000000001
1.8820000000000001
1.8539999999999999
1.826
1.798
1.77
1.742
1.714
1.686
1.654
1.624
1.602
1.582
1.568
1.556
1.544
1.532
1.524
1.514
1.502
1.4880000000000002
1.474
1.4560000000000002
1.4340000000000002
1.4120000000000001
1.4
1.39
1.388
1.386
1.386
1.386
1.3860000000000001
1.3840000000000001
1.3780000000000001
1.374
1.368
1.362
1.352
1.34
1.33
1.3200000000000003
1.306
1.294
1.28
1.266
1.252
1.238
1.2220000000000002
1.2060000000000002
1.1940000000000002
1.1820000000000002
1.1680000000000001
1.1500000000000001
1.1360000000000001
1.122
1.116
1.11
1.104
1.098
1.096
1.092
1.088
1.082
1.076
1.07
1.062
1.052
1.05
1.044
1.038
1.03
1.022
1.018
1.014
1.014
1.01
1.004
1.0
0.996
0.988
0.978
0.978
0.98
0.984
0.988
0.99
0.992
0.992
0.992
0.988
0.984
0.98
0.978
0.974
0.968
0.966
0.964
0.962
0.96
0.956
0.954
0.954
0.954
0.9460000000000002
0.9360000000000002
0.9260000000000002
0.9160000000000001
0.9040000000000001
0.8920000000000001
0.8820000000000001
0.8700000000000001
0.8580000000000001
0.8460000000000001
0.8340000000000001
0.8240000000000001
0.812
0.802
0.788
0.774
0.766
0.76
0.75
0.738
0.728
0.718
0.71
0.704
0.696
0.688
0.6760000000000002
0.6640000000000001
0.6520000000000001
0.6400000000000001
0.6320000000000001
0.6220000000000001
0.6140000000000001
0.6060000000000001
0.6000000000000001
0.5940000000000001
0.5920000000000001
0.5920000000000001
0.5940000000000001
0.5960000000000001
0.5960000000000001
0.5980000000000001
0.5980000000000001
0.5960000000000001
0.5960000000000001
0.6000000000000001
0.5980000000000001
0.5960000000000001
0.5960000000000001
0.6000000000000001
0.6040000000000001
0.6080000000000001
0.6100000000000001
0.6140000000000001
0.6120000000000001
0.6080000000000001
0.5980000000000001
0.5880000000000001
0.5780000000000001
0.5660000000000001
0.554
0.544
0.536
0.528
0.522
0.522
0.524
0.526
0.526
0.522
0.514
0.504
0.496
0.488
0.48
0.472
0.46799999999999997
0.46799999999999997
0.47
0.472
0.476
0.48
0.484
0.49
0.492
0.492
0.496
0.5
0.502
0.502
0.504
0.506
0.508
0.51
0.512
0.516
0.518
0.52
0.518
0.516
0.522
0.53
0.538
0.546
0.554
0.562
0.5700000000000001
0.5780000000000001
0.5860000000000001
0.5920000000000001
0.5960000000000001
0.5980000000000001
0.6000000000000001
0.6000000000000001
0.6020000000000001
0.6040000000000001
0.6020000000000001
0.6000000000000001
0.6000000000000001
0.6000000000000001
0.6000000000000001
0.6000000000000001
0.6000000000000001
0.5980000000000001
0.5920000000000001
0.5880000000000001
0.5860000000000001
0.5860000000000001
0.5880000000000001
0.5900000000000001
0.5920000000000001
0.5940000000000001
0.5920000000000001
0.5900000000000001
0.5940000000000001
0.5980000000000001
0.6020000000000001
0.6060000000000001
0.6080000000000001
0.61
0.606
0.602
0.6
0.598
0.596
0.59
0.588
0.586
0.586
0.582
0.5780000000000001
0.5740000000000001
0.5700000000000001
0.5660000000000001
0.562
0.558
0.56
0.562
0.5640000000000001
0.5680000000000001
0.5720000000000001
0.5740000000000001
0.5780000000000001
0.5820000000000001
0.5860000000000001
0.5860000000000001
0.5840000000000001
0.5820000000000001
0.5760000000000001
0.5700000000000001
0.5680000000000001
0.5680000000000001
0.5680000000000001
0.5680000000000001
0.5660000000000001
0.5640000000000001
0.562
0.558
0.554
0.552
0.548
0.544
0.538
0.53
0.526
0.524
0.522
0.52
0.52
0.522
0.524
0.526
0.528
0.5299999999999999
0.5319999999999999
0.5319999999999999
0.5319999999999999
0.5299999999999999
0.5299999999999999
0.5319999999999999
0.5319999999999999
0.534
0.5359999999999999
0.5379999999999999
0.54
0.544
0.55
0.556
0.562
0.568
0.568
0.566
0.564
0.5619999999999999
0.5599999999999999
0.5579999999999999
0.5559999999999999
0.5559999999999999
0.5579999999999999
0.5599999999999999
0.5619999999999999
0.564
0.566
0.568
0.57
0.57
0.57
0.568
0.564
0.5599999999999999
0.556
0.552
0.548
0.544
0.534
0.524
0.514
0.504
0.496
0.488
0.488
0.486
0.484
0.482
0.48
0.478
0.474
0.47000000000000003
0.466
0.46599999999999997
0.46599999999999997
0.46599999999999997
0.46599999999999997
0.46399999999999997
0.46799999999999997
0.472
0.474
0.476
0.478
0.48
0.482
0.488
0.49
0.492
0.494
0.496
0.5
0.508
0.522
0.536
0.548
0.556
0.562
0.5700000000000001
0.5780000000000001
0.5880000000000001
0.5920000000000001
0.5960000000000001
0.6000000000000001
0.6020000000000001
0.6040000000000001
0.6060000000000001
0.6100000000000001
0.6140000000000001
0.6140000000000001
0.6140000000000001
0.6120000000000001
0.6100000000000001
0.6080000000000001
0.6040000000000001
0.5980000000000001
0.5920000000000001
0.5860000000000001
0.5800000000000001
0.5760000000000001
0.5720000000000001
0.5720000000000001
0.5720000000000001
0.5720000000000001
0.5700000000000001
0.5640000000000001
0.558
0.552
0.55
0.544
0.536
0.526
0.518
0.51
0.502
0.502
0.506
0.51
0.514
0.518
0.524
0.53
0.536
0.538
0.54
0.542
0.544
0.544
0.544
0.548
0.554
0.558
0.562
0.5640000000000001
0.5660000000000001
0.5680000000000001
0.5700000000000001
0.5720000000000001
0.5740000000000001
0.5760000000000001
0.5780000000000001
0.5800000000000001
0.5840000000000001
0.5900000000000001
0.5960000000000001
0.6040000000000001
0.6120000000000001
0.6160000000000001
0.6200000000000001
0.6240000000000001
0.6320000000000001
0.6360000000000001
0.6400000000000001
0.6440000000000001
0.6440000000000001
0.6440000000000001
0.6440000000000001
0.644
0.644
0.644
0.644
0.6420000000000001
0.6400000000000001
0.6380000000000001
0.6340000000000001
0.6280000000000001
0.6180000000000001
0.6100000000000001
0.6020000000000001
0.5940000000000001
0.5860000000000001
0.5780000000000001
0.5660000000000001
0.554
0.542
0.53
0.5179999999999999
0.508
0.496
0.48400000000000004
0.4700000000000001
0.4620000000000001
0.45400000000000007
0.44600000000000006
0.43800000000000006
0.43000000000000005
0.42200000000000004
0.41600000000000004
0.41000000000000003
0.406
0.402
0.4
0.4
0.398
0.396
0.396
0.396
0.396
0.396
0.394
0.394
0.392
0.39
0.384
0.378
0.378
0.38
0.384
0.384
0.39
0.396
0.402
0.406
0.406
0.406
0.406
0.404
0.406
0.40800000000000003
0.41200000000000003
0.41400000000000003
0.41600000000000004
0.4159999999999999
0.41999999999999993
0.42399999999999993
0.42799999999999994
0.43199999999999994
0.42999999999999994
0.42599999999999993
0.42199999999999993
0.41600000000000004
0.41200000000000003
0.40800000000000003
0.40800000000000003
0.40800000000000003
0.40800000000000003
0.41000000000000003
0.41400000000000003
0.418
0.42400000000000004
0.43000000000000005
0.42800000000000005
0.42400000000000004
0.42200000000000004
0.42000000000000004
0.41800000000000004
0.41600000000000004
0.42000000000000004
0.42400000000000004
0.43200000000000005
0.43600000000000005
0.44200000000000006
0.44800000000000006
0.45399999999999996
0.45999999999999996
0.46199999999999997
0.46399999999999997
0.46799999999999997
0.472
0.476
0.48
0.486
0.492
0.498
0.504
0.512
0.52
0.528
0.538
0.544
0.55
0.5559999999999999
0.5619999999999999
0.5680000000000001
0.5740000000000001
0.5820000000000001
0.5900000000000001
0.5980000000000001
0.6060000000000001
0.614
0.622
0.63
0.638
0.64
0.642
0.644
0.646
0.646
0.646
0.648
0.65
0.654
0.656
0.656
0.656
0.658
0.6599999999999999
0.6599999999999999
0.6619999999999999
0.6639999999999999
0.6639999999999999
0.6659999999999999
0.6679999999999999
0.6779999999999999
0.688
0.698
0.706
0.708
0.71
0.71
0.718
0.716
0.712
0.712
0.712
0.712
0.712
0.71
0.708
0.704
0.7
0.694
0.69
0.6859999999999999
0.6819999999999999
0.6739999999999999
0.6639999999999999
0.6619999999999999
0.6619999999999999
0.6619999999999999
0.6619999999999999
0.6619999999999999
0.6619999999999999
0.6599999999999999
0.6579999999999999
0.6559999999999999
0.6519999999999999
0.6479999999999999
0.644
0.636
0.63
0.632
0.634
0.632
0.63
0.626
0.622
0.616
0.61
0.6
0.59
0.582
0.574
0.562
0.552
0.546
0.54
0.532
0.524
0.516
0.508
0.5
0.492
0.482
0.472
0.46399999999999997
0.45600000000000007
0.44800000000000006
0.43800000000000006
0.43200000000000005
0.42600000000000005
0.42000000000000004
0.41400000000000003
0.40800000000000003
0.402
0.396
0.39
0.384
0.378
0.372
0.366
0.358
0.35
0.348
0.346
0.344
0.344
0.344
0.344
0.344
0.344
0.34199999999999997
0.33999999999999997
0.33999999999999997
0.33999999999999997
0.33799999999999997
0.336
0.336
0.334
0.336
0.338
0.334
0.32999999999999996
0.32399999999999995
0.31799999999999995
0.30999999999999994
0.30000000000000004
0.29200000000000004
0.28400000000000003
0.274
0.256
0.248
0.242
0.236
0.22999999999999998
0.22399999999999998
0.21799999999999997
0.21399999999999997
0.21000000000000002
0.20600000000000002
0.202
0.2
0.196
0.19
0.184
0.182
0.182
0.182
0.182
0.182
0.182
0.182
0.182
0.182
0.182
0.18
0.178
0.176
0.174
0.174
0.172
0.16999999999999998
0.16799999999999998
0.16599999999999998
0.16599999999999998
0.16599999999999998
0.166
0.166
0.166
0.164
0.162
0.16
0.15800000000000003
0.15800000000000003
0.16
0.162
0.164
0.16599999999999998
0.16999999999999998
0.17400000000000002
0.18
0.182
0.184
0.186
0.19
0.192
0.194
0.196
0.198
0.2
0.202
0.20400000000000001
0.20600000000000002
0.20800000000000002
0.21000000000000002
0.21000000000000002
0.21000000000000002
0.21000000000000002
0.21000000000000002
0.21000000000000002
0.21
0.212
0.214
0.216
0.218
0.22
0.22
0.22
0.22
0.22
0.22
0.218
0.216
0.214
0.21200000000000002
0.21000000000000002
0.20800000000000002
0.20600000000000002
0.20400000000000001
0.198
0.192
0.192
0.192
0.19
0.188
0.184
0.18
0.178
0.176
0.176
0.176
0.178
0.18
0.182
0.184
0.186
0.188
0.188
0.188
0.188
0.188
0.188
0.188
0.186
0.184
0.182
0.18
0.178
0.176
0.17400000000000002
0.17200000000000001
0.17
0.168
0.166
0.166
0.17
0.17400000000000002
0.17800000000000002
0.182
0.186
0.19
0.19200000000000003
0.194
0.194
0.19200000000000003
0.19
0.188
0.188
0.19
0.194
0.198
0.2
0.202
0.20400000000000001
0.202
0.198
0.194
0.19
0.184
0.178
0.16999999999999998
0.166
0.162
0.16
0.15600000000000003
0.15200000000000002
0.14800000000000002
0.14400000000000002
0.14
0.136
0.132
0.128
0.12400000000000003
0.12000000000000002
0.11600000000000002
0.11400000000000002
0.11200000000000002
0.11000000000000001
0.10800000000000001
0.10600000000000001
0.10400000000000001
0.10200000000000001
0.1
0.1
0.1
0.1
0.1
0.1
0.1
0.1
0.1
0.10200000000000001
0.10400000000000001
0.10600000000000001
0.10800000000000001
0.10800000000000001
0.10800000000000001
0.10800000000000001
0.10800000000000001
0.10800000000000001
0.10800000000000001
0.10600000000000001
0.10400000000000001
0.10200000000000001
0.1
0.1
0.1
0.1
0.1
0.1
0.1
0.098
0.096
0.094
0.092
0.09
0.088
0.086
0.084
0.082
0.08
0.078
0.076
0.076
0.076
0.076
0.076
0.076
0.076
0.076
0.076
0.076
0.076
0.076
0.074
0.06999999999999999
0.066
0.062000000000000006
0.058
0.054
0.05000000000000001
0.04800000000000001
0.046000000000000006
0.046000000000000006
0.046000000000000006
0.046000000000000006
0.046000000000000006
0.044000000000000004
0.04000000000000001
0.036000000000000004
0.034
0.032
0.03
0.028
0.026000000000000002
0.026000000000000002
0.026000000000000002
0.026000000000000002
0.026000000000000002
0.026000000000000002
0.026000000000000002
0.026000000000000002
0.026000000000000002
0.026000000000000002
0.026000000000000002
0.026000000000000002
0.026000000000000002
0.026000000000000002
0.026000000000000002
0.026000000000000002
0.026000000000000002
0.026000000000000002
0.026000000000000002
0.026000000000000002
0.026000000000000002
0.026000000000000002
0.026000000000000002
0.026000000000000002
0.026000000000000002
0.026000000000000002
0.026000000000000002
0.026000000000000002
0.026000000000000002
0.024
0.022
0.019999999999999997
0.018000000000000002
0.016
0.014
0.014
0.014
0.014
0.014
0.012
0.01
0.01
0.01
0.01
0.01
0.01
0.01
0.01
0.01
0.01
0.01
0.01
0.01
0.01
0.01
0.01
0.01
0.012
0.014
0.016
0.02
0.026000000000000002
0.032
0.038000000000000006
0.044
0.05
0.056
0.058
0.06
0.062
0.064
0.066
0.068
0.07
0.07200000000000001
0.07400000000000001
0.07600000000000001
0.07800000000000001
0.08000000000000002
0.08199999999999999
0.08399999999999999
0.08399999999999999
0.08399999999999999
0.08399999999999999
0.08399999999999999
0.08399999999999999
0.08399999999999999
0.08399999999999999
0.08399999999999999
0.08399999999999999
0.08399999999999999
0.08399999999999999
0.08399999999999999
0.08399999999999999
0.08399999999999999
0.08399999999999999
0.08399999999999999
0.086
0.088
0.09
0.092
0.094
0.096
0.098
0.09999999999999999
0.102
0.104
0.104
0.104
0.104
0.106
0.108
0.11
0.11199999999999999
0.11599999999999999
0.12
0.124
0.128
0.132
0.136
0.13999999999999999
0.142
0.144
0.146
0.15
0.154
0.158
0.162
0.16599999999999998
0.16999999999999998
0.174
0.178
0.182
0.186
0.19
0.19
0.19
0.19
0.19
0.192
0.194
0.196
0.198
0.2
0.202
0.20400000000000001
0.20600000000000002
0.20800000000000002
0.21000000000000002
0.212
0.214
0.216
0.218
0.22
0.222
0.224
0.226
0.22799999999999998
0.22999999999999998
0.23199999999999998
0.23199999999999998
0.22999999999999998
0.22799999999999998
0.22599999999999998
0.22399999999999998
0.21999999999999997
0.216
0.216
0.216
0.216
0.216
0.216
0.21600000000000003
0.21800000000000003
0.22000000000000003
0.22200000000000003
0.22400000000000003
0.22400000000000003
0.22400000000000003
0.22400000000000003
0.22400000000000003
0.22600000000000003
0.22800000000000004
0.23000000000000004
0.23200000000000004
0.23400000000000004
0.23600000000000004
0.23800000000000004
0.24000000000000005
0.242
0.244
0.244
0.244
0.244
0.244
0.244
0.242
0.24000000000000005
0.23800000000000004
0.23600000000000004
0.23400000000000004
0.23200000000000004
0.23000000000000004
0.22800000000000004
0.22600000000000003
0.22400000000000003
0.224
0.224
0.224
0.224
0.222
0.22
0.218
0.216
0.212
0.21
0.208
0.206
0.204
0.20199999999999999
0.19999999999999998
0.19799999999999998
0.19599999999999998
0.19399999999999998
0.19
0.186
0.182
0.178
0.174
0.16999999999999998
0.166
0.162
0.158
0.154
0.15
0.148
0.146
0.146
0.146
0.146
0.146
0.146
0.146
0.146
0.146
0.146
0.146
0.146
0.146
0.146
0.146
0.146
0.146
0.144
0.14200000000000002
0.14
0.138
0.134
0.13
0.126
0.122
0.12000000000000001
0.11800000000000001
0.116
0.114
0.114
0.114
0.112
0.11
0.108
0.106
0.104
0.102
0.09799999999999999
0.094
0.09
0.086
0.08399999999999999
0.082
0.08
0.078
0.076
0.074
0.072
0.07
0.068
0.066
0.064
0.062
0.06
0.057999999999999996
0.057999999999999996
0.057999999999999996
0.057999999999999996
0.057999999999999996
0.057999999999999996
0.057999999999999996
0.057999999999999996
0.057999999999999996
0.057999999999999996
0.057999999999999996
0.057999999999999996
0.057999999999999996
0.057999999999999996
0.057999999999999996
0.057999999999999996
0.055999999999999994
0.055999999999999994
0.055999999999999994
0.055999999999999994
0.055999999999999994
0.055999999999999994
0.055999999999999994
0.055999999999999994
0.055999999999999994
0.054
0.052
0.049999999999999996
0.048
0.046
0.044
0.044
0.044
0.044
0.044
0.044
0.044
0.044
0.044
0.044
0.044
0.044
0.044
0.044
0.044
0.044
0.044
0.041999999999999996
0.04
0.038
0.036
0.034
0.032
0.03
0.028000000000000004
0.026000000000000002
0.024
0.022
0.02
0.018
0.016
0.014000000000000002
0.012
0.012
0.012
0.012
0.012
0.012
0.012
0.012
0.012
0.01
0.008
0.006
0.004
0.002
0.0
0.0
0.0
0.0
0.0
0.0
0.0
0.0
0.0
0.0
0.0
0.0
0.0
0.0
0.0
0.0
0.0
0.0
0.0
0.0
0.0
0.0
0.0
0.0
0.0
0.0
0.0
0.0
0.0
0.0
0.0
0.0
0.0
0.0
0.0
0.0
0.0
0.0
0.0
0.0
0.0
0.0
0.0
0.0
0.0
0.0
0.0
0.0
0.0
0.0
0.0
0.0
0.0
0.0
0.0
0.0
0.0
0.0
0.0
0.0
0.0
0.0
0.0
0.0
0.0
0.0
0.0
0.0
0.0
0.0
0.0
0.0
0.0
0.0
0.0
0.0
0.0
0.0
0.0
0.0
0.0
0.0
0.0
0.0
0.0
0.0
0.0
0.0
0.0
0.0
0.0
0.0
0.0
0.0
0.0
0.0
0.0
0.0
0.0
0.0
0.0
0.0
0.0
0.0
0.0
0.0
0.0
0.0
0.0
0.0
0.0
0.0
0.0
0.0
0.0
0.0
0.0
0.0
0.0
0.0
0.0
0.0
0.0
0.0
0.0
0.0
0.0
0.0
0.0
0.0
0.0
0.0
0.0
0.0
0.0
0.0
0.0
0.0
0.0
0.0
0.0
0.0
0.0
0.0
0.0
0.0
0.0
0.0
0.0
0.0
0.0
0.0
0.0
0.0
0.0
0.0
0.0
0.0
0.0
0.002
0.004
0.006
0.008
0.01
0.012
0.012
0.012
0.012
0.012
0.012
0.012
0.012
0.012
0.012
0.012
0.012
0.012
0.012
0.012
0.012
0.012
0.012
0.012
0.012
0.012
0.012
0.012
0.012
0.012
0.012
0.012
0.012
0.012
0.012
0.012
0.012
0.012
0.012
0.012
0.012
0.012
0.012
0.012
0.012
0.012
0.012
0.012
0.012
0.012
0.012
0.012
0.012
0.012
0.012
0.012
0.012
0.012
0.012
0.012
0.012
0.012
0.012
0.012
0.012
0.012
0.012
0.012
0.012
0.012
0.012
0.012
0.012
0.012
0.012
0.012
0.012
0.012
0.012
0.012
0.012
0.012
0.012
0.012
0.012
0.012
0.012
0.012
0.012
0.012
0.012
0.012
0.012
0.012
0.012
0.012
0.012
0.012
0.012
0.012
0.01
0.008
0.006
0.004
0.002
0.0
0.0
0.0
0.0
0.0
0.0
0.0
0.0
0.0
0.0
0.0
0.0
0.0
0.0
0.0
0.0
0.0
0.0
0.0
0.0
0.0
0.0
0.0
0.0
0.0
0.0
0.0
0.0
0.0
0.0
0.0
0.0
0.0
0.0
0.0
0.0
0.0
0.0
0.0
0.0
0.0
0.0
0.0
0.0
0.0
0.0
0.0
0.0
0.0
0.0
0.0
0.0
0.0
0.0
0.0
0.0
0.0
0.0
0.0
0.0
0.0
0.0
0.0
0.0
0.0
0.0
0.0
0.0
0.0
0.0
0.0
0.0
0.0
0.0
0.0
0.0
0.0
0.0
0.0
0.0
0.0
0.0
0.0
0.0
0.0
0.0
0.0
0.0
0.002
0.004
0.006
0.008
0.01
0.012
0.014000000000000002
0.016
0.018
0.02
0.022
0.022
0.022
0.022
0.022
0.022
0.022
0.022
0.022
0.022
0.022
0.022
0.022
0.022
0.022
0.022
0.022
0.022
0.022
0.022
0.022
0.022
0.022
0.022
0.022
0.022
0.022
0.022
0.022
0.022
0.022
0.022
0.022
0.022
0.022
0.022
0.022
0.022
0.022
0.022
0.022
0.022
0.022
0.022
0.022
0.022
0.022
0.022
0.022
0.022
0.022
0.022
0.022
0.022
0.022
0.022
0.022
0.022
0.022
0.022
0.022
0.022
0.022
0.022
0.022
0.022
0.022
0.022
0.022
0.022
0.022
0.022
0.022
0.022
0.022
0.022
0.022
0.022
0.022
0.022
0.022
0.022
0.022
0.022
0.022
0.022
0.022
0.022
0.022
0.022
0.02
0.018
0.016
0.014000000000000002
0.012
0.01
0.008
0.006
0.004
0.002
0.0
0.0
0.0
0.0
0.0
0.0
0.0
0.0
0.002
0.002
0.002
0.002
0.002
0.002
0.002
0.002
0.002
0.002
0.002
0.002
0.002
0.002
0.002
0.002
0.002
0.002
0.002
0.002
0.002
0.002
0.002
0.002
0.002
0.002
0.002
0.002
0.002
0.002
0.002
0.002
0.002
0.002
0.002
0.002
0.002
0.002
0.002
0.002
0.002
0.002
0.002
0.002
0.002
0.002
0.002
0.002
0.002
0.002
0.002
0.002
0.002
0.002
0.002
0.002
0.002
0.002
0.004
0.006
0.008
0.01
0.012
0.014000000000000002
0.016
0.018
0.02
0.022
0.024
0.024
0.024
0.024
0.024
0.024
0.024
0.024
0.024
0.026000000000000002
0.028
0.028
0.028
0.028
0.028
0.028
0.028
0.028
0.028
0.028
0.028
0.028
0.028
0.028
0.028
0.028
0.028
0.028
0.028
0.028
0.028
0.028
0.026
0.026
0.026
0.026
0.026
0.026
0.026
0.026
0.026
0.026
0.026
0.026
0.026
0.026
0.026
0.026
0.026
0.026
0.026
0.026
0.026
0.026
0.026
0.026
0.026
0.026
0.026
0.026
0.026
0.026
0.026
0.026
0.026
0.026
0.026
0.026
0.026
0.026
0.026
0.026
0.026
0.026
0.026
0.026
0.026
0.026
0.026
0.026
0.026
0.026
0.026
0.026
0.026
0.026
0.026
0.026
0.026
0.026
0.024
0.022
0.02
0.018000000000000002
0.016
0.014
0.012
0.01
0.008
0.006
0.004
0.004
0.004
0.004
0.004
0.004
0.004
0.004
0.004
0.002
0.0
0.0
0.0
0.0
0.0
0.0
0.0
0.0
0.0
0.0
0.0
0.0
0.0
0.0
0.0
0.0
0.0
0.0
0.0
0.0
0.0
0.0
0.0
0.0
0.0
0.0
0.0
0.0
0.0
0.0
0.0
0.0
0.0
0.0
0.0
0.0
0.0
0.0
0.0
0.0
0.0
0.0
0.0
0.0
0.0
0.0
0.0
0.0
0.0
0.0
0.0
0.0
0.0
0.0
0.0
0.0
0.0
0.0
0.0
0.0
0.0
0.0
0.0
0.0
0.0
0.0
0.0
0.0
0.0
0.0
0.0
0.0
0.0
0.0
0.0
0.0
0.0
0.0
0.0
0.0
0.0
0.0
0.0
0.0
0.0
0.0
0.0
0.0
0.0
0.0
0.0
0.0
0.0
0.0
0.0
0.0
0.0
0.0
0.0
0.0
0.0
0.0
0.0
0.0
0.0
0.0
