0.002
0.004
0.006
0.008
0.01
0.012
0.014000000000000002
0.016
0.018
0.02
0.022
0.024
0.026000000000000002
0.028000000000000004
0.03
0.032
0.034
0.036
0.04
0.044
0.047999999999999994
0.052
0.056
0.062
0.068
0.07400000000000001
0.08000000000000002
0.08600000000000001
0.09199999999999998
0.09799999999999999
0.106
0.114
0.122
0.13
0.138
0.146
0.156
0.166
0.17600000000000002
0.18800000000000003
0.19999999999999998
0.212
0.224
0.234
0.24400000000000002
0.254
0.26399999999999996
0.27399999999999997
0.286
0.298
0.31
0.322
0.334
0.346
0.358
0.37
0.382
0.394
0.40599999999999997
0.418
0.43
0.446
0.462
0.4779999999999999
0.49399999999999994
0.508
0.522
0.536
0.552
0.5680000000000001
0.5840000000000001
0.6
0.618
0.636
0.654
0.6739999999999999
0.6940000000000001
0.716
0.738
0.764
0.7939999999999999
0.824
0.856
0.884
0.912
0.936
0.9600000000000001
0.9840000000000001
1.008
1.032
1.056
1.08
1.106
1.124
1.1440000000000001
1.1640000000000001
1.1860000000000002
1.208
1.23
1.248
1.264
1.28
1.296
1.312
1.328
1.344
1.362
1.3800000000000001
1.3980000000000001
1.4160000000000001
1.4340000000000002
1.4520000000000002
1.4700000000000002
1.4860000000000002
1.5020000000000002
1.518
1.534
1.55
1.564
1.578
1.592
1.608
1.624
1.6380000000000001
1.6540000000000001
1.6700000000000002
1.6860000000000002
1.7020000000000002
1.718
1.734
1.7479999999999998
1.7639999999999998
1.7799999999999998
1.7959999999999998
1.814
1.834
1.8519999999999999
1.87
1.888
1.904
1.92
1.9339999999999997
1.948
1.964
1.98
1.9959999999999998
2.012
2.0300000000000002
2.048
2.066
2.086
2.106
2.126
2.146
2.166
2.184
2.2039999999999997
2.224
2.246
2.266
2.286
2.304
2.324
2.346
2.368
2.394
2.42
2.4459999999999997
2.4739999999999998
2.492
2.5100000000000002
2.53
2.5500000000000003
2.574
2.5980000000000003
2.622
2.648
2.674
2.7
2.722
2.7399999999999998
2.752
2.7600000000000002
2.7720000000000002
2.7840000000000003
2.8000000000000003
2.8180000000000005
2.834
2.85
2.868
2.89
2.9139999999999997
2.936
2.966
2.9979999999999998
3.03
3.06
3.09
3.1199999999999997
3.1559999999999997
3.192
3.2279999999999998
3.2699999999999996
3.3139999999999996
3.3580000000000005
3.406
3.4519999999999995
3.5
3.5479999999999996
3.598
3.6479999999999997
3.7
3.752
3.8080000000000007
3.864
3.922
3.98
4.042
4.104
4.17
4.236
4.3
4.368
4.432
4.494
4.556
4.617999999999999
4.68
4.742
4.798
4.851999999999999
4.904
4.9559999999999995
5.01
5.062
5.112
5.162
5.212000000000001
5.2700000000000005
5.332
5.394000000000001
5.457999999999999
5.522
5.585999999999999
5.654
5.7219999999999995
5.790000000000001
5.858
5.926
5.994
6.0600000000000005
6.126
6.194000000000001
6.263999999999999
6.3340000000000005
6.41
6.484
6.555999999999999
6.63
6.7059999999999995
6.782000000000001
6.846
6.9
6.95
7.0
7.050000000000001
7.1
7.1499999999999995
7.198
7.256
7.314
7.372000000000001
7.43
7.492000000000001
7.555999999999999
7.618
7.676
7.726
7.775999999999999
7.83
7.892
7.962000000000001
8.034
8.108
8.182
8.258
8.334
8.416
8.501999999999999
8.586
8.67
8.742
8.81
8.874
8.936
8.995999999999999
9.058
9.120000000000001
9.188
9.256
9.324
9.394
9.462
9.530000000000001
9.604
9.658
9.704
9.75
9.796
9.842
9.888000000000002
9.932
9.976
10.017999999999999
10.064
10.108
10.152
10.193999999999999
10.236
10.276
10.315999999999999
10.358
10.398
10.446
10.498000000000001
10.552
10.612000000000002
10.671999999999999
10.736
10.808
10.884
10.962
11.042
11.122
11.206
11.29
11.376
11.452
11.52
11.584
11.652000000000001
11.72
11.787999999999998
11.846
11.892
11.936
11.982
12.032
12.080000000000002
12.128
12.18
12.219999999999999
12.245999999999999
12.264
12.288
12.312
12.34
12.372
12.399999999999999
12.432000000000002
12.463999999999999
12.508
12.562000000000001
12.617999999999999
12.674
12.732
12.792000000000002
12.852
12.914000000000001
12.982
13.053999999999998
13.128000000000002
13.200000000000001
13.258
13.312
13.366000000000001
13.422
13.486
13.551999999999998
13.614
13.668000000000003
13.719999999999999
13.772000000000002
13.828
13.884
13.942000000000002
14.0
14.053999999999998
14.104
14.154
14.2
14.255999999999998
14.316
14.38
14.446
14.516
14.591999999999999
14.670000000000002
14.746
14.824
14.905999999999999
14.988
15.068000000000001
15.136
15.192
15.254
15.322
15.392
15.464
15.526
15.585999999999999
15.634
15.678
15.722
15.762
15.782
15.796
15.802
15.808000000000002
15.81
15.814000000000002
15.815999999999999
15.816
15.815999999999999
15.815999999999999
15.814
15.812000000000001
15.809999999999999
15.808
15.808
15.808
15.803999999999998
15.791999999999998
15.776
15.76
15.746
15.738
15.741999999999999
15.746
15.752
15.753999999999998
15.756000000000002
15.762000000000004
15.772
15.786
15.793999999999999
15.798
15.794
15.79
15.787999999999997
15.782
15.788
15.806
15.828
15.844000000000001
15.86
15.873999999999999
15.896
15.923999999999996
15.948
15.972000000000001
16.0
16.026
16.058
16.090000000000003
16.122
16.154
16.192
16.23
16.24
16.228
16.195999999999998
16.156000000000002
16.119999999999997
16.086
16.06
16.034
16.000000000000004
15.966
15.936
15.905999999999999
15.888
15.878
15.866000000000001
15.855999999999998
15.845999999999998
15.836000000000002
15.826
15.82
15.814
15.812000000000001
15.814000000000002
15.815999999999999
15.822
15.828
15.834000000000001
15.832
15.820000000000002
15.796
15.770000000000003
15.739999999999998
15.71
15.684
15.668
15.666
15.678
15.696000000000002
15.709999999999999
15.725999999999999
15.751999999999999
15.786000000000001
15.836
15.894000000000002
15.953999999999999
16.018
16.104
16.2
16.302
16.406
16.52
16.64
16.747999999999998
16.846000000000004
16.936
17.018
17.092
17.158
17.226
17.294
17.36
17.426000000000002
17.496
17.576
17.666
17.754
17.838
17.913999999999998
17.988
18.066000000000003
18.142000000000003
18.224
18.305999999999997
18.39
18.483999999999998
18.582
18.69
18.810000000000002
18.938000000000002
19.07
19.198
19.33
19.468
19.608
19.744
19.875999999999998
20.008
20.146
20.276
20.406
20.54
20.676
20.810000000000002
20.944000000000003
21.072000000000003
21.202
21.335999999999995
21.476000000000003
21.610000000000003
21.744
21.904
22.084000000000003
22.281999999999996
22.491999999999997
22.706
22.928
23.142000000000003
23.356
23.566
23.766000000000002
23.955999999999996
24.14
24.314
24.483999999999998
24.650000000000002
24.818
24.972
25.112000000000002
25.246000000000002
25.38
25.516000000000002
25.658
25.798
25.939999999999998
26.082
26.22
26.36
26.502000000000002
26.654
26.816
26.97
27.12
27.244
27.347999999999995
27.439999999999998
27.522
27.604
27.680000000000003
27.758000000000003
27.836000000000006
27.913999999999998
27.990000000000002
28.067999999999998
28.146000000000004
28.22
28.296
28.375999999999998
28.456
28.528000000000002
28.587999999999997
28.63
28.657999999999998
28.698
28.749999999999996
28.798000000000005
28.837999999999997
28.876
28.912
28.94
28.957999999999995
28.978
28.999999999999996
29.012
29.011999999999997
28.996000000000002
28.974000000000004
28.96
28.951999999999998
28.946
28.942
28.944
28.95
28.964000000000002
28.976
28.990000000000002
29.020000000000003
29.056000000000004
29.090000000000003
29.124
29.16
29.205999999999996
29.252
29.29
29.330000000000002
29.378
29.433999999999997
29.491999999999997
29.544
29.596
29.650000000000002
29.698
29.747999999999998
29.791999999999998
29.832
29.866000000000003
29.895999999999997
29.91
29.916000000000004
29.92
29.928
29.936
29.942
29.956
29.971999999999998
29.99
30.01
30.04
30.073999999999998
30.126
30.192
30.268
30.355999999999998
30.445999999999998
30.534
30.622
30.712000000000003
30.816000000000003
30.933999999999997
31.048000000000002
31.148000000000003
31.238
31.306
31.361999999999995
31.416
31.464
31.509999999999998
31.554
31.602
31.64
31.668
31.694000000000003
31.721999999999998
31.772000000000002
31.836000000000006
31.914
31.998
32.08
32.166000000000004
32.256
32.348
32.442
32.54
32.622
32.698
32.757999999999996
32.802
32.839999999999996
32.876
32.922
32.982
33.053999999999995
33.138
33.222
33.308
33.406
33.525999999999996
33.662
33.806
33.952
34.105999999999995
34.256
34.402
34.566
34.73799999999999
34.924
35.11600000000001
35.308
35.498
35.687999999999995
35.874
36.058
36.236000000000004
36.403999999999996
36.568
36.726
36.872
37.016
37.153999999999996
37.288000000000004
37.418
37.54599999999999
37.672
37.806000000000004
37.942
38.08
38.217999999999996
38.352
38.484
38.616
38.74400000000001
38.852
38.938
39.007999999999996
39.078
39.145999999999994
39.212
39.275999999999996
39.333999999999996
39.39
39.428000000000004
39.461999999999996
39.496
39.524
39.56
39.60399999999999
39.644000000000005
39.672
39.692
39.712
39.726
39.74
39.751999999999995
39.754
39.748000000000005
39.734
39.706
39.662
39.616
39.574000000000005
39.552
39.525999999999996
39.492000000000004
39.455999999999996
39.418000000000006
39.382
39.354
39.336
39.321999999999996
39.332
39.358
39.400000000000006
39.454
39.512
39.577999999999996
39.646
39.711999999999996
39.784
39.858
39.918
39.967999999999996
40.01
40.032000000000004
40.053999999999995
40.074000000000005
40.111999999999995
40.164
40.218
40.278
40.32599999999999
40.362
40.39600000000001
40.422
40.455999999999996
40.489999999999995
40.53
40.566
40.6
40.635999999999996
40.68
40.728
40.784000000000006
40.839999999999996
40.892
40.948
41.004
41.062
41.114000000000004
41.164
41.214000000000006
41.268
41.32
41.374
41.425999999999995
41.47
41.506
41.53
41.550000000000004
41.576
41.602
41.629999999999995
41.65
41.66799999999999
41.686
41.696000000000005
41.706
41.726
41.733999999999995
41.732
41.72
41.698
41.693999999999996
41.712
41.754
41.802
41.844
41.888000000000005
41.932
41.97800000000001
42.019999999999996
42.082
42.150000000000006
42.216
42.276
42.321999999999996
42.358
42.39
42.424
42.466
42.488
42.495999999999995
42.48799999999999
42.455999999999996
42.418
42.38399999999999
42.36
42.348000000000006
42.358
42.374
42.404
42.428
42.478
42.559999999999995
42.662
42.776
42.896
43.017999999999994
43.132000000000005
43.242000000000004
43.331999999999994
43.403999999999996
43.464
43.51
43.55
43.582
43.611999999999995
43.646
43.672
43.699999999999996
43.738
43.784
43.842
43.916000000000004
44.0
44.08
44.15
44.220000000000006
44.29
44.36
44.443999999999996
44.54
44.642
44.748
44.846
44.942
45.022000000000006
45.092000000000006
45.146
45.188
45.22
45.244
45.260000000000005
45.278000000000006
45.288
45.3
45.308
45.312
45.30799999999999
45.30200000000001
45.285999999999994
45.264
45.242
45.224000000000004
45.218
45.226
45.25
45.286
45.326
45.364000000000004
45.410000000000004
45.462
45.52199999999999
45.584
45.636
45.684
45.721999999999994
45.739999999999995
45.766
45.804
45.85600000000001
45.918
45.986
46.054
46.11999999999999
46.188
46.274
46.364000000000004
46.476
46.602000000000004
46.738
46.868
47.0
47.13399999999999
47.269999999999996
47.408
47.547999999999995
47.694
47.849999999999994
48.007999999999996
48.184000000000005
48.37
48.566
48.782
49.010000000000005
49.242
49.47
49.688
49.89000000000001
50.08
50.256
50.426
50.59
50.748
50.898
51.034
51.160000000000004
51.27
51.370000000000005
51.474
51.58599999999999
51.714000000000006
51.854000000000006
52.006
52.164
52.324
52.484
52.65399999999999
52.83
53.008
53.18800000000001
53.37
53.538000000000004
53.696
53.85
54.004
54.158
54.30999999999999
54.461999999999996
54.608
54.754
54.896
55.016000000000005
55.122
55.22
55.306
55.400000000000006
55.498
55.618
55.745999999999995
55.888
56.034
56.184
56.333999999999996
56.49
56.648
56.809999999999995
56.984
57.175999999999995
57.373999999999995
57.58800000000001
57.804
58.019999999999996
58.23000000000001
58.437999999999995
58.64
58.84
59.04
59.232
59.418
59.584
59.730000000000004
59.856
59.97
60.08
60.196
60.31
60.428000000000004
60.546
60.66
60.769999999999996
60.88
60.994
61.118
61.256
61.39999999999999
61.548
61.702
61.848
61.992000000000004
62.129999999999995
62.26
62.372
62.470000000000006
62.562
62.644
62.708
62.756
62.785999999999994
62.804
62.79
62.76
62.717999999999996
62.666
62.592
62.495999999999995
62.376
62.248000000000005
62.117999999999995
61.995999999999995
61.87
61.739999999999995
61.608000000000004
61.474
61.354
61.25
61.153999999999996
61.082
61.032
60.988
60.94200000000001
60.902
60.867999999999995
60.838
60.809999999999995
60.775999999999996
60.74199999999999
60.688
60.63
60.56
60.482
60.400000000000006
60.31999999999999
60.248
60.176
60.117999999999995
60.078
60.044
60.004000000000005
59.952
59.888000000000005
59.82600000000001
59.775999999999996
59.732
59.70199999999999
59.68000000000001
59.656
59.635999999999996
59.596000000000004
59.538
59.476
59.41
59.334
59.266
59.202
59.136
59.076
59.013999999999996
58.952
58.89
58.826
58.766000000000005
58.69800000000001
58.61600000000001
58.513999999999996
58.401999999999994
58.28
58.156
58.026
57.88599999999999
57.75
57.60600000000001
57.458
57.306
57.158
57.004000000000005
56.84400000000001
56.684000000000005
56.514
56.334
56.148
55.959999999999994
55.764
55.55799999999999
55.342
55.128
54.886
54.624
54.35
54.058
53.77
53.488
53.222
52.984
52.768
52.56999999999999
52.391999999999996
52.224
52.08
51.95599999999999
51.866
51.804
51.756
51.72
51.704
51.696
51.708
51.73
51.751999999999995
51.764
51.784000000000006
51.804
51.815999999999995
51.822
51.814
51.802
51.792
51.779999999999994
51.76200000000001
51.74
51.722
51.702
51.67399999999999
51.652
51.636
51.632
51.63199999999999
51.646
51.67
51.70399999999999
51.748000000000005
51.798
51.852000000000004
51.906000000000006
51.964
52.010000000000005
52.041999999999994
52.068
52.098
52.14
52.18000000000001
52.214
52.236000000000004
52.244
52.221999999999994
52.18599999999999
52.128
52.044
51.958000000000006
51.87400000000001
51.778000000000006
51.672
51.574
51.47
51.356
51.226000000000006
51.072
50.91
50.738
50.55800000000001
50.364
50.153999999999996
49.955999999999996
49.766
49.598
49.44
49.298
49.166
49.047999999999995
48.952000000000005
48.878
48.830000000000005
48.80800000000001
48.812
48.828
48.864
48.922
48.988
49.068
49.168
49.275999999999996
49.386
49.502
49.626000000000005
49.732000000000006
49.81999999999999
49.92
50.022
50.13
50.244
50.352000000000004
50.462
50.552
50.616
50.651999999999994
50.668
50.682
50.7
50.709999999999994
50.712
50.72
50.733999999999995
50.752
50.774
50.802
50.86200000000001
50.92800000000001
50.992
51.06399999999999
51.14
51.226000000000006
51.318
51.412000000000006
51.514
51.62
51.715999999999994
51.806000000000004
51.882000000000005
51.954
52.022000000000006
52.096000000000004
52.166
52.222
52.251999999999995
52.268
52.276
52.278
52.274
52.258
52.236
52.208
52.172
52.135999999999996
52.096000000000004
52.066
52.048
52.048
52.04600000000001
52.053999999999995
52.066
52.08800000000001
52.11
52.147999999999996
52.205999999999996
52.276
52.349999999999994
52.428
52.525999999999996
52.628
52.738
52.838
52.934
53.022
53.098
53.163999999999994
53.232
53.314
53.39
53.449999999999996
53.512
53.581999999999994
53.664
53.74
53.824
53.908
53.996
54.092
54.19399999999999
54.28800000000001
54.364
54.428
54.492000000000004
54.562000000000005
54.626000000000005
54.682
54.722
54.75
54.762
54.768
54.763999999999996
54.760000000000005
54.757999999999996
54.754
54.742
54.748000000000005
54.76599999999999
54.808
54.873999999999995
54.948
55.034
55.126000000000005
55.206
55.29600000000001
55.396
55.512
55.644
55.75
55.834
55.896
55.94399999999999
55.974
55.983999999999995
55.998000000000005
56.022000000000006
56.048
56.06399999999999
56.087999999999994
56.123999999999995
56.153999999999996
56.18600000000001
56.208
56.228
56.260000000000005
56.292
56.32
56.35799999999999
56.403999999999996
56.452
56.498
56.544
56.586000000000006
56.63
56.67999999999999
56.728
56.77000000000001
56.804
56.836
56.86200000000001
56.882000000000005
56.89999999999999
56.918
56.946000000000005
56.98
57.022000000000006
57.058
57.102000000000004
57.135999999999996
57.169999999999995
57.186
57.196000000000005
57.205999999999996
57.220000000000006
57.234
57.248000000000005
57.275999999999996
57.32000000000001
57.382
57.449999999999996
57.524
57.606
57.698
57.802
57.906000000000006
58.016
58.134
58.262
58.385999999999996
58.51
58.660000000000004
58.81400000000001
58.974
59.138
59.3
59.452
59.577999999999996
59.69
59.77799999999999
59.842
59.908
59.976
60.03399999999999
60.074
60.09400000000001
60.104
60.111999999999995
60.122
60.134
60.156
60.17400000000001
60.184
60.18599999999999
60.184
60.192
60.206
60.224000000000004
60.254000000000005
60.278
60.3
60.318
60.331999999999994
60.352000000000004
60.382000000000005
60.414
60.44199999999999
60.446000000000005
60.42999999999999
60.414
60.394
60.378
60.361999999999995
60.348
60.348
60.328
60.282000000000004
60.218
60.136
60.042
59.948
59.864
59.786
59.704
59.61399999999999
59.51199999999999
59.402
59.29600000000001
59.188
59.086
58.994
58.91
58.83
58.756
58.69
58.642
58.61600000000001
58.605999999999995
58.608
58.62
58.636
58.66000000000001
58.686
58.71799999999999
58.744
58.763999999999996
58.78
58.786
58.774
58.754000000000005
58.721999999999994
58.696
58.666
58.634
58.604
58.577999999999996
58.55999999999999
58.547999999999995
58.534000000000006
58.524
58.512
58.508
58.502
58.507999999999996
58.519999999999996
58.548
58.581999999999994
58.622
58.668000000000006
58.718
58.782
58.822
58.849999999999994
58.862
58.866
58.864
58.86
58.87400000000001
58.9
58.92800000000001
58.968
59.016
59.072
59.138000000000005
59.216
59.290000000000006
59.362
59.43
59.48800000000001
59.538000000000004
59.588
59.642
59.696
59.751999999999995
59.80200000000001
59.833999999999996
59.85600000000001
59.876
59.892
59.906000000000006
59.91799999999999
59.94
59.962
59.994
60.03000000000001
60.071999999999996
60.12800000000001
60.217999999999996
60.32000000000001
60.448
60.596000000000004
60.764
60.943999999999996
61.116000000000014
61.274
61.440000000000005
61.61200000000001
61.78
61.943999999999996
62.1
62.248
62.379999999999995
62.502
62.622
62.742000000000004
62.854
62.964
63.072
63.17
63.25
63.316
63.358
63.379999999999995
63.382
63.372
63.346
63.3
63.248000000000005
63.18600000000001
63.118
63.046
62.978
62.922
62.868
62.827999999999996
62.798
62.778000000000006
62.78
62.798
62.812
62.84
62.864
62.89
62.914
62.92999999999999
62.938
62.932
62.902
62.868
62.824000000000005
62.77
62.709999999999994
62.64800000000001
62.568000000000005
62.474000000000004
62.370000000000005
62.26
62.152
62.032000000000004
61.903999999999996
61.763999999999996
61.64
61.528
61.425999999999995
61.328
61.234
61.150000000000006
61.06
60.966
60.852
60.714
60.556
60.376000000000005
60.18000000000001
59.974000000000004
59.776
59.576
59.38400000000001
59.2
59.032000000000004
58.872
58.714
58.55799999999999
58.400000000000006
58.248
58.102000000000004
57.952
57.786
57.614000000000004
57.422000000000004
57.208
56.971999999999994
56.72
56.444
56.172
55.903999999999996
55.64399999999999
55.382
55.132000000000005
54.888
54.65599999999999
54.434
54.226
54.032000000000004
53.848
53.67999999999999
53.526
53.396
53.28
53.163999999999994
53.04
52.92
52.796
52.672
52.554
52.438
52.31999999999999
52.187999999999995
52.046
51.9
51.75
51.606
51.47
51.354
51.23799999999999
51.126
51.024
50.922
50.831999999999994
50.751999999999995
50.682
50.61
50.536
50.456
50.367999999999995
50.28
50.182
50.068000000000005
49.946
49.834
49.724000000000004
49.623999999999995
49.53
49.45
49.384
49.326
49.282
49.246
49.202
49.157999999999994
49.12
49.082
49.044
49.019999999999996
49.007999999999996
48.996
48.986000000000004
48.976
48.974
48.983999999999995
49.002
49.012
49.012
49.008
48.994
48.972
48.938
48.914
48.885999999999996
48.876000000000005
48.892
48.925999999999995
48.982
49.050000000000004
49.138
49.232
49.34
49.456
49.58200000000001
49.712
49.836000000000006
49.972
50.116
50.269999999999996
50.424
50.581999999999994
50.748000000000005
50.92800000000001
51.108000000000004
51.278
51.44
51.602000000000004
51.766000000000005
51.92600000000001
52.062
52.178
52.272
52.348
52.412
52.466
52.506
52.528
52.540000000000006
52.554
52.568
52.582
52.594
52.593999999999994
52.593999999999994
52.60399999999999
52.614
52.632
52.65400000000001
52.688
52.720000000000006
52.751999999999995
52.792
52.830000000000005
52.868
52.901999999999994
52.943999999999996
52.994
53.052
53.093999999999994
53.144
53.19
53.246
53.312
53.38399999999999
53.456
53.536
53.622
53.712
53.812
53.904
53.988
54.062
54.13199999999999
54.192
54.244
54.28999999999999
54.322
54.34
54.35000000000001
54.354000000000006
54.348
54.333999999999996
54.324
54.322
54.322
54.316
54.314
54.31399999999999
54.316
54.32599999999999
54.34
54.362
54.372
54.372
54.36
54.33399999999999
54.30799999999999
54.292
54.282000000000004
54.288000000000004
54.31000000000001
54.344
54.384
54.434
54.498000000000005
54.568
54.638000000000005
54.715999999999994
54.80199999999999
54.89
54.974000000000004
55.058
55.138
55.217999999999996
55.294
55.36800000000001
55.434000000000005
55.5
55.564
55.626000000000005
55.676
55.71399999999999
55.739999999999995
55.75
55.772
55.814
55.86
55.914
55.98
56.064
56.162000000000006
56.262
56.367999999999995
56.47599999999999
56.584
56.69599999999999
56.812
56.928000000000004
57.04
57.15
57.239999999999995
57.312000000000005
57.382000000000005
57.446
57.498
57.542
57.56400000000001
57.564
57.54600000000001
57.518
57.474000000000004
57.416
57.367999999999995
57.342
57.33
57.318
57.316
57.324
57.337999999999994
57.348
57.352000000000004
57.336000000000006
57.31
57.267999999999994
57.216
57.152
57.082
57.004000000000005
56.922000000000004
56.84
56.762
56.694
56.647999999999996
56.62599999999999
56.61
56.594
56.586
56.58000000000001
56.566
56.556
56.542
56.524
56.489999999999995
56.444
56.38799999999999
56.326
56.26
56.2
56.126000000000005
56.03999999999999
55.944
55.84
55.75
55.672
55.593999999999994
55.523999999999994
55.454
55.378
55.298
55.205999999999996
55.11
55.019999999999996
54.91
54.794
54.658
54.506
54.334
54.144
53.936
53.724000000000004
53.512
53.300000000000004
53.081999999999994
52.856
52.63
52.414
52.204
52.002
51.80200000000001
51.606
51.422
51.234
51.041999999999994
50.861999999999995
50.69
50.522
50.355999999999995
50.187999999999995
50.014
49.83200000000001
49.634
49.434
49.227999999999994
49.013999999999996
48.79
48.550000000000004
48.290000000000006
48.007999999999996
47.714
47.413999999999994
47.114000000000004
46.81999999999999
46.53999999999999
46.272000000000006
46.026
45.808
45.626
45.482
45.361999999999995
45.266
45.21
45.172
45.148
45.126
45.120000000000005
45.116
45.102
45.076
45.048
45.016000000000005
44.99199999999999
44.984
44.968
44.949999999999996
44.92400000000001
44.885999999999996
44.842000000000006
44.792
44.738
44.684
44.623999999999995
44.568
44.496
44.406000000000006
44.328
44.256
44.188
44.120000000000005
44.05
43.961999999999996
43.873999999999995
43.78399999999999
43.71
43.644
43.596000000000004
43.566
43.540000000000006
43.506
43.489999999999995
43.482
43.486000000000004
43.502
43.508
43.507999999999996
43.513999999999996
43.51800000000001
43.52799999999999
43.544000000000004
43.556
43.55799999999999
43.544
43.513999999999996
43.492000000000004
43.471999999999994
43.465999999999994
43.474000000000004
43.498
43.536
43.587999999999994
43.632000000000005
43.68
43.732
43.782000000000004
43.832
43.884
43.926
43.961999999999996
43.994
44.022000000000006
44.048
44.068
44.1
44.12800000000001
44.14399999999999
44.154
44.153999999999996
44.152
44.153999999999996
44.162
44.174
44.202
44.24000000000001
44.284
44.346000000000004
44.426
44.529999999999994
44.645999999999994
44.782000000000004
44.92
45.05800000000001
45.188
45.308
45.408
45.489999999999995
45.554
45.605999999999995
45.646
45.678
45.702
45.72
45.720000000000006
45.726
45.728
45.732
45.712
45.678
45.629999999999995
45.56999999999999
45.502
45.428
45.338
45.230000000000004
45.12
45.010000000000005
44.898
44.79
44.682
44.565999999999995
44.446
44.324
44.204
44.08200000000001
43.964
43.86
43.748000000000005
43.638000000000005
43.52799999999999
43.438
43.364000000000004
43.30800000000001
43.269999999999996
43.24
43.215999999999994
43.19999999999999
43.178000000000004
43.152
43.124
43.099999999999994
43.062
43.014
42.952
42.879999999999995
42.808
42.733999999999995
42.662000000000006
42.587999999999994
42.512
42.432
42.358
42.297999999999995
42.26
42.232000000000006
42.208
42.19
42.178
42.164
42.152
42.138000000000005
42.124
42.114
42.102000000000004
42.08
42.05
42.01
41.956
41.898
41.836
41.77
41.70399999999999
41.638
41.58
41.522
41.466
41.408
41.344
41.276
41.204
41.13399999999999
41.064
40.994
40.925999999999995
40.855999999999995
40.785999999999994
40.705999999999996
40.620000000000005
40.534
40.458
40.38400000000001
40.322
40.266
40.23
40.21
40.206
40.22
40.246
40.278
40.308
40.339999999999996
40.376000000000005
40.412000000000006
40.454
40.486000000000004
40.514
40.529999999999994
40.558
40.598000000000006
40.65
40.71
40.782
40.86
40.958
41.07000000000001
41.196000000000005
41.328
41.47
41.61600000000001
41.75599999999999
41.895999999999994
42.028
42.158
42.28
42.396
42.492
42.55799999999999
42.614
42.666
42.714
42.75
42.778000000000006
42.808
42.834
42.85999999999999
42.895999999999994
42.938
42.976000000000006
43.004000000000005
43.025999999999996
43.034
43.042
43.052
43.068000000000005
43.078
43.088
43.096
43.088
43.071999999999996
43.053999999999995
43.032
43.007999999999996
42.99
42.96
42.926
42.882
42.824
42.752
42.675999999999995
42.606
42.538000000000004
42.464
42.384
42.288
42.182
42.08800000000001
42.0
41.922
41.85
41.782
41.716
41.652
41.588
41.522
41.464
41.428
41.407999999999994
41.403999999999996
41.42
41.45
41.48
41.512
41.542
41.572
41.61
41.647999999999996
41.69
41.730000000000004
41.757999999999996
41.778
41.792
41.792
41.784
41.769999999999996
41.756
41.726
41.676
41.620000000000005
41.55800000000001
41.504000000000005
41.45
41.392
41.332
41.274
41.216
41.147999999999996
41.06999999999999
40.977999999999994
40.882
40.778
40.668
40.548
40.424
40.296
40.164
40.028
39.892
39.757999999999996
39.623999999999995
39.5
39.384
39.278000000000006
39.178
39.086
38.998
38.928
38.876000000000005
38.84
38.804
38.768
38.732
38.696
38.653999999999996
38.608000000000004
38.562
38.51
38.452
38.402
38.366
38.336000000000006
38.318
38.308
38.303999999999995
38.296
38.288000000000004
38.286
38.288000000000004
38.303999999999995
38.334
38.367999999999995
38.407999999999994
38.449999999999996
38.486000000000004
38.528
38.572
38.626000000000005
38.69
38.76
38.82599999999999
38.884
38.934000000000005
38.99
39.047999999999995
39.122
39.206
39.282
39.35
39.401999999999994
39.444
39.48400000000001
39.524
39.56
39.594
39.62400000000001
39.650000000000006
39.666000000000004
39.675999999999995
39.694
39.705999999999996
39.714000000000006
39.721999999999994
39.726
39.72999999999999
39.728
39.72
39.709999999999994
39.693999999999996
39.684
39.675999999999995
39.67
39.66199999999999
39.668
39.684
39.692
39.688
39.688
39.690000000000005
39.69
39.692
39.682
39.666000000000004
39.646
39.62400000000001
39.592
39.558
39.532000000000004
39.518
39.512
39.510000000000005
39.508
39.498
39.482
39.46
39.424
39.382
39.328
39.264
39.194
39.126
39.056
38.986000000000004
38.918000000000006
38.856
38.791999999999994
38.726
38.662
38.604
38.544
38.49
38.446
38.408
38.376
38.348
38.32
38.290000000000006
38.256
38.224
38.198
38.17
38.146
38.126
38.098000000000006
38.064
38.032
38.01
37.988
37.967999999999996
37.95
37.93
37.916
37.902
37.879999999999995
37.854
37.824000000000005
37.792
37.76
37.726000000000006
37.698
37.67
37.63399999999999
37.592
37.534
37.467999999999996
37.39
37.315999999999995
37.230000000000004
37.142
37.056
36.976
36.886
36.788000000000004
36.686
36.588
36.488
36.392
36.297999999999995
36.21000000000001
36.117999999999995
36.024
35.938
35.852000000000004
35.776
35.706
35.64
35.576
35.518
35.462
35.395999999999994
35.318
35.230000000000004
35.135999999999996
35.032000000000004
34.926
34.824
34.728
34.638
34.558
34.484
34.412
34.35
34.292
34.228
34.16
34.09
34.018
33.946
33.876000000000005
33.809999999999995
33.746
33.686
33.635999999999996
33.598
33.566
33.55
33.550000000000004
33.566
33.596
33.632
33.668
33.708
33.75
33.791999999999994
33.83
33.868
33.91
33.95
33.984
34.004
34.012
34.0
33.976
33.943999999999996
33.904
33.864000000000004
33.822
33.775999999999996
33.728
33.672
33.618
33.558
33.498
33.45
33.41
33.376
33.34
33.306000000000004
33.272000000000006
33.244
33.22
33.194
33.17
33.154
33.142
33.134
33.13
33.128
33.126
33.112
33.096
33.081999999999994
33.078
33.084
33.096
33.118
33.135999999999996
33.172000000000004
33.228
33.296
33.368
33.452
33.544000000000004
33.64
33.734
33.836
33.93
34.02
34.104
34.186
34.268
34.346
34.422000000000004
34.496
34.566
34.64
34.71
34.778
34.85
34.926
35.02
35.124
35.234
35.348
35.456
35.566
35.67400000000001
35.78
35.888
35.992000000000004
36.096000000000004
36.198
36.298
36.406
36.52
36.64
36.768
36.88999999999999
37.002
37.087999999999994
37.153999999999996
37.21000000000001
37.26
37.302
37.342
37.378
37.406000000000006
37.41799999999999
37.42
37.416
37.408
37.396
37.388
37.376000000000005
37.36
37.343999999999994
37.326
37.306000000000004
37.284
37.272
37.27
37.272
37.27
37.257999999999996
37.238
37.21
37.18599999999999
37.164
37.14
37.118
37.094
37.07
37.042
37.012
36.978
36.934
36.879999999999995
36.821999999999996
36.766000000000005
36.702
36.635999999999996
36.568
36.496
36.426
36.362
36.297999999999995
36.230000000000004
36.16
36.092
36.028
35.964
35.908
35.848
35.78999999999999
35.736
35.684
35.632
35.583999999999996
35.53
35.474
35.418000000000006
35.364000000000004
35.308
35.254
35.19799999999999
35.136
35.074
35.013999999999996
34.954
34.88
34.792
34.692
34.584
34.466
34.348
34.222
34.092
33.96
33.82599999999999
33.69200000000001
33.554
33.42
33.291999999999994
33.164
33.04
32.926
32.821999999999996
32.724000000000004
32.628
32.534
32.436
32.334
32.232
32.13
32.03
31.928
31.822
31.724000000000004
31.633999999999997
31.57
31.528
31.5
31.482
31.474
31.471999999999998
31.47
31.468000000000004
31.468
31.462
31.448000000000004
31.428
31.394000000000002
31.344
31.283999999999995
31.212000000000003
31.128
31.041999999999998
30.952
30.862
30.770000000000003
30.672
30.582
30.506000000000004
30.45
30.41
30.386
30.366000000000003
30.348
30.334
30.322
30.31
30.29
30.262
30.221999999999998
30.177999999999997
30.144000000000002
30.118000000000002
30.091999999999995
30.064
30.036
30.008
29.978
29.948000000000004
29.915999999999997
29.880000000000003
29.841999999999995
29.806
29.776
29.745999999999995
29.717999999999996
29.692
29.664
29.636
29.607999999999997
29.575999999999997
29.546
29.518
29.486
29.458000000000002
29.434
29.412000000000003
29.389999999999997
29.368000000000002
29.343999999999998
29.32
29.296000000000003
29.272
29.246000000000002
29.22
29.204
29.2
29.204
29.218
29.236
29.256
29.278
29.304000000000002
29.330000000000002
29.357999999999997
29.38
29.394000000000002
29.386000000000003
29.358
29.328000000000003
29.294000000000004
29.252
29.208
29.162000000000003
29.112000000000002
29.064000000000004
29.017999999999997
28.974
28.933999999999997
28.884
28.828000000000003
28.768
28.706
28.642
28.576
28.506
28.43
28.356
28.279999999999998
28.2
28.116
28.034000000000002
27.956000000000003
27.884
27.82
27.758
27.701999999999998
27.66
27.629999999999995
27.610000000000003
27.604
27.61
27.616
27.623999999999995
27.634
27.646
27.664
27.678000000000004
27.688000000000002
27.688
27.680000000000003
27.666
27.646
27.625999999999998
27.602000000000004
27.573999999999998
27.546
27.526000000000003
27.514000000000003
27.512
27.518
27.525999999999996
27.531999999999996
27.528000000000002
27.509999999999998
27.482
27.446
27.409999999999997
27.372000000000003
27.336
27.296
27.255999999999997
27.214
27.168
27.12
27.072
27.028
26.977999999999994
26.93
26.881999999999998
26.834
26.785999999999998
26.735999999999997
26.689999999999998
26.642
26.59
26.535999999999998
26.480000000000004
26.428
26.378
26.33
26.272000000000002
26.206
26.130000000000003
26.048
25.958000000000002
25.864
25.768
25.669999999999998
25.570000000000004
25.461999999999996
25.348
25.227999999999998
25.107999999999997
24.985999999999997
24.874
24.773999999999997
24.694
24.631999999999998
24.574
24.524
24.480000000000004
24.44
24.402
24.368000000000002
24.339999999999996
24.312
24.282
24.252
24.233999999999998
24.220000000000002
24.209999999999997
24.202
24.194000000000003
24.19
24.188000000000002
24.186
24.182000000000002
24.18
24.178
24.18
24.182
24.178
24.178
24.182
24.186
24.183999999999997
24.178
24.169999999999998
24.162
24.15
24.140000000000004
24.130000000000003
24.122
24.112
24.099999999999998
24.084000000000003
24.072
24.061999999999998
24.054000000000002
24.050000000000004
24.044
24.038
24.03
24.024
24.022
24.018
24.016
24.014
24.014
24.01
24.002000000000002
23.998
24.0
24.012
24.032
24.056
24.082
24.112
24.130000000000003
24.142
24.154
24.16
24.158
24.152
24.14
24.122
24.108
24.090000000000003
24.072000000000003
24.056
24.037999999999997
24.026
24.017999999999994
24.011999999999997
24.012000000000004
24.012
24.014
24.016
24.02
24.024
24.04
24.066
24.104000000000003
24.150000000000002
24.204
24.261999999999997
24.323999999999998
24.387999999999998
24.454
24.526000000000003
24.603999999999996
24.688
24.772
24.854000000000003
24.932000000000002
25.004
25.064
25.12
25.174
25.224
25.264000000000003
25.296000000000003
25.324
25.348000000000003
25.369999999999997
25.392000000000003
25.416
25.436
25.454
25.474
25.496
25.520000000000003
25.548000000000002
25.574
25.6
25.625999999999998
25.654
25.68
25.706
25.73
25.754
25.778
25.802
25.825999999999997
25.855999999999998
25.891999999999996
25.93
25.966
26.002
26.038
26.072
26.106
26.142
26.178
26.214
26.25
26.288
26.325999999999997
26.354000000000003
26.369999999999997
26.380000000000003
26.381999999999998
26.378
26.372
26.362000000000002
26.351999999999997
26.34
26.328
26.313999999999997
26.3
26.290000000000003
26.280000000000005
26.281999999999996
26.291999999999994
26.304000000000002
26.32
26.334000000000003
26.346
26.37
26.402000000000005
26.436000000000003
26.476
26.520000000000003
26.567999999999998
26.608
26.642000000000003
26.672
26.706
26.740000000000002
26.776
26.810000000000002
26.837999999999997
26.86
26.878000000000004
26.889999999999997
26.900000000000002
26.906
26.91
26.910000000000004
26.907999999999998
26.904
26.898
26.892
26.884
26.875999999999998
26.868000000000002
26.864
26.858
26.852000000000004
26.848000000000003
26.843999999999998
26.837999999999997
26.836000000000002
26.833999999999996
26.832
26.830000000000002
26.838
26.848
26.86
26.872000000000003
26.89
26.91
26.931999999999995
26.954
26.972000000000005
26.99
27.006
27.022000000000002
27.038
27.052
27.064
27.072000000000003
27.078
27.082
27.083999999999996
27.086000000000002
27.086000000000002
27.086000000000002
27.086
27.084
27.082
27.08
27.077999999999996
27.076
27.078
27.083999999999996
27.092
27.101999999999997
27.113999999999997
27.126
27.142
27.16
27.176000000000002
27.192000000000004
27.208
27.224
27.238
27.252
27.278
27.316
27.362
27.416
27.477999999999998
27.542
27.606
27.67
27.733999999999998
27.798000000000002
27.862
27.926
27.988
28.046
28.096
28.14
28.184
28.228000000000005
28.272
28.316
28.353999999999996
28.39
28.426
28.466
28.506
28.548000000000002
28.602
28.662
28.727999999999994
28.791999999999998
28.858
28.919999999999998
28.982
29.045999999999996
29.108
29.17
29.232
29.294
29.357999999999997
29.421999999999997
29.488000000000003
29.554000000000002
29.624000000000002
29.694
29.762
29.834
29.906
29.977999999999998
30.044
30.110000000000003
30.176000000000002
30.240000000000006
30.308
30.376
30.439999999999998
30.503999999999998
30.559999999999995
30.614
30.664
30.71
30.756
30.802000000000003
30.848
30.894000000000002
30.939999999999998
30.986
31.032
31.078000000000003
31.123999999999995
31.171999999999997
31.215999999999998
31.258
31.298
31.336
31.374
31.413999999999998
31.454
31.496
31.537999999999997
31.580000000000002
31.624000000000002
31.671999999999997
31.722
31.772000000000006
31.810000000000002
31.837999999999997
31.858
31.87
31.877999999999997
31.880000000000003
31.876
31.868000000000002
31.856
31.842
31.817999999999998
31.79
31.762
31.734
31.709999999999997
31.684
31.656
31.625999999999998
31.594
31.564
31.532
31.498
31.465999999999998
31.434
31.406
31.380000000000003
31.354
31.328
31.299999999999997
31.272
31.246000000000002
31.22
31.193999999999996
31.166
31.14
31.116
31.098
31.084000000000003
31.07
31.052
31.034000000000002
31.016
30.997999999999998
30.98
30.962000000000003
30.944
30.924
30.903999999999996
30.883999999999997
30.862000000000002
30.846000000000004
30.832
30.817999999999998
30.804
30.782
30.756
30.727999999999998
30.702
30.666000000000004
30.631999999999998
30.598000000000003
30.560000000000002
30.522
30.486
30.450000000000003
30.414
30.379999999999995
30.348
30.299999999999997
30.247999999999998
30.189999999999998
30.13
30.078
30.029999999999998
29.984
29.940000000000005
29.897999999999996
29.858
29.805999999999997
29.744
29.67
29.594
29.516
29.438000000000002
29.348
29.244
29.134
29.022
28.912000000000006
28.804000000000002
28.694
28.588
28.482000000000003
28.375999999999998
28.272000000000002
28.168
28.064
27.958
27.85
27.742
27.645999999999997
27.56
27.480000000000004
27.406
27.336000000000002
27.272
27.214
27.159999999999997
27.105999999999998
27.054
27.01
26.971999999999998
26.934
26.894
26.852
26.81
26.767999999999997
26.726000000000003
26.684
26.644
26.603999999999996
26.564
26.522
26.48
26.438
26.394
26.343999999999998
26.291999999999998
26.241999999999997
26.192
26.142
26.093999999999998
26.048
26.001999999999995
25.954
25.904
25.852
25.799999999999997
25.75
25.7
25.652
25.602
25.551999999999996
25.502000000000002
25.45
25.398000000000003
25.336
25.262
25.176000000000002
25.081999999999997
24.977999999999998
24.871999999999996
24.766000000000002
24.662
24.564
24.466
24.368
24.268
24.18
24.098
24.011999999999997
23.926000000000002
23.84
23.751999999999995
23.663999999999998
23.576
23.486
23.394000000000002
23.314
23.24
23.171999999999997
23.108
23.036
22.964000000000002
22.891999999999996
22.819999999999997
22.75
22.678
22.62
22.572000000000003
22.535999999999998
22.502
22.470000000000002
22.438
22.42
22.414
22.414
22.414
22.402000000000005
22.39
22.378000000000004
22.36
22.342000000000002
22.322000000000003
22.300000000000004
22.278000000000002
22.254
22.228
22.200000000000003
22.171999999999997
22.134
22.084
22.022
21.947999999999997
21.864
21.774
21.680000000000003
21.584
21.488
21.389999999999997
21.294
21.196
21.098
21.0
20.9
20.8
20.699999999999996
20.599999999999998
20.5
20.396
20.291999999999998
20.189999999999998
20.090000000000003
19.99
19.886
19.784
19.688
19.594
19.498
19.402
19.304000000000002
19.204
19.102
19.0
18.898000000000003
18.796000000000003
18.688000000000002
18.575999999999997
18.462
18.348
18.232
18.115999999999996
18.0
17.883999999999997
17.768
17.654
17.55
17.458
17.374
17.294
17.21
17.124
17.040000000000003
16.954
16.868
16.784
16.7
16.618000000000002
16.53
16.434
16.344
16.256
16.158
16.058
15.957999999999998
15.857999999999999
15.758
15.657999999999998
15.558000000000002
15.456
15.354
15.249999999999998
15.154000000000002
15.056
14.958
14.86
14.746000000000002
14.620000000000001
14.482000000000001
14.332
14.174000000000003
14.011999999999999
13.852
13.694000000000003
13.533999999999997
13.373999999999999
13.218
13.065999999999999
12.926
12.796000000000001
12.672
12.552
12.436
12.32
12.204
12.088000000000001
11.972
11.856
11.739999999999998
11.623999999999999
11.52
11.428
11.348
11.281999999999998
11.226
11.176
11.128
11.082
11.036000000000001
10.992
10.948
10.904
10.86
10.815999999999999
10.771999999999998
10.73
10.687999999999999
10.648
10.607999999999999
10.568
10.528
10.486
10.443999999999999
10.402000000000001
10.357999999999999
10.314
10.271999999999998
10.232
10.191999999999998
10.152000000000001
10.112
10.072
10.032
9.991999999999999
9.951999999999998
9.911999999999999
9.878
9.847999999999999
9.818
9.790000000000001
9.762
9.733999999999998
9.707999999999998
9.681999999999999
9.658
9.632
9.606
9.58
9.558
9.544
9.538
9.533999999999999
9.528
9.521999999999998
9.516
9.51
9.504000000000001
9.495999999999999
9.488
9.48
9.47
9.457999999999998
9.458
9.462
9.466000000000001
9.469999999999999
9.474
9.478
9.482
9.486
9.492
9.498000000000001
9.504
9.51
9.516
9.524
9.544
9.576
9.618
9.672
9.736
9.806000000000001
9.874
9.940000000000001
10.006
10.073999999999998
10.142
10.209999999999999
10.278
10.336
10.388000000000002
10.436
10.48
10.524000000000001
10.568
10.612
10.656
10.704
10.752
10.802
10.852
10.904
10.956
11.006
11.060000000000002
11.114
11.168
11.222000000000001
11.271999999999998
11.32
11.366
11.411999999999999
11.458
11.504
11.55
11.596
11.642
11.686
11.73
11.774
11.816
11.86
11.902
11.945999999999998
11.991999999999999
12.036
12.078000000000001
12.118
12.157999999999998
12.198
12.238
12.277999999999999
12.318000000000001
12.361999999999998
12.402
12.437999999999999
12.474
12.508
12.542
12.574000000000002
12.606000000000002
12.637999999999998
12.670000000000002
12.702000000000002
12.732
12.762
12.792
12.822
12.852
12.878
12.904
12.930000000000001
12.956
12.982000000000001
13.008000000000001
13.034
13.059999999999999
13.085999999999999
13.111999999999998
13.137999999999998
13.164
13.190000000000001
13.214
13.236
13.258
13.282
13.304
13.328
13.351999999999997
13.376000000000001
13.397999999999998
13.420000000000002
13.442
13.464000000000002
13.486
13.506
13.526
13.546
13.566
13.586
13.604
13.620000000000001
13.624000000000002
13.624
13.622
13.618000000000002
13.614
13.612
13.610000000000001
13.608
13.606000000000002
13.606
13.606
13.606000000000002
13.605999999999998
13.606
13.607999999999999
13.608
13.608
13.606
13.602
13.596
13.59
13.584
13.574000000000002
13.564
13.553999999999998
13.546
13.542
13.538
13.536000000000001
13.533999999999999
13.532
13.530000000000001
13.530000000000001
13.528
13.526
13.524000000000001
13.524000000000001
13.524000000000001
13.526
13.526
13.526
13.524
13.522
13.524000000000001
13.526
13.527999999999999
13.530000000000001
13.534
13.54
13.546
13.552
13.553999999999998
13.556000000000001
13.560000000000002
13.56
13.558
13.556000000000001
13.554
13.55
13.546000000000001
13.54
13.533999999999999
13.528
13.522000000000002
13.515999999999998
13.510000000000002
13.506
13.502
13.498
13.494
13.49
13.486
13.482
13.478000000000002
13.474
13.47
13.466
13.462
13.458
13.456
13.454
13.452000000000002
13.45
13.446
13.443999999999999
13.439999999999998
13.436
13.431999999999999
13.428
13.424
13.419999999999998
13.416
13.411999999999999
13.407999999999998
13.404
13.399999999999999
13.396
13.392
13.387999999999998
13.384
13.392
13.404
13.418
13.431999999999999
13.446000000000002
13.457999999999998
13.469999999999999
13.482
13.494
13.504000000000001
13.514
13.523999999999997
13.533999999999999
13.544
13.552
13.558
13.564
13.57
13.576
13.582
13.588000000000001
13.594000000000001
13.599999999999998
13.608
13.616
13.622
13.628
13.634
13.638
13.642
13.646
13.649999999999999
13.652000000000001
13.654000000000002
13.655999999999999
13.658
13.658000000000001
13.658
13.658000000000001
13.658
13.658000000000001
13.658000000000001
13.658
13.654
13.649999999999999
13.645999999999999
13.642
13.636
13.628
13.620000000000001
13.611999999999998
13.604
13.600000000000001
13.597999999999999
13.6
13.604
13.608
13.612
13.617999999999999
13.624000000000002
13.632
13.64
13.648
13.656
13.664
13.672
13.678
13.684000000000001
13.690000000000001
13.696
13.702
13.708000000000002
13.714
13.719999999999999
13.725999999999999
13.732000000000001
13.738
13.744
13.75
13.754
13.758
13.762
13.766
13.77
13.774000000000001
13.777999999999999
13.782
13.786
13.79
13.794
13.798
13.802
13.806000000000001
13.812000000000001
13.818000000000001
13.824
13.828
13.832
13.836
13.84
13.844000000000001
13.847999999999999
13.852
13.856
13.86
13.864
13.868
13.872
13.876000000000001
13.879999999999999
13.884
13.888
13.892
13.896
13.9
13.904
13.908000000000001
13.911999999999999
13.916
13.92
13.924
13.928
13.932
13.934000000000001
13.936
13.937999999999999
13.940000000000001
13.942
13.943999999999999
13.946000000000002
13.948
13.95
13.952
13.954
13.956
13.958
13.962
13.966000000000001
13.97
13.974
13.972000000000001
13.969999999999999
13.968
13.966000000000001
13.963999999999999
13.962
13.96
13.957999999999998
13.956
13.954
13.952
13.954
13.956
13.958000000000002
13.956
13.954
13.954
13.953999999999999
13.954
13.954
13.952
13.950000000000003
13.948
13.946
13.944000000000003
13.942
13.94
13.938000000000002
13.936
13.934000000000003
13.932000000000002
13.93
13.928
13.927999999999999
13.928
13.928
13.927999999999999
13.928
13.928
13.927999999999999
13.928
13.928
13.930000000000001
13.932000000000002
13.934000000000001
13.936000000000002
13.938000000000002
13.940000000000001
13.942
13.943999999999999
13.946000000000002
13.948
13.95
13.950000000000001
13.95
13.95
13.952000000000002
13.954
13.956000000000001
13.958000000000002
13.96
13.962000000000002
13.964000000000002
13.966000000000001
13.968
13.969999999999999
13.972000000000001
13.974
13.975999999999999
13.978000000000002
13.98
13.982
13.984000000000002
13.986
13.988000000000001
13.990000000000002
13.992
13.994
13.996000000000002
13.998000000000001
14.0
14.001999999999999
14.006
14.010000000000002
14.014
14.018
14.021999999999998
14.026
14.030000000000001
14.033999999999999
14.038000000000002
14.042000000000002
14.046
14.05
14.054
14.058
14.059999999999999
14.064
14.068
14.072000000000001
14.082
14.092
14.102
14.113999999999999
14.126000000000001
14.138
14.15
14.162000000000003
14.174
14.186000000000002
14.198
14.206
14.213999999999999
14.221999999999998
14.234
14.245999999999999
14.258
14.27
14.282
14.294
14.308
14.321999999999997
14.335999999999999
14.350000000000001
14.363999999999999
14.378
14.392
14.406
14.416
14.425999999999998
14.436
14.445999999999998
14.456
14.463999999999999
14.472000000000001
14.48
14.488
14.495999999999999
14.503999999999998
14.512
14.52
14.527999999999999
14.530000000000001
14.532000000000002
14.533999999999999
14.536
14.538
14.54
14.542
14.543999999999999
14.546
14.548
14.55
14.551999999999998
14.556000000000001
14.559999999999999
14.563999999999998
14.568
14.572
14.575999999999999
14.579999999999998
14.584
14.587999999999997
14.591999999999999
14.595999999999998
14.599999999999998
14.604
14.607999999999999
14.611999999999998
14.615999999999998
14.619999999999997
14.623999999999999
14.627999999999998
14.632
14.636
14.639999999999999
14.643999999999998
14.648
14.651999999999997
14.655999999999999
14.659999999999998
14.663999999999998
14.668
14.671999999999999
14.675999999999998
14.679999999999998
14.683999999999997
14.687999999999999
14.691999999999998
14.695999999999998
14.7
14.706000000000001
14.712
14.717999999999998
14.724
14.73
14.735999999999999
14.739999999999998
14.744
14.748
14.754
14.759999999999998
14.765999999999998
14.77
14.774000000000001
14.777999999999999
14.78
14.782
14.783999999999999
14.786
14.788
14.79
14.792
14.794
14.796
14.798
14.798
14.797999999999998
14.797999999999998
14.798
14.783999999999999
14.758
14.725999999999999
14.692
14.658
14.624
14.59
14.556
14.525999999999998
14.495999999999999
14.466
14.436
14.405999999999999
14.377999999999998
14.35
14.322
14.293999999999999
14.266
14.238
14.209999999999999
14.182
14.153999999999998
14.129999999999999
14.106
14.081999999999999
14.057999999999998
14.033999999999999
14.01
13.985999999999999
13.961999999999998
13.937999999999999
13.914
13.889999999999999
13.865999999999998
13.84
13.813999999999998
13.787999999999998
13.761999999999999
13.735999999999999
13.709999999999999
13.684
13.658
13.632
13.606
13.58
13.554
13.527999999999999
13.502
13.475999999999999
13.45
13.424
13.397999999999998
13.372
13.345999999999998
13.319999999999999
13.293999999999999
13.267999999999999
13.241999999999999
13.216
13.19
13.164
13.138
13.11
13.081999999999999
13.054
13.025999999999998
12.998
12.969999999999999
12.941999999999998
12.914
12.886
12.856
12.825999999999999
12.796
12.766
12.735999999999999
12.706
12.676
12.645999999999999
12.616
12.584
12.552
12.52
12.488
12.456
12.424
12.394
12.363999999999999
12.334
12.304
12.274
12.244
12.214
12.184
12.153999999999998
12.124
12.094
12.063999999999998
12.034
12.004
11.985999999999999
11.979999999999999
11.979999999999999
11.982
11.984
11.985999999999999
11.988
11.99
11.991999999999999
11.994
11.996
11.998
11.999999999999998
11.999999999999998
11.999999999999998
11.999999999999998
11.999999999999998
11.999999999999998
11.999999999999998
11.999999999999998
11.999999999999998
11.999999999999998
11.999999999999998
11.999999999999998
11.999999999999998
11.999999999999998
12.001999999999999
12.004
12.005999999999998
12.008
12.011999999999999
12.016
12.016
12.016
12.016
12.016
12.016
12.016
12.016
12.016
12.016
12.016
12.016
12.016
12.016
12.017999999999999
12.02
12.022
12.024
12.025999999999998
12.028
12.03
12.032
12.034
12.036
12.037999999999998
12.04
12.042
12.043999999999999
12.046
12.048
12.049999999999999
12.052
12.054
12.056
12.057999999999998
12.059999999999999
12.062
12.064
12.066
12.068
12.069999999999999
12.072
12.074
12.075999999999999
12.078
12.08
12.081999999999999
12.086
12.09
12.094
12.097999999999999
12.102
12.106
12.11
12.114
12.118
12.122
12.126
12.13
12.133999999999999
12.138
12.142
12.145999999999999
12.15
12.154
12.158
12.161999999999999
12.163999999999998
12.165999999999999
12.168
12.169999999999998
12.171999999999999
12.174
12.176
12.177999999999999
12.179999999999998
12.181999999999999
12.183999999999997
12.185999999999998
12.187999999999999
12.189999999999998
12.192
12.193999999999999
12.195999999999998
12.197999999999999
12.2
12.202
12.203999999999999
12.206
12.208
12.21
12.211999999999998
12.213999999999999
12.215999999999998
12.218
12.218
12.218
12.218
12.218
12.216000000000001
12.214
12.216000000000001
12.218
12.22
12.222
12.224
12.226
12.228
12.23
12.233999999999998
12.238
12.242
12.245999999999999
12.25
12.251999999999999
12.254000000000001
12.256
12.258
12.26
12.262
12.264
12.266
12.268
12.27
12.272
12.274000000000001
12.276
12.277999999999999
12.280000000000001
12.282
12.283999999999999
12.286000000000001
12.288
12.29
12.292
12.294
12.296
12.298
12.3
12.302
12.304
12.306000000000001
12.308
12.309999999999999
12.312000000000001
12.314
12.315999999999999
12.315999999999999
12.315999999999999
12.315999999999999
12.315999999999999
12.318000000000001
12.32
12.322
12.323999999999998
12.326
12.328
12.329999999999998
12.332
12.334
12.335999999999999
12.338000000000001
12.34
12.341999999999999
12.346
12.350000000000001
12.354
12.36
12.366
12.372
12.379999999999999
12.388000000000002
12.396
12.404
12.411999999999999
12.420000000000002
12.428
12.437999999999999
12.448
12.454
12.46
12.466000000000001
12.472000000000001
12.478000000000002
12.484000000000002
12.490000000000002
12.496000000000002
12.501999999999999
12.510000000000002
12.512
12.514
12.516000000000002
12.518
12.52
12.522
12.524000000000001
12.526
12.528
12.530000000000001
12.532
12.534
12.536000000000001
12.538
12.54
12.542000000000002
12.546
12.55
12.553999999999998
12.558
12.56
12.562
12.564
12.565999999999999
12.568
12.57
12.572
12.574
12.576
12.578000000000001
12.580000000000002
12.582
12.584
12.585999999999999
12.588000000000001
12.59
12.592
12.594
12.596
12.597999999999999
12.6
12.602
12.604
12.606
12.608
12.610000000000001
12.612000000000002
12.614
12.616
12.620000000000001
12.623999999999999
12.628
12.632
12.636000000000001
12.64
12.643999999999998
12.648
12.652000000000001
12.655999999999999
12.66
12.664
12.668000000000001
12.670000000000002
12.672
12.674
12.676
12.678
12.68
12.682
12.684000000000001
12.686
12.687999999999999
12.69
12.692
12.694
12.693999999999999
12.693999999999999
12.694
12.693999999999999
12.693999999999999
12.694
12.692
12.69
12.688
12.686
12.684000000000001
12.684000000000001
12.684000000000001
12.681999999999999
12.68
12.682
12.684000000000001
12.686
12.688
12.690000000000001
12.692
12.693999999999999
12.696
12.698
12.698
12.704
12.71
12.716000000000001
12.722000000000001
12.728
12.734
12.74
12.746
12.752
12.758000000000001
12.764000000000001
12.770000000000001
12.776
12.782
12.788
12.794
12.798
12.802
12.806000000000001
12.81
12.814
12.818000000000001
12.822000000000001
12.826
12.83
12.834000000000001
12.838000000000001
12.842
12.846
12.850000000000001
12.854000000000001
12.858
12.862000000000002
12.866
12.870000000000001
12.874
12.878
12.882
12.886000000000001
12.89
12.894
12.898000000000001
12.902000000000001
12.906
12.91
12.914000000000001
12.918000000000001
12.922
12.926000000000002
12.928
12.93
12.932
12.934000000000001
12.936
12.938
12.940000000000001
12.942
12.944
12.946
12.948
12.950000000000001
12.952
12.954
12.956000000000001
12.958
12.96
12.962000000000002
12.964
12.966000000000001
12.968000000000002
12.97
12.972000000000001
12.974
12.976
12.978000000000002
12.98
12.982
12.984000000000002
12.986
12.988
12.990000000000002
12.992
12.994
12.996
12.998000000000001
13.0
13.0
13.0
13.0
13.0
13.0
13.0
13.0
13.0
13.0
13.0
13.0
13.0
13.0
13.0
13.0
13.0
13.0
13.0
13.0
13.0
13.0
13.0
13.0
13.0
13.0
13.0
13.0
13.0
13.0
13.0
13.0
13.0
13.0
13.0
13.0
13.0
13.0
13.0
13.0
13.0
13.001999999999999
13.004
13.006
13.008
13.01
13.014
13.018
13.021999999999998
13.026
13.03
13.033999999999999
13.038
13.042
13.046
13.05
13.053999999999998
13.058
13.062
13.065999999999999
13.07
13.074
13.078
13.082
13.085999999999999
13.09
13.094
13.097999999999999
13.102
13.106
13.11
13.114
13.117999999999999
13.122
13.126
13.129999999999999
13.134
13.138
13.142
13.146
13.149999999999999
13.154
13.158
13.161999999999999
13.166
13.17
13.174
13.178
13.181999999999999
13.186
13.19
13.193999999999999
13.198
13.202
13.206
13.21
13.213999999999999
13.218
13.222
13.225999999999999
13.23
13.234
13.238
13.242
13.245999999999999
13.25
13.254
13.258
13.262
13.265999999999998
13.27
13.274000000000001
13.277999999999999
13.282
13.286
13.29
13.294
13.297999999999998
13.302
13.306000000000001
13.309999999999999
13.314
13.318
13.322
13.326
13.329999999999998
13.334
13.338000000000001
13.341999999999999
13.346
13.35
13.354
13.358
13.361999999999998
13.366
13.370000000000001
13.373999999999999
13.378
13.382
13.386
13.39
13.392
13.393999999999998
13.398
13.402
13.405999999999999
13.408000000000001
13.41
13.411999999999999
13.414000000000001
13.416
13.418
13.419999999999998
13.422
13.424
13.425999999999998
13.428
13.43
13.431999999999999
13.434000000000001
13.436
13.437999999999999
13.440000000000001
13.442
13.443999999999999
13.448
13.451999999999998
13.456
13.46
13.463999999999999
13.468
13.472000000000001
13.475999999999999
13.48
13.483999999999998
13.488
13.492
13.495999999999999
13.5
13.504000000000001
13.508
13.512
13.515999999999998
13.52
13.524000000000001
13.527999999999999
13.532
13.536000000000001
13.54
13.544
13.547999999999998
13.552
13.556000000000001
13.559999999999999
13.564
13.568000000000001
13.572
13.576
13.579999999999998
13.584
13.588000000000001
13.591999999999999
13.596
13.600000000000001
13.604
13.608
13.611999999999998
13.616
13.620000000000001
13.623999999999999
13.628
13.632000000000001
13.636
13.64
13.643999999999998
13.648
13.652000000000001
13.655999999999999
13.66
13.664000000000001
13.668
13.672
13.675999999999998
13.68
13.684000000000001
13.687999999999999
13.692
13.696000000000002
13.7
13.704
13.707999999999998
13.712
13.716000000000001
13.719999999999999
13.724
13.727999999999998
13.732
13.736
13.739999999999998
13.744
13.748000000000001
13.751999999999999
13.756
13.758
13.759999999999998
13.762
13.764
13.765999999999998
13.768
13.77
13.771999999999998
13.774000000000001
13.776
13.777999999999999
13.780000000000001
13.782
13.783999999999999
13.786000000000001
13.788
13.79
13.791999999999998
13.794
13.796
13.797999999999998
13.8
13.8
13.8
13.8
13.8
13.8
13.8
13.8
13.8
13.8
13.8
13.8
13.8
13.8
13.8
13.8
13.8
13.8
13.8
13.8
13.8
13.8
13.8
13.8
13.8
13.8
13.8
13.8
13.8
13.8
13.8
13.8
13.8
13.8
13.8
13.8
13.8
13.8
13.8
13.8
13.8
13.8
13.8
13.8
13.8
13.8
13.8
13.8
13.8
13.8
13.8
13.8
13.8
13.8
13.8
13.8
13.8
13.8
13.8
13.8
13.8
13.8
13.8
13.8
13.8
13.8
13.8
13.8
13.8
13.8
13.8
13.8
13.8
13.8
13.8
13.8
13.8
13.8
13.8
13.8
13.8
13.8
13.8
13.8
13.8
13.8
13.8
13.8
13.8
13.8
13.8
13.8
13.8
13.8
13.8
13.8
13.8
13.8
13.8
13.8
13.8
13.8
13.8
13.8
13.8
13.8
13.8
13.8
13.8
13.8
13.8
13.8
13.8
13.8
13.8
13.8
13.8
13.8
13.8
13.8
13.8
13.8
13.8
13.8
13.8
13.8
13.8
13.8
13.8
13.8
13.8
13.8
13.8
13.8
13.8
13.8
13.8
13.8
13.8
13.8
13.8
13.8
13.8
13.8
13.8
13.8
13.8
13.8
13.8
13.8
13.8
13.8
13.8
13.8
13.8
13.8
13.8
13.8
13.8
13.8
13.8
13.8
13.8
13.8
13.8
13.8
13.8
13.8
13.8
13.8
13.8
13.8
13.8
13.8
13.8
13.8
13.8
13.8
13.8
13.8
13.8
13.8
13.8
13.8
13.8
13.8
13.8
13.8
13.8
13.8
13.8
13.8
13.8
13.8
13.8
13.8
13.8
13.8
13.8
13.8
13.8
13.8
13.8
13.8
13.8
13.8
13.8
13.8
13.8
13.8
13.8
13.8
13.8
13.8
13.8
13.8
13.8
13.8
13.8
13.8
13.8
13.8
13.8
13.8
13.8
13.8
13.8
13.8
13.8
13.8
13.8
13.8
13.8
13.8
13.8
13.8
13.8
13.8
13.8
13.8
13.8
13.8
13.8
13.8
13.8
13.8
13.8
13.8
13.8
13.8
13.8
13.8
13.8
13.8
13.8
13.8
13.8
13.8
13.8
13.8
13.8
13.8
13.8
13.8
13.8
13.8
13.8
13.8
13.8
13.8
13.8
13.8
13.8
13.8
13.8
13.8
13.8
13.8
13.8
13.8
13.8
13.8
13.8
13.8
13.8
13.8
13.8
13.8
