0.044
0.048
0.052
0.058
0.064
0.07
0.07800000000000001
0.086
0.094
0.10200000000000001
0.11200000000000002
0.122
0.132
0.138
0.14400000000000002
0.15000000000000002
0.156
0.162
0.16799999999999998
0.176
0.184
0.194
0.206
0.216
0.22599999999999995
0.23799999999999996
0.24999999999999997
0.264
0.278
0.292
0.306
0.32
0.33399999999999996
0.35
0.366
0.384
0.402
0.42000000000000004
0.44000000000000006
0.45999999999999996
0.48
0.498
0.518
0.54
0.564
0.588
0.612
0.636
0.658
0.68
0.704
0.728
0.754
0.78
0.8059999999999999
0.83
0.8539999999999999
0.8799999999999999
0.9079999999999999
0.9359999999999999
0.964
0.994
1.024
1.06
1.096
1.1340000000000001
1.174
1.2139999999999997
1.2559999999999998
1.2979999999999998
1.3399999999999999
1.384
1.43
1.472
1.514
1.556
1.6
1.646
1.698
1.754
1.8119999999999998
1.8679999999999999
1.926
1.9780000000000002
2.0260000000000002
2.072
2.118
2.1639999999999997
2.2140000000000004
2.2640000000000002
2.316
2.37
2.426
2.486
2.548
2.6140000000000003
2.6820000000000004
2.7500000000000004
2.816
2.886
2.958
3.024
3.0860000000000003
3.1439999999999997
3.202
3.2600000000000002
3.318
3.3840000000000003
3.45
3.5160000000000005
3.58
3.644
3.71
3.7800000000000002
3.852
3.924
3.998
4.072
4.146
4.220000000000001
4.2940000000000005
4.3660000000000005
4.4399999999999995
4.518
4.598
4.664
4.724
4.782
4.84
4.885999999999999
4.93
4.976
5.02
5.064
5.11
5.162
5.214
5.267999999999999
5.32
5.3740000000000006
5.428000000000001
5.484
5.5440000000000005
5.604000000000001
5.664000000000001
5.724
5.784000000000001
5.846
5.914
5.981999999999999
6.050000000000001
6.119999999999999
6.1899999999999995
6.248
6.300000000000001
6.35
6.395999999999999
6.442
6.486000000000001
6.532
6.582000000000001
6.636000000000001
6.693999999999999
6.751999999999999
6.811999999999999
6.878
6.952
7.02
7.084
7.15
7.215999999999999
7.281999999999999
7.347999999999999
7.42
7.494
7.572
7.652
7.732
7.8100000000000005
7.8759999999999994
7.938000000000001
7.997999999999999
8.052
8.112
8.178
8.244
8.312
8.386000000000001
8.46
8.538
8.614
8.693999999999999
8.778
8.852
8.927999999999999
9.004
9.078
9.144
9.204
9.258000000000001
9.31
9.370000000000001
9.436000000000002
9.510000000000002
9.592000000000002
9.674000000000001
9.755999999999998
9.834000000000001
9.912
9.984000000000002
10.047999999999998
10.104
10.148
10.196000000000002
10.243999999999998
10.296
10.348000000000003
10.402000000000001
10.459999999999999
10.522
10.586000000000002
10.654
10.722
10.790000000000001
10.862000000000002
10.940000000000001
11.024000000000001
11.108
11.198
11.302
11.41
11.517999999999999
11.629999999999999
11.746
11.860000000000001
11.954
12.046
12.136
12.224
12.304
12.39
12.475999999999999
12.558000000000002
12.644
12.73
12.82
12.916
13.006000000000002
13.084
13.142
13.193999999999999
13.244000000000002
13.296000000000001
13.35
13.405999999999999
13.462
13.524000000000001
13.589999999999998
13.658000000000001
13.72
13.777999999999999
13.836
13.893999999999998
13.945999999999998
14.004000000000001
14.058
14.108
14.16
14.212
14.262
14.316
14.368
14.424
14.476
14.527999999999999
14.578
14.632
14.692
14.754
14.828
14.91
14.993999999999998
15.086000000000002
15.18
15.278
15.378000000000002
15.477999999999998
15.576
15.676
15.764000000000001
15.846
15.914
15.98
16.054
16.128
16.206
16.286
16.376
16.472
16.575999999999997
16.682
16.79
16.91
17.024
17.136
17.240000000000002
17.338
17.434
17.532000000000004
17.636000000000003
17.758
17.898
18.054000000000002
18.218
18.386
18.544
18.704
18.862000000000002
19.022
19.166
19.3
19.424
19.538
19.65
19.758
19.874
19.991999999999997
20.087999999999997
20.157999999999998
20.208000000000002
20.241999999999997
20.272
20.304000000000002
20.334
20.368
20.421999999999997
20.48
20.544
20.613999999999997
20.694
20.788
20.884
20.978
21.066
21.150000000000002
21.235999999999997
21.318
21.394
21.474000000000004
21.57
21.671999999999997
21.776
21.886000000000003
22.009999999999998
22.146
22.29
22.444000000000003
22.6
22.756
22.918
23.090000000000003
23.26
23.428
23.602000000000004
23.78
23.945999999999998
24.096000000000004
24.252
24.414
24.580000000000002
24.746000000000002
24.916
25.084000000000003
25.259999999999998
25.438
25.605999999999998
25.758000000000003
25.9
26.029999999999998
26.148000000000003
26.246000000000002
26.340000000000003
26.426000000000002
26.514000000000003
26.606
26.695999999999998
26.788000000000004
26.89
26.996000000000002
27.122
27.263999999999996
27.428
27.593999999999998
27.759999999999998
27.92
28.07
28.222
28.372
28.519999999999996
28.666000000000004
28.818
28.973999999999997
29.119999999999997
29.264
29.396
29.54
29.692000000000004
29.848
30.001999999999995
30.168000000000003
30.330000000000002
30.494
30.654
30.816
30.973999999999997
31.144
31.314
31.488
31.653999999999996
31.832
32.02
32.21
32.41
32.614000000000004
32.818
33.016
33.214
33.442
33.694
33.97
34.272000000000006
34.554
34.814
35.062
35.3
35.524
35.746
35.964
36.181999999999995
36.412
36.634
36.862
37.104
37.35
37.606
37.858
38.11600000000001
38.386
38.666000000000004
38.958
39.25
39.546
39.836
40.112
40.374
40.602
40.794
40.958
41.108
41.248000000000005
41.372
41.483999999999995
41.586
41.672
41.738
41.812
41.902
42.0
42.1
42.198
42.286
42.373999999999995
42.468
42.564
42.668
42.788
42.914
43.040000000000006
43.172
43.315999999999995
43.474000000000004
43.644
43.824
44.004
44.178
44.36600000000001
44.56
44.754
44.949999999999996
45.129999999999995
45.308
45.47200000000001
45.622
45.75399999999999
45.884
46.01
46.126
46.232
46.348
46.464
46.581999999999994
46.702000000000005
46.83
46.96
47.11
47.25599999999999
47.406
47.556000000000004
47.71000000000001
47.852
47.984
48.102000000000004
48.221999999999994
48.334
48.452000000000005
48.568
48.698
48.833999999999996
48.978
49.108000000000004
49.239999999999995
49.36600000000001
49.488
49.596
49.688
49.78
49.864000000000004
49.93600000000001
50.016000000000005
50.098
50.17399999999999
50.27400000000001
50.406000000000006
50.55
50.702
50.866
51.032000000000004
51.2
51.367999999999995
51.53
51.68999999999999
51.855999999999995
52.012
52.17199999999999
52.343999999999994
52.508
52.660000000000004
52.80200000000001
52.93599999999999
53.04200000000001
53.136
53.2
53.256
53.306
53.35
53.42
53.508
53.61399999999999
53.738
53.86200000000001
53.998000000000005
54.141999999999996
54.312
54.507999999999996
54.721999999999994
54.96
55.205999999999996
55.45399999999999
55.708
55.98
56.269999999999996
56.554
56.83
57.081999999999994
57.322
57.55
57.78
58.007999999999996
58.236000000000004
58.454
58.678
58.903999999999996
59.128
59.36999999999999
59.622
59.86
60.094
60.322
60.54
60.775999999999996
61.007999999999996
61.256
61.516
61.804
62.096000000000004
62.406
62.730000000000004
63.068000000000005
63.402
63.724
64.03200000000001
64.322
64.598
64.866
65.12
65.356
65.568
65.76400000000001
65.948
66.122
66.29799999999999
66.49000000000001
66.684
66.87599999999999
67.06
67.244
67.422
67.588
67.75
67.922
68.104
68.292
68.482
68.688
68.91
69.13799999999999
69.378
69.626
69.86200000000001
70.096
70.324
70.554
70.782
71.004
71.218
71.42999999999999
71.636
71.83999999999999
72.038
72.226
72.40199999999999
72.55600000000001
72.7
72.82
72.912
73.00800000000001
73.104
73.21000000000001
73.322
73.456
73.60000000000001
73.768
73.944
74.13799999999999
74.346
74.566
74.802
75.046
75.28800000000001
75.53
75.768
76.0
76.198
76.376
76.55199999999999
76.712
76.868
77.01599999999999
77.152
77.27
77.39
77.49799999999999
77.61
77.73199999999999
77.854
77.97200000000001
78.08800000000002
78.20199999999998
78.32
78.456
78.59400000000001
78.73
78.87199999999999
79.004
79.13799999999999
79.286
79.45
79.61600000000001
79.802
79.97800000000001
80.15199999999999
80.312
80.466
80.61200000000001
80.756
80.882
80.996
81.09
81.17199999999998
81.262
81.36
81.46600000000001
81.578
81.70599999999999
81.85
82.024
82.232
82.464
82.71199999999999
82.964
83.21799999999999
83.456
83.69
83.932
84.184
84.43399999999998
84.68199999999999
84.94
85.212
85.50800000000001
85.79400000000001
86.09600000000002
86.41400000000002
86.74199999999999
87.078
87.42800000000001
87.782
88.13
88.47200000000001
88.81
89.15
89.482
89.80199999999999
90.12800000000001
90.46600000000001
90.80000000000001
91.14399999999999
91.49
91.84
92.18799999999999
92.544
92.91
93.28799999999998
93.68799999999999
94.09800000000001
94.498
94.896
95.28399999999999
95.64999999999999
96.006
96.352
96.702
97.05000000000001
97.396
97.74000000000001
98.088
98.43199999999999
98.774
99.12799999999999
99.49000000000001
99.862
100.25399999999999
100.67
101.088
101.486
101.876
102.262
102.63600000000001
103.004
103.37599999999999
103.752
104.152
104.56
104.974
105.38799999999999
105.80799999999999
106.226
106.644
107.064
107.49600000000001
107.93200000000002
108.372
108.81199999999998
109.254
109.702
110.142
110.576
111.01
111.42599999999999
111.83600000000001
112.242
112.64399999999999
113.05000000000001
113.452
113.858
114.262
114.664
115.07000000000002
115.486
115.902
116.324
116.752
117.182
117.618
118.058
118.49600000000001
118.94000000000001
119.386
119.84199999999998
120.312
120.79799999999999
121.284
121.77199999999999
122.246
122.698
123.13399999999999
123.562
123.97999999999999
124.398
124.786
125.168
125.53800000000001
125.88799999999998
126.22199999999998
126.55600000000001
126.876
127.184
127.502
127.81599999999999
128.122
128.41799999999998
128.708
129.004
129.292
129.572
129.85600000000002
130.13
130.40800000000002
130.69
130.95600000000002
131.214
131.47400000000002
131.722
131.97199999999998
132.222
132.49
132.766
133.04399999999998
133.32600000000002
133.614
133.91
134.206
134.516
134.834
135.14
135.44
135.724
136.0
136.26
136.51600000000002
136.76000000000002
137.00400000000002
137.24599999999998
137.49
137.75799999999998
138.04399999999998
138.34
138.644
138.962
139.286
139.60399999999998
139.922
140.244
140.578
140.932
141.298
141.666
142.036
142.394
142.732
143.06599999999997
143.382
143.68200000000002
143.97199999999998
144.23399999999998
144.49
144.736
144.974
145.21800000000002
145.482
145.762
146.05
146.344
146.62
146.88799999999998
147.16199999999998
147.428
147.704
147.99
148.278
148.564
148.85
149.142
149.428
149.69400000000002
149.962
150.212
150.45999999999998
150.69799999999998
150.954
151.206
151.47
151.732
152.006
152.30399999999997
152.598
152.87
153.12
153.33999999999997
153.552
153.76
153.942
154.112
154.248
154.334
154.38400000000001
154.404
154.40800000000002
154.416
154.43200000000002
154.45600000000002
154.49599999999998
154.534
154.594
154.664
154.762
154.892
155.028
155.18
155.382
155.606
155.844
156.102
156.368
156.662
156.978
157.30599999999998
157.674
158.074
158.498
158.942
159.392
159.846
160.31
160.80599999999998
161.302
161.83599999999998
162.388
162.97
163.564
164.184
164.8
165.416
166.058
166.686
167.296
167.88799999999998
168.478
169.06
169.63400000000001
170.206
170.77
171.328
171.88
172.42000000000002
172.94400000000002
173.46999999999997
173.998
174.53
175.06000000000003
175.582
176.118
176.67000000000002
177.22
177.77800000000002
178.338
178.892
179.452
180.00199999999998
180.53400000000002
181.058
181.58800000000002
182.118
182.664
183.20800000000003
183.75199999999998
184.31599999999997
184.86599999999999
185.40200000000002
185.91000000000003
186.38399999999996
186.82800000000003
187.24
187.622
187.98399999999998
188.33999999999997
188.668
188.94599999999997
189.18
189.37800000000004
189.564
189.724
189.88600000000002
190.024
190.15
190.29999999999998
190.47
190.672
190.874
191.11
191.35199999999998
191.636
191.94
192.256
192.618
193.002
193.398
193.784
194.166
194.52800000000002
194.86599999999999
195.184
195.478
195.75400000000002
196.014
196.228
196.394
196.526
196.62
196.68800000000002
196.716
196.73200000000003
196.752
196.76799999999997
196.77399999999997
196.768
196.77200000000002
196.76600000000002
196.76800000000003
196.774
196.79999999999998
196.834
196.86399999999998
196.878
196.88400000000001
196.89399999999998
196.89799999999997
196.91
196.92200000000003
196.936
196.93599999999998
196.932
196.944
196.93600000000004
196.95999999999998
196.98
197.01800000000003
197.058
197.108
197.16999999999996
197.23199999999997
197.29199999999997
197.358
197.41400000000002
197.45800000000003
197.50400000000002
197.54399999999998
197.592
197.632
197.67
197.70800000000003
197.71800000000002
197.712
197.688
197.656
197.62
197.58199999999997
197.524
197.45
197.364
197.264
197.13400000000001
196.988
196.832
196.67400000000004
196.49200000000002
196.31
196.11200000000002
195.892
195.68400000000003
195.506
195.358
195.224
195.1
194.98000000000002
194.85600000000002
194.746
194.65999999999997
194.62400000000002
194.62800000000001
194.64000000000001
194.674
194.72199999999998
194.802
194.902
194.986
195.08999999999997
195.17
195.26
195.358
195.45600000000002
195.548
195.64999999999998
195.776
195.886
196.00400000000002
196.12400000000002
196.23600000000002
196.358
196.466
196.618
196.74600000000004
196.87400000000002
196.982
197.076
197.18400000000003
197.308
197.432
197.582
197.712
197.858
198.00199999999998
198.124
198.22400000000002
198.32199999999997
198.41000000000003
198.488
198.54000000000002
198.588
198.598
198.586
198.54399999999998
198.48399999999998
198.424
198.332
198.24200000000002
198.13799999999998
198.022
197.90200000000002
197.77800000000002
197.67199999999997
197.606
197.522
197.478
197.426
197.42600000000002
197.42
197.436
197.476
197.52000000000004
197.572
197.64
197.69800000000004
197.788
197.876
198.0
198.156
198.324
198.51
198.696
198.89800000000002
199.128
199.376
199.66600000000003
199.964
200.272
200.58799999999997
200.91200000000003
201.262
201.632
202.01
202.42
202.834
203.27599999999998
203.74399999999997
204.248
204.77799999999996
205.344
205.946
206.548
207.142
207.73
208.318
208.91800000000003
209.536
210.142
210.76200000000003
211.40200000000002
212.042
212.632
213.22000000000003
213.798
214.36
214.892
215.38
215.868
216.328
216.78599999999997
217.268
217.726
218.176
218.604
219.004
219.386
219.76
220.13400000000001
220.532
220.96
221.39600000000002
221.858
222.30400000000003
222.8
223.308
223.848
224.416
225.00600000000003
225.614
226.254
226.92000000000002
227.64
228.382
229.134
229.894
230.69
231.48399999999998
232.296
233.122
233.964
234.80599999999998
235.666
236.54200000000003
237.452
238.388
239.322
240.29
241.25
242.206
243.134
244.032
244.92399999999998
245.77799999999996
246.574
247.358
248.082
248.738
249.36200000000002
249.98200000000003
250.574
251.136
251.67200000000003
252.19400000000002
252.692
253.16599999999997
253.60399999999998
254.048
254.45000000000002
254.81599999999997
255.156
255.49200000000002
255.81799999999998
256.106
256.38
256.63800000000003
256.868
257.08799999999997
257.27
257.41999999999996
257.55799999999994
257.668
257.744
257.81000000000006
257.84799999999996
257.882
257.896
257.88800000000003
257.86199999999997
257.8
257.76
257.7
257.666
257.634
257.588
257.562
257.5
257.43399999999997
257.36800000000005
257.286
257.176
257.06399999999996
256.98199999999997
256.888
256.81
256.72400000000005
256.65200000000004
256.616
256.59799999999996
256.59
256.606
256.60200000000003
256.6
256.606
256.664
256.75
256.858
256.986
257.136
257.26800000000003
257.386
257.50600000000003
257.63599999999997
257.75
257.796
257.824
257.822
257.784
257.71799999999996
257.63
257.50800000000004
257.334
257.086
256.834
256.532
256.214
255.872
255.512
255.124
254.72599999999997
254.336
253.948
253.55200000000002
253.13000000000002
252.68400000000003
252.21800000000002
251.76999999999998
251.322
250.892
250.47200000000004
250.08200000000005
249.72400000000002
249.37400000000002
249.04399999999998
248.75000000000003
248.474
248.204
247.99399999999997
247.774
247.55200000000002
247.352
247.16000000000003
246.972
246.764
246.584
246.43200000000002
246.308
246.172
246.03999999999996
245.928
245.83
245.726
245.67000000000002
245.628
245.618
245.63
245.666
245.724
245.82000000000002
245.958
246.112
246.286
246.50199999999998
246.748
246.986
247.21
247.42800000000003
247.65599999999998
247.886
248.132
248.332
248.56799999999998
248.808
249.082
249.38600000000002
249.69
250.054
250.45
250.88199999999998
251.336
251.82799999999997
252.334
252.856
253.398
253.94799999999998
254.526
255.12399999999997
255.73200000000003
256.37
257.036
257.714
258.416
259.132
259.854
260.558
261.26599999999996
261.974
262.68199999999996
263.35
263.992
264.662
265.312
265.932
266.582
267.26599999999996
267.94
268.63
269.338
270.046
270.76
271.494
272.24
273.01800000000003
273.788
274.59
275.416
276.24
277.06600000000003
277.902
278.718
279.524
280.308
281.10200000000003
281.896
282.702
283.51
284.29600000000005
285.082
285.844
286.582
287.314
288.01800000000003
288.73600000000005
289.43399999999997
290.126
290.798
291.48400000000004
292.158
292.83399999999995
293.50399999999996
294.172
294.84399999999994
295.516
296.198
296.884
297.56
298.24
298.946
299.67
300.40000000000003
301.13
301.882
302.618
303.384
304.14399999999995
304.90799999999996
305.65999999999997
306.418
307.192
307.94
308.716
309.49800000000005
310.276
311.03
311.824
312.64599999999996
313.48
314.33599999999996
315.22
316.106
317.024
317.92600000000004
318.832
319.73
320.61199999999997
321.47999999999996
322.36
323.212
324.054
324.90000000000003
325.726
326.532
327.318
328.09400000000005
328.85400000000004
329.60400000000004
330.336
331.04400000000004
331.728
332.392
333.04800000000006
333.69199999999995
334.326
334.97599999999994
335.58799999999997
336.17
336.73
337.28400000000005
337.858
338.46799999999996
339.042
339.61800000000005
340.22400000000005
340.818
341.44
342.104
342.768
343.44599999999997
344.13
344.81
345.49800000000005
346.18199999999996
346.86199999999997
347.518
348.17600000000004
348.8
349.41999999999996
350.028
350.604
351.186
351.752
352.32
352.838
353.33600000000007
353.81399999999996
354.27
354.722
355.1499999999999
355.59000000000003
356.056
356.512
356.976
357.41999999999996
357.88
358.35
358.82599999999996
359.298
359.77
360.212
360.634
361.03
361.38800000000003
361.75
362.1
362.412
362.72799999999995
363.004
363.25
363.47599999999994
363.70000000000005
363.888
364.06600000000003
364.21400000000006
364.322
364.418
364.51200000000006
364.592
364.658
364.73199999999997
364.82
364.88199999999995
364.928
364.94599999999997
364.976
365.00199999999995
364.992
364.95000000000005
364.864
364.74399999999997
364.616
364.456
364.3
364.116
363.918
363.69399999999996
363.45799999999997
363.168
362.852
362.49199999999996
362.13800000000003
361.772
361.384
360.994
360.60400000000004
360.198
359.77200000000005
359.33799999999997
358.92
358.49399999999997
358.03
357.542
357.04
356.532
356.0
355.45799999999997
354.888
354.326
353.73800000000006
353.106
352.462
351.83
351.132
350.39200000000005
349.62600000000003
348.83799999999997
348.034
347.206
346.374
345.53599999999994
344.67800000000005
343.796
342.93600000000004
342.068
341.204
340.35200000000003
339.504
338.666
337.832
336.982
336.11999999999995
335.254
334.35
333.46400000000006
332.58400000000006
331.70399999999995
330.822
329.95000000000005
329.044
328.15600000000006
327.18
326.226
325.242
324.24
323.24199999999996
322.19000000000005
321.154
320.09400000000005
319.022
317.97200000000004
316.928
315.90799999999996
314.938
313.942
312.96
311.99
311.038
310.1
309.16999999999996
308.278
307.398
306.584
305.76800000000003
304.97
304.19999999999993
303.464
302.69399999999996
301.92999999999995
301.19
300.422
299.67
298.91999999999996
298.144
297.394
296.668
295.94
295.21200000000005
294.536
293.8739999999999
293.234
292.60400000000004
291.966
291.32399999999996
290.698
290.08400000000006
289.508
288.952
288.418
287.904
287.41999999999996
286.95
286.50000000000006
286.056
285.634
285.23
284.842
284.468
284.14799999999997
283.818
283.504
283.262
283.088
282.918
282.752
282.634
282.548
282.49199999999996
282.476
282.50399999999996
282.592
282.702
282.84399999999994
283.052
283.33
283.622
283.918
284.218
284.56600000000003
284.942
285.34000000000003
285.796
286.266
286.736
287.238
287.778
288.322
288.90799999999996
289.486
290.078
290.714
291.36600000000004
292.02
292.72200000000004
293.456
294.21
294.996
295.80400000000003
296.63599999999997
297.532
298.39599999999996
299.336
300.288
301.28
302.282
303.262
304.272
305.274
306.302
307.344
308.372
309.42600000000004
310.474
311.472
312.498
313.516
314.5160000000001
315.51800000000003
316.49999999999994
317.49799999999993
318.45000000000005
319.366
320.22799999999995
321.084
321.916
322.73800000000006
323.51200000000006
324.294
325.07400000000007
325.828
326.56199999999995
327.286
327.984
328.70399999999995
329.40999999999997
330.08799999999997
330.76
331.454
332.12
332.79
333.45799999999997
334.11400000000003
334.804
335.48
336.116
336.752
337.37399999999997
338.00000000000006
338.62
339.252
339.88399999999996
340.48600000000005
341.068
341.658
342.236
342.77
343.272
343.752
344.154
344.554
344.89400000000006
345.184
345.37
345.54200000000003
345.69
345.772
345.856
345.938
346.0
346.03800000000007
346.074
346.10200000000003
346.08599999999996
346.068
346.004
345.94999999999993
345.892
345.844
345.77600000000007
345.688
345.564
345.40600000000006
345.282
345.18
345.034
344.85999999999996
344.67
344.474
344.274
344.05999999999995
343.85
343.626
343.418
343.14
342.90400000000005
342.618
342.324
342.03799999999995
341.73600000000005
341.38
341.038
340.67
340.29
339.908
339.50399999999996
339.128
338.76199999999994
338.39200000000005
338.04600000000005
337.69
337.388
337.06399999999996
336.744
336.45799999999997
336.15000000000003
335.868
335.632
335.376
335.146
334.892
334.634
334.386
334.10599999999994
333.76
333.446
333.12999999999994
332.80400000000003
332.456
332.122
331.776
331.448
331.142
330.864
330.612
330.368
330.132
329.89799999999997
329.66
329.43399999999997
329.226
328.978
328.712
328.39799999999997
328.06399999999996
327.746
327.372
327.002
326.646
326.24800000000005
325.84
325.42999999999995
325.008
324.59
324.2
323.786
323.42199999999997
323.07599999999996
322.76800000000003
322.51
322.228
322.032
321.862
321.738
321.624
321.53200000000004
321.46199999999993
321.38599999999997
321.312
321.238
321.166
321.06600000000003
320.96000000000004
320.842
320.74999999999994
320.658
320.57
320.518
320.468
320.41600000000005
320.34400000000005
320.278
320.21799999999996
320.132
320.022
319.912
319.802
319.678
319.528
319.35
319.156
318.954
318.74199999999996
318.498
318.31999999999994
318.08200000000005
317.876
317.644
317.37199999999996
317.064
316.784
316.43600000000004
316.09600000000006
315.73
315.33000000000004
314.99
314.62
314.228
313.826
313.38800000000003
312.962
312.478
312.006
311.486
310.98800000000006
310.488
309.96999999999997
309.42
308.878
308.334
307.832
307.356
306.872
306.44
306.09000000000003
305.716
305.352
305.0
304.702
304.39599999999996
304.144
303.904
303.63
303.372
303.132
302.904
302.674
302.466
302.33
302.202
302.06399999999996
301.99
301.962
301.984
302.072
302.18600000000004
302.348
302.50800000000004
302.62199999999996
302.762
302.902
303.0
303.086
303.14
303.114
303.08399999999995
302.938
302.792
302.59799999999996
302.362
302.13800000000003
301.818
301.478
301.12
300.76
300.38599999999997
299.998
299.598
299.248
298.87
298.45
298.07199999999995
297.678
297.3
296.896
296.49600000000004
296.086
295.652
295.214
294.78
294.36
293.934
293.488
293.046
292.604
292.18
291.736
291.33000000000004
290.87199999999996
290.47400000000005
290.074
289.692
289.348
289.02
288.716
288.39
288.08
287.786
287.534
287.29
287.048
286.872
286.664
286.49800000000005
286.322
286.11799999999994
285.92400000000004
285.76
285.64
285.53000000000003
285.462
285.388
285.304
285.304
285.28799999999995
285.31800000000004
285.368
285.448
285.52
285.624
285.71599999999995
285.81399999999996
285.946
286.056
286.17400000000004
286.25
286.352
286.476
286.588
286.704
286.764
286.806
286.852
286.874
286.88200000000006
286.88
286.89799999999997
286.858
286.752
286.618
286.466
286.272
286.06
285.844
285.56600000000003
285.3
285.024
284.752
284.504
284.26
284.032
283.81800000000004
283.63599999999997
283.50800000000004
283.43399999999997
283.36400000000003
283.38
283.416
283.49
283.57199999999995
283.64599999999996
283.79600000000005
283.93399999999997
284.11
284.276
284.48
284.70799999999997
284.982
285.252
285.552
285.928
286.266
286.64599999999996
287.054
287.47200000000004
287.9
288.33799999999997
288.72200000000004
289.052
289.356
289.616
289.868
290.11
290.31
290.488
290.626
290.762
290.854
291.00199999999995
291.11
291.22600000000006
291.32
291.368
291.416
291.402
291.402
291.386
291.358
291.29200000000003
291.24
291.19
291.146
291.104
291.034
290.926
290.782
290.61
290.396
290.118
289.79
289.422
289.06399999999996
288.668
288.16999999999996
287.63
287.058
286.478
285.878
285.26199999999994
284.62
283.946
283.244
282.54
281.872
281.18
280.572
279.946
279.344
278.778
278.212
277.666
277.16799999999995
276.688
276.204
275.73199999999997
275.266
274.81600000000003
274.39
273.978
273.574
273.204
272.822
272.418
272.034
271.7
271.332
271.00800000000004
270.676
270.348
270.01
269.638
269.296
268.926
268.554
268.15799999999996
267.76
267.35400000000004
266.936
266.498
266.062
265.644
265.19
264.73799999999994
264.26
263.796
263.29799999999994
262.786
262.246
261.664
261.048
260.39
259.716
259.012
258.318
257.61600000000004
256.908
256.18800000000005
255.538
254.918
254.33
253.79
253.28400000000002
252.80599999999998
252.39000000000001
251.994
251.63600000000002
251.29399999999998
250.968
250.66199999999998
250.34600000000003
250.06
249.786
249.52800000000002
249.28199999999998
249.042
248.82000000000002
248.6
248.396
248.22199999999998
248.058
247.87400000000002
247.648
247.466
247.224
247.074
246.94000000000003
246.814
246.69799999999998
246.58200000000002
246.462
246.31
246.14
245.99399999999997
245.89
245.802
245.72199999999998
245.63799999999998
245.548
245.456
245.316
245.19800000000004
245.084
244.95399999999998
244.82600000000002
244.714
244.57799999999997
244.43599999999998
244.30599999999998
244.12800000000001
243.94400000000002
243.762
243.554
243.33
243.156
242.968
242.792
242.582
242.38600000000002
242.204
242.05
241.90200000000004
241.792
241.722
241.61599999999999
241.48399999999998
241.372
241.228
241.07
240.884
240.72
240.57600000000002
240.408
240.258
240.11599999999999
239.992
239.876
239.78000000000003
239.65
239.53
239.42200000000003
239.31799999999998
239.21599999999998
239.13800000000003
239.084
239.04799999999997
239.02399999999997
239.014
239.016
239.034
239.07999999999998
239.166
239.27799999999996
239.43800000000002
239.58999999999997
239.71800000000002
239.88599999999997
240.052
240.20399999999998
240.40800000000002
240.646
240.906
241.18599999999998
241.47799999999998
241.76
242.038
242.34
242.69
243.034
243.334
243.642
243.942
244.22
244.498
244.776
245.05399999999997
245.332
245.602
245.86
246.126
246.38200000000003
246.64400000000003
246.95
247.236
247.56400000000002
247.87599999999998
248.20199999999997
248.52599999999998
248.83000000000004
249.14999999999998
249.532
249.93400000000003
250.374
250.82
251.29000000000002
251.76600000000002
252.266
252.774
253.3
253.85199999999998
254.48000000000002
255.108
255.76999999999998
256.436
257.11400000000003
257.796
258.454
259.114
259.73400000000004
260.352
260.966
261.59200000000004
262.212
262.84999999999997
263.44800000000004
264.058
264.644
265.248
265.856
266.452
267.022
267.554
268.058
268.51800000000003
268.978
269.42199999999997
269.848
270.254
270.676
271.092
271.498
271.896
272.29
272.652
272.978
273.312
273.658
274.006
274.38
274.75600000000003
275.128
275.48400000000004
275.84999999999997
276.19
276.528
276.862
277.196
277.53
277.844
278.13599999999997
278.416
278.672
278.92199999999997
279.154
279.364
279.608
279.832
280.078
280.322
280.532
280.696
280.836
280.93
281.00600000000003
281.068
281.1
281.086
281.032
280.976
280.938
280.912
280.89
280.878
280.8879999999999
280.88
280.86
280.822
280.774
280.714
280.612
280.51599999999996
280.418
280.288
280.18399999999997
280.098
280.0
279.892
279.8
279.754
279.728
279.682
279.65600000000006
279.632
279.638
279.64399999999995
279.65599999999995
279.666
279.694
279.716
279.736
279.74600000000004
279.766
279.744
279.702
279.61800000000005
279.506
279.38399999999996
279.258
279.108
278.95000000000005
278.806
278.63
278.44
278.24600000000004
278.026
277.772
277.52
277.244
276.964
276.668
276.37
276.08399999999995
275.80600000000004
275.55
275.296
275.058
274.842
274.63599999999997
274.43399999999997
274.24399999999997
274.036
273.836
273.662
273.48199999999997
273.278
273.074
272.844
272.582
272.324
272.052
271.774
271.462
271.146
270.832
270.486
270.126
269.758
269.376
268.976
268.59599999999995
268.206
267.804
267.39599999999996
266.974
266.532
266.09999999999997
265.65999999999997
265.188
264.696
264.182
263.65
263.09599999999995
262.53
261.966
261.39
260.80199999999996
260.244
259.66
259.10400000000004
258.56
257.986
257.42
256.84200000000004
256.258
255.704
255.188
254.704
254.248
253.834
253.48199999999997
253.148
252.85600000000002
252.58000000000004
252.31
252.03400000000002
251.76
251.502
251.25199999999995
250.97
250.67600000000004
250.386
250.096
249.79399999999998
249.49200000000002
249.18
248.876
248.54399999999998
248.18599999999998
247.812
247.438
247.018
246.596
246.176
245.76
245.34999999999997
244.92000000000002
244.528
244.132
243.74
243.368
242.978
242.618
242.27599999999998
241.922
241.59199999999998
241.28
240.97199999999998
240.676
240.38400000000001
240.118
239.87400000000002
239.618
239.386
239.16
238.962
238.76600000000002
238.57
238.378
238.20000000000005
238.04800000000003
237.93999999999997
237.854
237.78
237.7
237.672
237.65799999999996
237.67199999999997
237.7
237.728
237.774
237.822
237.902
237.962
238.01600000000002
238.084
238.16
238.208
238.266
238.348
238.40000000000003
238.47000000000003
238.54
238.604
238.66600000000003
238.758
238.844
238.91599999999997
238.998
239.118
239.262
239.422
239.62
239.85600000000002
240.09799999999998
240.366
240.674
240.996
241.346
241.68800000000005
242.038
242.404
242.73999999999998
243.072
243.38199999999998
243.644
243.88199999999995
244.08800000000002
244.286
244.43800000000002
244.55999999999997
244.648
244.68200000000002
244.716
244.736
244.758
244.788
244.806
244.832
244.89
244.96800000000002
245.064
245.152
245.26799999999997
245.37800000000001
245.494
245.606
245.706
245.80599999999998
245.914
245.97000000000003
246.036
246.07399999999998
246.11000000000004
246.14799999999997
246.166
246.18200000000002
246.172
246.132
246.1
246.04600000000002
245.99
245.91400000000004
245.83599999999998
245.744
245.64799999999997
245.54400000000004
245.45
245.34199999999998
245.22200000000004
245.07600000000002
244.89399999999998
244.73000000000002
244.548
244.362
244.162
243.952
243.69400000000002
243.41200000000003
243.11
242.784
242.414
241.988
241.538
241.14
240.716
240.27200000000002
239.808
239.34600000000003
238.90399999999997
238.464
238.04199999999997
237.652
237.286
236.94799999999998
236.612
236.28799999999998
235.92999999999998
235.624
235.30599999999995
235.02199999999996
234.752
234.494
234.26600000000002
234.038
233.794
233.538
233.30200000000002
233.068
232.81400000000002
232.56199999999998
232.31599999999997
232.04999999999998
231.77999999999994
231.492
231.20199999999997
230.90600000000003
230.58599999999998
230.246
229.888
229.51599999999996
229.16199999999998
228.826
228.532
228.26600000000002
228.044
227.85999999999999
227.68600000000004
227.526
227.38599999999997
227.26399999999998
227.16400000000004
227.08600000000004
227.016
226.938
226.84199999999998
226.72800000000004
226.616
226.49000000000004
226.336
226.168
225.996
225.81199999999998
225.606
225.41799999999998
225.21200000000002
224.988
224.78400000000002
224.56400000000002
224.332
224.13600000000002
223.95799999999997
223.796
223.65
223.512
223.36599999999996
223.23
223.07600000000002
222.93599999999998
222.796
222.658
222.51
222.334
222.13400000000001
221.932
221.722
221.514
221.28599999999994
221.06
220.848
220.644
220.462
220.27599999999998
220.09
219.89999999999998
219.716
219.54800000000003
219.414
219.31
219.20199999999997
219.11200000000002
219.048
219.046
219.046
219.04199999999997
219.048
219.08
219.12400000000002
219.188
219.24600000000004
219.31799999999998
219.39200000000002
219.47400000000002
219.56799999999998
219.68200000000002
219.834
219.96200000000005
220.17000000000002
220.312
220.464
220.59799999999998
220.71800000000002
220.846
220.96
221.05999999999997
221.15200000000002
221.238
221.31400000000002
221.39999999999998
221.50400000000002
221.614
221.72599999999997
221.83800000000002
221.96399999999997
222.12399999999997
222.266
222.42
222.594
222.78599999999997
222.99
223.20800000000003
223.428
223.642
223.828
223.988
224.11999999999998
224.23199999999997
224.34000000000003
224.428
224.524
224.592
224.652
224.72200000000004
224.782
224.85999999999999
224.972
225.108
225.256
225.434
225.608
225.76000000000005
225.89
226.01
226.09599999999998
226.15200000000004
226.194
226.22799999999998
226.252
226.282
226.294
226.296
226.284
226.25599999999997
226.218
226.152
226.12400000000002
226.108
226.106
226.102
226.092
226.084
226.072
226.07399999999996
226.094
226.108
226.12600000000003
226.142
226.136
226.10000000000002
226.024
225.92000000000002
225.79199999999997
225.65000000000003
225.496
225.33199999999997
225.14000000000001
224.93400000000003
224.738
224.52799999999996
224.348
224.15799999999996
223.98399999999998
223.776
223.57800000000003
223.37599999999998
223.19
222.984
222.77799999999996
222.564
222.348
222.114
221.86399999999998
221.60399999999998
221.35
221.062
220.74
220.42399999999998
220.078
219.71
219.34399999999997
218.99200000000002
218.624
218.25000000000003
217.902
217.578
217.28199999999998
217.00400000000002
216.734
216.472
216.202
215.926
215.63399999999996
215.35000000000002
215.04200000000003
214.72199999999998
214.40800000000002
214.084
213.748
213.412
213.07000000000002
212.714
212.36399999999998
212.01600000000002
211.666
211.32600000000002
210.99200000000002
210.65
210.318
210.012
209.716
209.442
209.168
208.91400000000002
208.66400000000002
208.42200000000003
208.18000000000004
207.95
207.71800000000002
207.48400000000004
207.298
207.15999999999997
207.04399999999998
206.96
206.932
206.92600000000004
206.93800000000002
206.986
207.05200000000002
207.11199999999997
207.20000000000002
207.30200000000002
207.42199999999997
207.55400000000003
207.7
207.86199999999997
208.01399999999995
208.15999999999997
208.328
208.522
208.71999999999997
208.924
209.134
209.36200000000002
209.57799999999997
209.798
210.014
210.22799999999998
210.46800000000002
210.73000000000002
211.012
211.314
211.632
211.946
212.24999999999997
212.532
212.81799999999998
213.08799999999997
213.32599999999996
213.538
213.716
213.87800000000004
214.024
214.166
214.30400000000003
214.43
214.53199999999998
214.628
214.70600000000002
214.75400000000002
214.79600000000002
214.816
214.824
214.81600000000003
214.786
214.762
214.71800000000002
214.68
214.64999999999998
214.632
214.604
214.558
214.512
214.47
214.40800000000002
214.32
214.222
214.12
214.01
213.878
213.714
213.52599999999998
213.32000000000002
213.08
212.79999999999998
212.476
212.12400000000002
211.746
211.344
210.92999999999998
210.502
210.05800000000002
209.59199999999998
209.12
208.65
208.202
207.75600000000003
207.32399999999998
206.904
206.48
206.046
205.60199999999998
205.162
204.69799999999998
204.242
203.78600000000003
203.318
202.84199999999998
202.362
201.86200000000002
201.32800000000003
200.76999999999998
200.19799999999998
199.584
198.93200000000002
198.24
197.544
196.804
196.04
195.26999999999998
194.43200000000002
193.594
192.72
191.82199999999997
190.90800000000002
190.01
189.10000000000002
188.202
187.26800000000003
186.30800000000002
185.32800000000003
184.326
183.32600000000002
182.31600000000003
181.288
180.25400000000002
179.222
178.18
177.132
176.062
174.97799999999998
173.888
172.79399999999998
171.71
170.63799999999998
169.57
168.51
167.486
166.47799999999998
165.50000000000003
164.54
163.606
162.68800000000002
161.792
160.91
160.042
159.214
158.41
157.61800000000002
156.85
156.088
155.362
154.65
153.948
153.256
152.576
151.94
151.304
150.668
150.05599999999998
149.43800000000002
148.84199999999998
148.252
147.64
147.028
146.41
145.772
145.088
144.378
143.66
142.958
142.27599999999998
141.63
141.012
140.44400000000002
139.90200000000002
139.38
138.892
138.44
138.018
137.62800000000001
137.25
136.882
136.516
136.174
135.826
135.472
135.102
134.71
134.288
133.85999999999999
133.42399999999998
132.934
132.468
131.96
131.408
130.818
130.192
129.546
128.882
128.22
127.564
126.89399999999999
126.232
125.584
124.95200000000001
124.334
123.74199999999999
123.13799999999999
122.556
122.048
121.532
121.03399999999999
120.54999999999998
120.068
119.572
119.08999999999999
118.61
118.162
117.72399999999999
117.31400000000001
116.93200000000002
116.572
116.214
115.88799999999999
115.58000000000001
115.266
114.94800000000001
114.632
114.338
114.04400000000001
113.762
113.48399999999998
113.198
112.912
112.616
112.304
111.958
111.60199999999999
111.248
110.886
110.50999999999999
110.096
109.65200000000002
109.16799999999999
108.66
108.114
107.54
106.97
106.412
105.852
105.28
104.71799999999999
104.162
103.608
103.07
102.524
101.994
101.48599999999999
100.986
100.528
100.07400000000001
99.642
99.24600000000001
98.852
98.47399999999999
98.128
97.83000000000001
97.566
97.30799999999999
97.062
96.80800000000002
96.544
96.26000000000002
95.96600000000001
95.676
95.388
95.096
94.784
94.446
94.088
93.73400000000001
93.39
93.04399999999998
92.69
92.32600000000001
91.986
91.672
91.37800000000001
91.108
90.85799999999999
90.624
90.434
90.22
90.03200000000001
89.87
89.724
89.594
89.47
89.346
89.206
89.04
88.88600000000001
88.73599999999999
88.578
88.424
88.25999999999999
88.094
87.944
87.78399999999999
87.606
87.42999999999999
87.26599999999999
87.11000000000001
86.964
86.814
86.662
86.498
86.34
86.18399999999998
86.012
85.82
85.60400000000001
85.38399999999999
85.152
84.91600000000001
84.68599999999999
84.47599999999998
84.27199999999999
84.07000000000001
83.892
83.708
83.538
83.396
83.256
83.14800000000001
83.062
82.976
82.91
82.842
82.766
82.69800000000001
82.65
82.622
82.61600000000001
82.632
82.66
82.706
82.75
82.78
82.806
82.826
82.83599999999998
82.828
82.812
82.76599999999999
82.696
82.602
82.494
82.368
82.216
82.048
81.862
81.652
81.436
81.21799999999999
80.98599999999999
80.744
80.50200000000001
80.27000000000001
80.032
79.806
79.58
79.37200000000001
79.182
79.006
78.83600000000001
78.664
78.502
78.356
78.22399999999999
78.1
77.976
77.87200000000001
77.764
77.658
77.538
77.416
77.29400000000001
77.168
77.03399999999999
76.886
76.74200000000002
76.604
76.47
76.34400000000001
76.234
76.13
76.036
75.958
75.882
75.82000000000001
75.74199999999999
75.65
75.54599999999999
75.422
75.29599999999999
75.154
74.996
74.816
74.626
74.418
74.186
73.948
73.69999999999999
73.45
73.188
72.93
72.674
72.422
72.184
71.97
71.776
71.594
71.422
71.27
71.142
71.01
70.876
70.75
70.618
70.48
70.342
70.19200000000001
70.05199999999999
69.91199999999999
69.75200000000001
69.596
69.418
69.218
69.02600000000001
68.834
68.654
68.472
68.294
68.106
67.916
67.71600000000001
67.524
67.334
67.14399999999999
66.958
66.77
66.582
66.382
66.17399999999999
65.97
65.75999999999999
65.534
65.296
65.042
64.78
64.502
64.21
63.907999999999994
63.602
63.296
63.0
62.692
62.379999999999995
62.07799999999999
61.784000000000006
61.498
61.22200000000001
60.93
60.628
60.32
60.006
59.696
59.39
59.08
58.772
58.449999999999996
58.10999999999999
57.762
57.406
57.048
56.672
56.282
55.872
55.44
55.0
54.55200000000001
54.094
53.63
53.15
52.666
52.17399999999999
51.684
51.192
50.718
50.25
49.80399999999999
49.396
49.013999999999996
48.658
48.324
48.012
47.72200000000001
47.46000000000001
47.224000000000004
47.007999999999996
46.812
46.63
46.47
46.32
46.194
46.08
45.956
45.834
45.714000000000006
45.588
45.46
45.33
45.198
45.056
44.885999999999996
44.712
44.535999999999994
44.352000000000004
44.168
44.00000000000001
43.824
43.641999999999996
43.462
43.282
43.124
42.976
42.848
42.736000000000004
42.63
42.526
42.418000000000006
42.309999999999995
42.205999999999996
42.11
42.018
41.928
41.832
41.734
41.636
41.534
41.434
41.33599999999999
41.246
41.164
41.086
41.013999999999996
40.955999999999996
40.914
40.876
40.838
40.812
40.798
40.790000000000006
40.78999999999999
40.794000000000004
40.794
40.798
40.80800000000001
40.818000000000005
40.824
40.82999999999999
40.830000000000005
40.838
40.852000000000004
40.868
40.888
40.91
40.924
40.940000000000005
40.952
40.974000000000004
41.0
41.036
41.077999999999996
41.12599999999999
41.181999999999995
41.244
41.32200000000001
41.408
41.502
41.606
41.718
41.838
41.97
42.106
42.246
42.39
42.536
42.68
42.82200000000001
42.965999999999994
43.098
43.226
43.352
43.468
43.58
43.696000000000005
43.812
43.924
44.042
44.16
44.28
44.384
44.48
44.564
44.636
44.705999999999996
44.77199999999999
44.833999999999996
44.89399999999999
44.95
45.002
45.044000000000004
45.077999999999996
45.112
45.14
45.162
45.18
45.19000000000001
45.186
45.178
45.166000000000004
45.144
45.114
45.07600000000001
45.034
44.98800000000001
44.946
44.894
44.83
44.74999999999999
44.660000000000004
44.55799999999999
44.449999999999996
44.342
44.232
44.122
44.016
43.913999999999994
43.82
43.730000000000004
43.654
43.594
43.54600000000001
43.502
43.472
43.44800000000001
43.434000000000005
43.424
43.424
43.436
43.45399999999999
43.477999999999994
43.504
43.532
43.562000000000005
43.587999999999994
43.61
43.63
43.644
43.652
43.65800000000001
43.662
43.660000000000004
43.658
43.656
43.650000000000006
43.646
43.641999999999996
43.636
43.628
43.62200000000001
43.612
43.6
43.59
43.580000000000005
43.56
43.53
43.498
43.468
43.438
43.406000000000006
43.374
43.339999999999996
43.298
43.25
43.193999999999996
43.132000000000005
43.06400000000001
42.992
42.914
42.83
42.738
42.644
42.544
42.437999999999995
42.324
42.205999999999996
42.088
41.961999999999996
41.833999999999996
41.698
41.565999999999995
41.44
41.32
41.21
41.102000000000004
40.998
40.892
40.79
40.694
40.6
40.513999999999996
40.434000000000005
40.367999999999995
40.312
40.27
40.24
40.217999999999996
40.208
40.208
40.211999999999996
40.215999999999994
40.22
40.226
40.23
40.234
40.227999999999994
40.226
40.232
40.246
40.268
40.304
40.34400000000001
40.384
40.43
40.482
40.534
40.588
40.634
40.678
40.714
40.742
40.758
40.773999999999994
40.776
40.772000000000006
40.75600000000001
40.742
40.724000000000004
40.702
40.67999999999999
40.658
40.634
40.61
40.584
40.56
40.54
40.518
40.498000000000005
40.480000000000004
40.464
40.44799999999999
40.436
40.42400000000001
40.413999999999994
40.404
40.38999999999999
40.372
40.354000000000006
40.336
40.316
40.29600000000001
40.27400000000001
40.248
40.220000000000006
40.202000000000005
40.194
40.188
40.18
40.174
40.17
40.166000000000004
40.16400000000001
40.172
40.186
40.208
40.236000000000004
40.268
40.306
40.348
40.394
40.444
40.49399999999999
40.548
40.608
40.674
40.74400000000001
40.81
40.882
40.952
41.02400000000001
41.102000000000004
41.182
41.263999999999996
41.342000000000006
41.42
41.494
41.568
41.638000000000005
41.7
41.756
41.790000000000006
41.802
41.794
41.764
41.716
41.653999999999996
41.592
41.524
41.452
41.382000000000005
41.324000000000005
41.272
41.226000000000006
41.194
41.168
41.150000000000006
41.138000000000005
41.128
41.124
41.12200000000001
41.116
41.108000000000004
41.098
41.08
41.044
40.994
40.93
40.861999999999995
40.79
40.712
40.626
40.54
40.438
40.328
40.214000000000006
40.094
39.967999999999996
39.836000000000006
39.698
39.56
39.422
39.284
39.144
39.004
38.87
38.736
38.604
38.476
38.354000000000006
38.232
38.112
37.992000000000004
37.874
37.756
37.638
37.52
37.4
37.278
37.153999999999996
37.03
36.896
36.754000000000005
36.608
36.46
36.312
36.163999999999994
36.016
35.868
35.717999999999996
35.568
35.414
35.251999999999995
35.083999999999996
34.916
34.742
34.568
34.394
34.22
34.048
33.878
33.714000000000006
33.554
33.388
33.22
33.052
32.884
32.722
32.56
32.4
32.242
32.082
31.922
31.759999999999998
31.598
31.421999999999997
31.234
31.034
30.82
30.588
30.35
30.118
29.894000000000005
29.678
29.476000000000003
29.286
29.105999999999998
28.93
28.76
28.592
28.428
28.259999999999998
28.102
27.944000000000003
27.784
27.622
27.458
27.29
27.122
26.954
26.786
26.62
26.456
26.290000000000003
26.124000000000002
25.968
25.822
25.684000000000005
25.548000000000002
25.414
25.28
25.136
24.977999999999998
24.82
24.658
24.488000000000003
24.316000000000003
24.15
23.988
23.83
23.674
23.518
23.362000000000002
23.21
23.066
22.924
22.786
22.64
22.482
22.317999999999998
22.152
21.980000000000004
21.805999999999997
21.632
21.456000000000003
21.28
21.104
20.93
20.758
20.590000000000003
20.422
20.262
20.11
19.961999999999996
19.816
19.67
19.524
19.378
19.232
19.086
18.938000000000002
18.794
18.658
18.526
18.396
18.270000000000003
18.144000000000002
18.018
17.89
17.762
17.634
17.502000000000002
17.368000000000002
17.24
17.114
16.988
16.862000000000002
16.734
16.606
16.478
16.35
16.226000000000003
16.102
15.978000000000002
15.854
15.742
15.642
15.554000000000002
15.48
15.426
15.382000000000001
15.352
15.331999999999999
15.322
15.315999999999999
15.311999999999998
15.303999999999998
15.291999999999998
15.276
15.256
15.23
15.201999999999998
15.164000000000001
15.124000000000002
15.078
15.031999999999998
14.985999999999999
14.94
14.894
14.848
14.804
14.76
14.715999999999998
14.674
14.634
14.598
14.562
14.526
14.489999999999998
14.450000000000001
14.41
14.379999999999999
14.364
14.36
14.367999999999999
14.388
14.416
14.446
14.482
14.517999999999999
14.552
14.584
14.617999999999999
14.648
14.67
14.684000000000001
14.692
14.706
14.728
14.75
14.772
14.797999999999998
14.824
14.847999999999999
14.872
14.897999999999998
14.924
14.950000000000001
14.975999999999999
14.996
15.012
15.026
15.04
15.056000000000001
15.072000000000001
15.09
15.107999999999999
15.126000000000001
15.144
15.162
15.18
15.198
15.214
15.222000000000001
15.227999999999998
15.234
15.24
15.245999999999999
15.252
15.258
15.264000000000001
15.27
15.276
15.281999999999998
15.290000000000001
15.297999999999998
15.307999999999998
15.306000000000001
15.294
15.270000000000001
15.24
15.206
15.172
15.137999999999998
15.103999999999997
15.069999999999999
15.036
15.004000000000001
14.97
14.936
14.906
14.876
14.848
14.82
14.792000000000002
14.761999999999999
14.732000000000001
14.702
14.672
14.642
14.612000000000002
14.581999999999999
14.552
14.521999999999998
14.492
14.462
14.432000000000002
14.404000000000002
14.376
14.347999999999999
14.317999999999998
14.288
14.258000000000001
14.228
14.198000000000002
14.166
14.134000000000002
14.102
14.07
14.042
14.014000000000001
13.986
13.956000000000001
13.926000000000002
13.895999999999999
13.866
13.836
13.804
13.768
13.732
13.696000000000002
13.662
13.628
13.594000000000001
13.559999999999999
13.528
13.496
13.464
13.432000000000002
13.4
13.368
13.336
13.303999999999998
13.272
13.240000000000002
13.206000000000001
13.172
13.138000000000002
13.104000000000001
13.074
13.048000000000002
13.024000000000001
13.0
12.973999999999998
12.948
12.92
12.892000000000001
12.864
12.836
12.808
12.780000000000001
12.751999999999999
12.725999999999999
12.708
12.690000000000001
12.672000000000002
12.654
12.636
12.618
12.600000000000001
12.582
12.564
12.546
12.528
12.508000000000001
12.488
12.467999999999998
12.452000000000002
12.443999999999999
12.446000000000002
12.454
12.462
12.47
12.478
12.485999999999999
12.495999999999999
12.505999999999998
12.514000000000001
12.524
12.534
12.54
12.542
12.54
12.538
12.536
12.534
12.531999999999998
12.53
12.528
12.514
12.49
12.459999999999999
12.43
12.4
12.37
12.34
12.309999999999999
12.278
12.246
12.213999999999999
12.182
12.15
12.12
12.089999999999998
12.06
12.03
12.002
11.973999999999998
11.946
11.917999999999997
11.889999999999999
11.862
11.833999999999998
11.809999999999999
11.786000000000001
11.761999999999999
11.738
11.714
11.69
11.666
11.642000000000001
11.617999999999999
11.592
11.565999999999999
11.540000000000001
11.511999999999999
11.484
11.456
11.427999999999999
11.399999999999999
11.372
11.344
11.315999999999999
11.287999999999998
11.26
11.232
11.203999999999999
11.175999999999998
11.149999999999999
11.123999999999999
11.098
11.072
11.046
11.020000000000001
10.994
10.97
10.946
10.92
10.894
10.868
10.842
10.816
10.788
10.759999999999998
10.732
10.708000000000002
10.684000000000001
10.66
10.636
10.612000000000002
10.59
10.57
10.552
10.530000000000001
10.508
10.486000000000002
10.462
10.446000000000002
10.432
10.419999999999998
10.408
10.396
10.384
10.372
10.360000000000001
10.346
10.332
10.318000000000001
10.302000000000001
10.286000000000001
10.27
10.256
10.244
10.232
10.219999999999999
10.207999999999998
10.196
10.184000000000001
10.172
10.172
10.182
10.2
10.218
10.236
10.254
10.272
10.29
10.308
10.326
10.344
10.362
10.379999999999999
10.395999999999999
10.412
10.428
10.443999999999999
10.458
10.474
10.49
10.505999999999998
10.522
10.538
10.554
10.565999999999999
10.578
10.589999999999998
10.601999999999999
10.613999999999999
10.626
10.638
10.65
10.661999999999999
10.674
10.686
10.698
10.707999999999998
10.718000000000002
10.73
10.741999999999999
10.754
10.768
10.782
10.796
10.81
10.824000000000002
10.838
10.851999999999999
10.866
10.878
10.89
10.902
10.913999999999998
10.926
10.938
10.95
10.96
10.969999999999999
10.982
10.996
11.01
11.024
11.038000000000002
11.052
11.066
11.079999999999998
11.09
11.1
11.11
11.12
11.13
11.138
11.144
11.148
11.156
11.164000000000001
11.171999999999999
11.18
11.188
11.197999999999999
11.208
11.218
11.228
11.238000000000001
11.248
11.258
11.268
11.277999999999999
11.288
11.297999999999998
11.304
11.31
11.315999999999999
11.322
11.328000000000001
11.334
11.340000000000002
11.346
11.354000000000001
11.362
11.37
11.378
11.384
11.39
11.395999999999999
11.402000000000001
11.408000000000001
11.414
11.42
11.425999999999998
11.432000000000002
11.438
11.443999999999999
11.452
11.459999999999999
11.468
11.476
11.483999999999998
11.49
11.496
11.501999999999999
11.51
11.518
11.526
11.534
11.542
11.55
11.558000000000002
11.566
11.574000000000002
11.582
11.59
11.598
11.605999999999998
11.613999999999999
11.622
11.632
11.642
11.65
11.658
11.666
11.671999999999999
11.677999999999999
11.684
11.69
11.696
11.704
11.712
11.72
11.728000000000002
11.736
11.744
11.752
11.759999999999998
11.770000000000001
11.78
11.790000000000001
11.8
11.81
11.82
11.83
11.84
11.85
11.86
11.87
11.88
11.89
11.9
11.912
11.924
11.936000000000002
11.947999999999999
11.96
11.972000000000001
11.984
11.998
12.012
12.026
12.04
12.052
12.064000000000002
12.076
12.088
12.099999999999998
12.112
12.124
12.136
12.148
12.160000000000002
12.172
12.19
12.207999999999998
12.226
12.244
12.262
12.281999999999998
12.302000000000001
12.322
12.328000000000001
12.322000000000001
12.31
12.296
12.282
12.268
12.254
12.24
12.226
12.212
12.198
12.184
12.172
12.160000000000002
12.148
12.134
12.120000000000001
12.106
12.092
12.078
12.066
12.054
12.042
12.028
12.014000000000001
12.0
11.986
11.972
11.958
11.944
11.93
11.916
11.902
11.888
11.873999999999999
11.86
11.846
11.832
11.818
11.804
11.790000000000001
11.776
11.764000000000001
11.752
11.74
11.728
11.716
11.704
11.690000000000001
11.677999999999999
11.666
11.654
11.642
11.63
11.617999999999999
11.606
11.592
11.578
11.564
11.549999999999999
11.538
11.524000000000001
11.51
11.495999999999999
11.482000000000001
11.468
11.454
11.44
11.428
11.418
11.406
11.393999999999998
11.382000000000001
11.370000000000001
11.358
11.346
11.334
11.32
11.306000000000001
11.291999999999998
11.278
11.264
11.25
11.235999999999999
11.221999999999998
11.207999999999998
11.194
11.18
11.166
11.152000000000001
11.138000000000002
11.124
11.108
11.092
11.078
11.064
11.05
11.034
11.018
11.002
10.998000000000001
11.006
11.02
11.036000000000001
11.052
11.068
11.084
11.1
11.116
11.132
11.148
11.164000000000001
11.177999999999999
11.192
11.206
11.22
11.233999999999998
11.248
11.262
11.276
11.288
11.3
11.312000000000001
11.323999999999998
11.335999999999999
11.348
11.36
11.372
11.383999999999999
11.396
11.408000000000001
11.42
11.431999999999999
11.443999999999999
11.456000000000001
11.468
11.48
11.492
11.504
11.515999999999998
11.527999999999999
11.54
11.55
11.560000000000002
11.569999999999999
11.580000000000002
11.59
11.6
11.61
11.618
11.626
11.634
11.642
11.649999999999999
11.658
11.666
11.674
11.682
11.690000000000001
11.698
11.704
11.71
11.715999999999998
11.722000000000001
11.728000000000002
11.733999999999998
11.739999999999998
11.746000000000002
11.75
11.751999999999999
11.753999999999998
11.756
11.758
11.759999999999998
11.764
11.768
11.771999999999998
11.776
11.780000000000001
11.783999999999999
11.788
11.792000000000002
11.796
11.8
11.804
11.808
11.811999999999998
11.815999999999999
11.82
11.823999999999998
11.828
11.832
11.835999999999999
11.84
11.841999999999999
11.846
11.85
11.854
11.858
11.862
11.866
11.87
11.873999999999999
11.878
11.882
11.886
11.89
11.894
11.898
11.902
11.905999999999999
11.91
11.914
11.918
11.922
11.926
11.93
11.934
11.937999999999999
11.942
11.946
11.95
11.954
11.957999999999998
11.962
11.966
11.969999999999999
11.974
11.975999999999999
11.978
11.98
11.982
11.984
11.985999999999999
11.988
11.989999999999998
11.992
11.994
11.995999999999999
11.998000000000001
12.0
12.001999999999999
12.004000000000001
12.006
12.008
12.01
12.012
12.014
12.016
12.017999999999999
12.02
12.021999999999998
12.024000000000001
12.026
12.027999999999999
12.030000000000001
12.032
12.033999999999999
12.038
12.041999999999998
12.046
12.049999999999999
12.053999999999998
12.058
12.062
12.065999999999999
12.07
12.073999999999998
12.078
12.081999999999999
12.085999999999999
12.09
12.094
12.1
12.106
12.112
12.117999999999999
12.124
12.129999999999999
12.136
12.142
12.148
12.154
12.159999999999998
12.166
12.172
12.165999999999999
12.149999999999999
12.13
12.11
12.09
12.07
12.049999999999999
12.030000000000001
12.009999999999998
11.988
11.965999999999998
11.943999999999999
11.922
11.899999999999999
11.878
11.856
11.834
11.812
11.79
11.767999999999999
11.745999999999999
11.724
11.702
11.679999999999998
11.658
11.636
11.613999999999999
11.591999999999999
11.57
11.549999999999999
11.526
11.501999999999999
11.478
11.453999999999999
11.43
11.405999999999999
11.382
11.357999999999999
11.334
11.309999999999999
11.286
11.261999999999999
11.24
11.219999999999999
11.2
11.18
11.16
11.14
11.12
11.099999999999998
11.08
11.06
11.04
11.020000000000001
10.999999999999998
10.98
10.959999999999999
10.94
10.92
10.9
10.879999999999999
10.860000000000001
10.841999999999999
10.824000000000002
10.806
10.788
10.769999999999998
10.752
10.733999999999998
10.716
10.697999999999999
10.68
10.66
10.639999999999999
10.62
10.600000000000001
10.579999999999998
10.56
10.54
10.52
10.5
10.48
10.459999999999999
10.440000000000001
10.421999999999997
10.404000000000002
10.386
10.365999999999998
10.342
10.318
10.293999999999999
10.27
10.246
10.222
10.198
10.174
10.149999999999999
10.126
10.102
10.078
10.066
10.064
10.065999999999999
10.068
10.07
10.072
10.074
10.076
10.078
10.079999999999998
10.082
10.084
10.085999999999999
10.088000000000001
10.09
10.091999999999999
10.093999999999998
10.096
10.097999999999999
10.099999999999998
10.102
10.104
10.105999999999998
10.107999999999999
10.11
10.111999999999998
10.113999999999999
10.116
10.117999999999999
10.117999999999999
10.122
10.126
10.129999999999999
10.133999999999999
10.137999999999998
10.142
10.145999999999999
10.149999999999999
10.154
10.158
10.161999999999999
10.165999999999999
10.17
10.172
10.174
10.176
10.178
10.18
10.181999999999999
10.184000000000001
10.186
10.187999999999999
10.189999999999998
10.192
10.193999999999999
10.195999999999998
10.198
10.2
10.201999999999998
10.206
10.209999999999999
10.213999999999999
10.216
10.218
10.219999999999999
10.222
10.224
10.225999999999999
10.227999999999998
10.23
10.232
10.233999999999998
10.235999999999999
10.238
10.239999999999998
10.241999999999999
10.244
10.245999999999999
10.248
10.25
10.251999999999999
10.254
10.256
10.258
10.258
10.258
10.258
10.258
10.259999999999998
10.261999999999999
10.264
10.265999999999998
10.267999999999999
10.27
10.271999999999998
10.274
10.276
10.277999999999999
10.28
10.282
10.285999999999998
10.29
10.294
10.297999999999998
10.302
10.306
10.309999999999999
10.314
10.318
10.322
10.326
10.329999999999998
10.334
10.338
10.341999999999999
10.345999999999998
10.35
10.354
10.357999999999999
10.362
10.366
10.37
10.373999999999999
10.378
10.381999999999998
10.386
10.39
10.393999999999998
10.398
10.402
10.405999999999999
10.41
10.413999999999998
10.418
10.422
10.425999999999998
10.43
10.434
10.437999999999999
10.442
10.445999999999998
10.45
10.454
10.457999999999998
10.462
10.466
10.469999999999999
10.473999999999998
10.478
10.482
10.485999999999999
10.49
10.494
10.498
10.501999999999999
10.506
10.509999999999998
10.514
10.518
10.52
10.521999999999998
10.524
10.526
10.527999999999999
10.53
10.532
10.533999999999999
10.536
10.538
10.54
10.542
10.544
10.546
10.548
10.55
10.552
10.554
10.556000000000001
10.558
10.559999999999999
10.562000000000001
10.564
10.565999999999999
10.568000000000001
10.57
10.572
10.573999999999998
10.576
10.578
10.579999999999998
10.581999999999999
10.584
10.585999999999999
10.588
10.59
10.591999999999999
10.594
10.596
10.597999999999999
10.6
10.6
10.6
10.6
10.6
10.6
10.6
10.6
10.6
10.6
10.6
10.6
10.6
10.6
10.6
10.6
10.6
10.6
10.6
10.6
10.6
10.6
10.6
10.6
10.6
10.6
10.6
10.6
10.6
10.6
10.6
10.6
10.6
10.6
10.6
10.6
10.6
10.6
10.6
10.6
10.6
10.6
10.6
10.6
10.6
10.6
10.6
10.6
10.6
10.6
10.6
10.6
10.6
10.6
10.6
10.6
10.6
10.6
10.6
10.6
10.6
10.6
10.6
10.6
10.6
10.6
10.6
10.6
10.6
10.6
10.6
10.6
10.6
10.6
10.6
10.6
10.6
10.6
10.6
10.6
10.6
10.6
10.6
10.6
10.6
10.6
10.6
10.6
10.6
10.6
10.6
10.6
10.6
10.6
10.6
10.6
10.6
10.6
10.6
10.6
10.6
10.6
10.6
10.6
10.6
10.6
10.6
10.6
10.6
10.6
10.6
10.6
10.6
10.6
10.6
10.6
10.6
10.6
10.6
10.6
10.6
10.6
10.6
10.6
