0.002
0.004
0.006
0.008
0.01
0.012
0.014000000000000002
0.016
0.018
0.02
0.024
0.028000000000000004
0.032
0.034
0.036
0.038
0.04
0.041999999999999996
0.044
0.046
0.048
0.05
0.052000000000000005
0.05600000000000001
0.06000000000000001
0.064
0.068
0.06999999999999999
0.072
0.074
0.08
0.084
0.08800000000000001
0.09200000000000001
0.09599999999999999
0.09799999999999999
0.102
0.106
0.11
0.112
0.11599999999999999
0.118
0.122
0.124
0.126
0.128
0.13
0.132
0.134
0.134
0.134
0.134
0.134
0.134
0.134
0.134
0.134
0.134
0.134
0.136
0.138
0.14
0.14200000000000002
0.14400000000000002
0.14600000000000002
0.15
0.15399999999999997
0.15599999999999997
0.15799999999999997
0.15999999999999998
0.16199999999999998
0.16399999999999998
0.16599999999999998
0.16799999999999998
0.16999999999999998
0.172
0.174
0.176
0.178
0.18
0.184
0.186
0.188
0.19
0.192
0.19399999999999998
0.19599999999999998
0.19799999999999998
0.19999999999999998
0.20199999999999999
0.206
0.20999999999999996
0.21399999999999997
0.21799999999999997
0.22199999999999998
0.22599999999999998
0.22999999999999998
0.23399999999999999
0.238
0.242
0.244
0.246
0.25
0.252
0.256
0.26
0.264
0.268
0.272
0.278
0.28200000000000003
0.29000000000000004
0.30000000000000004
0.31400000000000006
0.32800000000000007
0.34199999999999997
0.356
0.362
0.368
0.372
0.376
0.38
0.384
0.386
0.39
0.394
0.398
0.4039999999999999
0.4119999999999999
0.41999999999999993
0.42599999999999993
0.42999999999999994
0.43399999999999994
0.43999999999999995
0.44799999999999995
0.45599999999999996
0.46599999999999997
0.474
0.482
0.492
0.49999999999999994
0.51
0.5179999999999999
0.53
0.542
0.552
0.562
0.5740000000000001
0.5840000000000001
0.5920000000000001
0.5980000000000001
0.6040000000000001
0.6100000000000001
0.6160000000000001
0.6240000000000001
0.6340000000000001
0.6440000000000001
0.656
0.668
0.672
0.676
0.678
0.6799999999999999
0.6819999999999999
0.6839999999999999
0.688
0.692
0.698
0.704
0.71
0.716
0.722
0.734
0.74
0.746
0.752
0.76
0.768
0.776
0.786
0.794
0.804
0.8160000000000001
0.8280000000000001
0.8400000000000001
0.8520000000000001
0.8640000000000001
0.8740000000000001
0.8880000000000001
0.8900000000000001
0.8880000000000001
0.8880000000000001
0.8880000000000001
0.8880000000000001
0.8880000000000001
0.8880000000000001
0.8880000000000001
0.8880000000000001
0.8920000000000001
0.8960000000000001
0.9020000000000001
0.9100000000000001
0.9180000000000001
0.9280000000000002
0.9400000000000002
0.9540000000000002
0.9720000000000002
0.988
1.01
1.032
1.056
1.0739999999999998
1.092
1.1099999999999999
1.13
1.15
1.17
1.194
1.22
1.25
1.2799999999999998
1.31
1.3399999999999999
1.3719999999999999
1.404
1.434
1.462
1.486
1.508
1.532
1.5579999999999998
1.586
1.6139999999999999
1.642
1.67
1.6920000000000002
1.706
1.726
1.746
1.7639999999999998
1.7819999999999998
1.8019999999999998
1.8219999999999998
1.84
1.8579999999999999
1.8780000000000001
1.898
1.9200000000000002
1.946
1.964
1.984
2.004
2.024
2.032
2.032
2.0300000000000002
2.032
2.0360000000000005
2.042
2.052
2.0600000000000005
2.072
2.0860000000000003
2.096
2.106
2.116
2.1260000000000003
2.1340000000000003
2.1479999999999997
2.162
2.176
2.198
2.216
2.234
2.25
2.268
2.2880000000000003
2.306
2.324
2.338
2.3499999999999996
2.358
2.362
2.366
2.376
2.388
2.4
2.416
2.428
2.452
2.48
2.508
2.5359999999999996
2.566
2.598
2.6239999999999997
2.648
2.6639999999999997
2.678
2.692
2.706
2.7199999999999998
2.734
2.748
2.76
2.7720000000000002
2.784
2.7939999999999996
2.798
2.7960000000000003
2.79
2.782
2.7720000000000002
2.766
2.7640000000000002
2.7620000000000005
2.7600000000000002
2.7640000000000002
2.766
2.7640000000000002
2.7640000000000002
2.766
2.768
2.77
2.778
2.786
2.7960000000000003
2.8099999999999996
2.83
2.85
2.8680000000000003
2.894
2.9239999999999995
2.948
2.9659999999999997
2.988
3.0140000000000002
3.0279999999999996
3.0359999999999996
3.0380000000000003
3.04
3.042
3.0480000000000005
3.0540000000000003
3.0620000000000003
3.072
3.0820000000000003
3.092
3.102
3.1180000000000003
3.1340000000000003
3.1420000000000003
3.1500000000000004
3.162
3.1799999999999997
3.2
3.2179999999999995
3.224
3.228
3.238
3.2500000000000004
3.2640000000000002
3.2779999999999996
3.2960000000000003
3.316
3.334
3.352
3.362
3.3600000000000003
3.3599999999999994
3.3600000000000003
3.3499999999999996
3.34
3.334
3.33
3.326
3.3200000000000003
3.314
3.31
3.308
3.314
3.3200000000000003
3.3280000000000003
3.3360000000000003
3.3400000000000003
3.34
3.342
3.3419999999999996
3.346
3.3499999999999996
3.356
3.356
3.358
3.362
3.3659999999999997
3.3760000000000003
3.3920000000000003
3.418
3.442
3.462
3.4800000000000004
3.496
3.512
3.532
3.55
3.564
3.5759999999999996
3.594
3.6160000000000005
3.6340000000000003
3.652
3.676
3.702
3.714
3.718
3.724
3.7299999999999995
3.728
3.7299999999999995
3.734
3.742
3.75
3.76
3.762
3.754
3.75
3.7479999999999998
3.744
3.732
3.72
3.714
3.702
3.686
3.6719999999999997
3.662
3.6580000000000004
3.6580000000000004
3.656
3.6580000000000004
3.6700000000000004
3.6820000000000004
3.688
3.688
3.688
3.688
3.6860000000000004
3.688
3.684
3.6800000000000006
3.682
3.688
3.7
3.7140000000000004
3.7380000000000004
3.766
3.782
3.79
3.8080000000000003
3.828
3.8480000000000003
3.868
3.878
3.888000000000001
3.9059999999999997
3.9219999999999997
3.9219999999999997
3.918
3.9240000000000004
3.944
3.964
3.984
4.006
4.028
4.054
4.086
4.122
4.159999999999999
4.204000000000001
4.247999999999999
4.276
4.296
4.319999999999999
4.342
4.3580000000000005
4.368
4.382
4.4
4.422000000000001
4.4399999999999995
4.458
4.478
4.508
4.5440000000000005
4.564
4.5760000000000005
4.594
4.609999999999999
4.618
4.628
4.640000000000001
4.6579999999999995
4.676
4.692
4.706
4.72
4.738
4.756
4.7620000000000005
4.7620000000000005
4.774
4.788
4.8
4.81
4.83
4.851999999999999
4.8740000000000006
4.8999999999999995
4.938
4.98
5.024
5.0680000000000005
5.098000000000001
5.119999999999999
5.1579999999999995
5.199999999999999
5.23
5.258
5.282
5.302
5.321999999999999
5.338
5.353999999999999
5.372
5.395999999999999
5.4239999999999995
5.433999999999999
5.432
5.44
5.449999999999999
5.449999999999999
5.449999999999999
5.4399999999999995
5.43
5.422000000000001
5.416
5.41
5.4
5.398
5.401999999999999
5.394
5.3839999999999995
5.378
5.3740000000000006
5.363999999999999
5.348000000000001
5.343999999999999
5.346
5.352
5.359999999999999
5.363999999999999
5.369999999999999
5.382
5.393999999999998
5.382000000000001
5.364
5.362000000000001
5.3660000000000005
5.372
5.367999999999999
5.362
5.358
5.353999999999999
5.352
5.354000000000001
5.352
5.348000000000001
5.3420000000000005
5.324000000000001
5.298
5.288
5.282
5.276
5.271999999999999
5.276
5.288
5.302
5.31
5.318
5.33
5.348
5.364000000000001
5.36
5.3420000000000005
5.3340000000000005
5.33
5.311999999999999
5.2940000000000005
5.276
5.258
5.242
5.228
5.21
5.196
5.182
5.167999999999999
5.144
5.118
5.108
5.104
5.0920000000000005
5.082
5.077999999999999
5.08
5.082
5.09
5.087999999999999
5.084
5.074
5.058
5.026
4.984
4.952
4.928000000000001
4.888
4.8500000000000005
4.819999999999999
4.792
4.77
4.7540000000000004
4.736000000000001
4.718
4.702
4.684
4.664
4.636
4.628
4.63
4.632
4.64
4.646
4.654
4.682
4.715999999999999
4.748
4.776
4.808
4.848000000000001
4.8759999999999994
4.8919999999999995
4.922000000000001
4.954
4.976
4.991999999999999
5.01
5.032
5.0600000000000005
5.0920000000000005
5.1240000000000006
5.152
5.184
5.218
5.244000000000001
5.268000000000001
5.312
5.37
5.418
5.458
5.486
5.514000000000001
5.545999999999999
5.577999999999999
5.612
5.643999999999999
5.672
5.6979999999999995
5.706
5.712
5.726
5.7540000000000004
5.7780000000000005
5.800000000000001
5.821999999999999
5.843999999999999
5.87
5.9
5.93
5.966
6.002
6.036
6.047999999999999
6.044
6.045999999999999
6.0600000000000005
6.074
6.096
6.120000000000001
6.144
6.180000000000001
6.217999999999999
6.258
6.289999999999999
6.33
6.3740000000000006
6.41
6.444
6.491999999999999
6.542
6.58
6.612
6.644
6.678
6.704
6.725999999999999
6.7540000000000004
6.776
6.816000000000001
6.856000000000001
6.886
6.912000000000001
6.952000000000001
6.998
7.0440000000000005
7.084
7.114
7.138
7.168
7.202
7.238
7.2780000000000005
7.32
7.366
7.398
7.424
7.444000000000001
7.472
7.492
7.504
7.51
7.5120000000000005
7.5280000000000005
7.5440000000000005
7.558
7.568000000000001
7.588
7.61
7.62
7.62
7.630000000000001
7.646
7.668
7.691999999999999
7.718000000000001
7.74
7.7620000000000005
7.7860000000000005
7.804
7.824
7.844
7.864000000000001
7.872
7.869999999999999
7.8740000000000006
7.876
7.868
7.853999999999999
7.84
7.832
7.836
7.846
7.852
7.8580000000000005
7.864
7.874
7.878
7.878
7.892
7.91
7.928
7.942
7.952000000000001
7.953999999999999
7.958
7.9639999999999995
7.962
7.9559999999999995
7.952
7.946
7.930000000000001
7.916
7.921999999999999
7.95
7.9799999999999995
8.004
8.024000000000001
8.044
8.076
8.108
8.129999999999999
8.152
8.172
8.192
8.2
8.202000000000002
8.212
8.228
8.232000000000001
8.234
8.232
8.226
8.23
8.236
8.238
8.234000000000002
8.222000000000001
8.208
8.174
8.136
8.110000000000001
8.092
8.072
8.053999999999998
8.022
7.992000000000001
7.982
7.984
7.984000000000001
7.978
7.968000000000002
7.952
7.93
7.902000000000001
7.888
7.890000000000001
7.890000000000001
7.878
7.86
7.848
7.852
7.856
7.852
7.844
7.836
7.832000000000001
7.813999999999999
7.798
7.789999999999999
7.7860000000000005
7.779999999999999
7.772
7.763999999999999
7.7540000000000004
7.752
7.756
7.763999999999999
7.772
7.779999999999999
7.784
7.792000000000001
7.808
7.824000000000002
7.84
7.85
7.856
7.866
7.8759999999999994
7.896
7.92
7.9319999999999995
7.936000000000001
7.94
7.946
7.9479999999999995
7.938
7.932
7.9319999999999995
7.932
7.924
7.914
7.9
7.898
7.9079999999999995
7.912000000000001
7.912
7.918000000000001
7.925999999999999
7.926
7.92
7.906000000000001
7.888
7.852
7.8100000000000005
7.778
7.7459999999999996
7.724
7.699999999999999
7.676
7.656000000000001
7.6419999999999995
7.629999999999999
7.618
7.607999999999999
7.594
7.574
7.540000000000001
7.496
7.454
7.416
7.394
7.3919999999999995
7.386
7.374
7.372000000000001
7.374
7.37
7.376
7.388
7.404
7.421999999999999
7.436
7.458
7.482
7.526
7.5760000000000005
7.624
7.665999999999999
7.709999999999999
7.755999999999999
7.800000000000001
7.8420000000000005
7.855999999999999
7.858
7.848
7.824
7.805999999999999
7.802
7.81
7.82
7.822
7.824000000000001
7.829999999999999
7.84
7.846
7.847999999999999
7.831999999999999
7.808000000000001
7.78
7.75
7.715999999999999
7.684
7.643999999999999
7.602
7.558
7.514000000000001
7.468
7.418
7.366
7.3180000000000005
7.262
7.207999999999999
7.154
7.096
7.044
6.998
6.958
6.92
6.886
6.848000000000001
6.814
6.784000000000001
6.758000000000001
6.731999999999999
6.71
6.698
6.683999999999999
6.668000000000001
6.658
6.66
6.669999999999999
6.6819999999999995
6.692
6.702
6.7
6.698
6.696
6.698
6.696
6.698
6.712
6.728
6.7620000000000005
6.8
6.84
6.882
6.914
6.934000000000001
6.934
6.922
6.9079999999999995
6.892
6.878
6.862
6.852
6.84
6.836
6.842
6.852
6.86
6.852
6.83
6.804
6.774000000000001
6.74
6.706
6.676
6.640000000000001
6.6
6.555999999999999
6.508000000000001
6.464
6.42
6.372
6.324
6.276
6.225999999999999
6.174
6.122
6.074
6.029999999999999
5.992
5.984
5.988
6.006
6.03
6.0600000000000005
6.084
6.102
6.12
6.128
6.132
6.14
6.15
6.156
6.160000000000001
6.188000000000001
6.22
6.258
6.3
6.346
6.394
6.442
6.4879999999999995
6.522
6.55
6.58
6.6160000000000005
6.642
6.656
6.656000000000001
6.646000000000001
6.64
6.648
6.659999999999999
6.676
6.6899999999999995
6.702
6.698
6.6979999999999995
6.708
6.718
6.724
6.728
6.7219999999999995
6.710000000000001
6.699999999999999
6.696
6.696
6.696
6.682
6.6579999999999995
6.619999999999999
6.58
6.557999999999999
6.538
6.518000000000001
6.4879999999999995
6.472000000000001
6.454000000000001
6.44
6.426
6.412000000000001
6.394
6.3660000000000005
6.336
6.308
6.294
6.302
6.318
6.33
6.338
6.336
6.334
6.34
6.356
6.372
6.385999999999999
6.4
6.41
6.422000000000001
6.434
6.452
6.484
6.505999999999999
6.532
6.545999999999999
6.556
6.5760000000000005
6.6
6.618
6.628
6.6240000000000006
6.614
6.6
6.582
6.566000000000001
6.55
6.53
6.5120000000000005
6.484
6.45
6.42
6.389999999999999
6.354
6.324
6.292
6.266
6.246
6.224
6.21
6.198
6.182
6.166
6.152
6.146
6.134
6.122
6.102
6.082
6.0600000000000005
6.04
6.018
6.0
5.997999999999999
6.007999999999999
6.026
6.046
6.072
6.106
6.146
6.1899999999999995
6.232
6.272
6.316000000000001
6.362
6.396
6.426
6.464
6.498
6.529999999999999
6.564
6.6000000000000005
6.634
6.6659999999999995
6.696
6.708
6.702
6.683999999999999
6.667999999999999
6.661999999999999
6.6659999999999995
6.685999999999999
6.706
6.732
6.758000000000001
6.784
6.8180000000000005
6.85
6.878
6.888
6.8919999999999995
6.888
6.892
6.904
6.92
6.948
6.974
6.998
7.029999999999999
7.058
7.082
7.106
7.124
7.122
7.109999999999999
7.101999999999999
7.092
7.09
7.093999999999999
7.1080000000000005
7.124
7.137999999999999
7.144
7.156
7.164
7.191999999999999
7.2299999999999995
7.257999999999999
7.289999999999999
7.33
7.378
7.433999999999999
7.5
7.57
7.6419999999999995
7.715999999999999
7.789999999999999
7.860000000000001
7.924
7.9879999999999995
8.052
8.094
8.123999999999999
8.158000000000001
8.190000000000001
8.222
8.252
8.280000000000001
8.308
8.336
8.364
8.376000000000001
8.378
8.374
8.364
8.35
8.334
8.324000000000002
8.314
8.306000000000001
8.294
8.286
8.276
8.268
8.258000000000001
8.236
8.204
8.174
8.144
8.108
8.062
8.022
7.9879999999999995
7.95
7.9079999999999995
7.88
7.859999999999999
7.845999999999999
7.838000000000001
7.8340000000000005
7.83
7.818
7.800000000000001
7.786
7.771999999999999
7.768000000000001
7.772
7.78
7.788
7.788
7.78
7.7700000000000005
7.758000000000001
7.732
7.708
7.678
7.640000000000001
7.594
7.554000000000001
7.536
7.526
7.526
7.516
7.504
7.492
7.474
7.458
7.436
7.41
7.3919999999999995
7.374
7.354
7.336
7.336
7.354000000000001
7.374
7.398000000000001
7.406000000000001
7.409999999999999
7.412
7.412
7.411999999999999
7.412
7.4079999999999995
7.403999999999999
7.381999999999999
7.346
7.308
7.266
7.226
7.182
7.135999999999999
7.086
7.034000000000001
6.981999999999999
6.932
6.890000000000001
6.843999999999999
6.795999999999999
6.758000000000001
6.728
6.712
6.704
6.696
6.682
6.664
6.646000000000001
6.6339999999999995
6.628
6.608
6.582000000000001
6.571999999999999
6.564
6.5680000000000005
6.578
6.593999999999999
6.618
6.646
6.672000000000001
6.688
6.698
6.703999999999999
6.715999999999999
6.7139999999999995
6.7
6.675999999999999
6.652
6.628
6.606
6.598
6.596
6.596
6.5920000000000005
6.582
6.572000000000001
6.56
6.548
6.524000000000001
6.494000000000001
6.456
6.418
6.388
6.3660000000000005
6.348000000000001
6.336
6.332
6.332000000000001
6.328
6.316
6.312
6.318
6.308
6.298
6.298
6.3
6.302
6.305999999999999
6.311999999999999
6.319999999999999
6.322
6.32
6.314
6.31
6.31
6.31
6.3
6.284
6.262
6.234
6.2059999999999995
6.184
6.172000000000001
6.166
6.1659999999999995
6.156
6.140000000000001
6.118
6.106
6.096
6.086
6.0760000000000005
6.055999999999999
6.03
6.008000000000001
5.994
5.9879999999999995
5.981999999999999
5.983999999999999
5.984
5.981999999999999
5.978000000000001
5.978
5.978000000000001
5.98
5.986
5.988
5.9799999999999995
5.981999999999999
5.986
5.994
6.004
6.026000000000001
6.052
6.066
6.072
6.075999999999999
6.0760000000000005
6.072
6.064
6.066000000000001
6.074
6.082000000000001
6.098000000000001
6.096
6.09
6.086
6.085999999999999
6.081999999999999
6.08
6.09
6.109999999999999
6.132
6.148
6.1739999999999995
6.212
6.264
6.3180000000000005
6.366
6.4079999999999995
6.452
6.5
6.537999999999999
6.57
6.6080000000000005
6.6499999999999995
6.692000000000001
6.73
6.764
6.792
6.819999999999999
6.852
6.8740000000000006
6.8919999999999995
6.911999999999999
6.936
6.960000000000001
6.986000000000001
7.015999999999999
7.046
7.08
7.112
7.144
7.1739999999999995
7.204
7.231999999999999
7.24
7.239999999999999
7.2379999999999995
7.239999999999999
7.242000000000001
7.244
7.247999999999999
7.25
7.25
7.247999999999999
7.2459999999999996
7.238
7.244
7.251999999999999
7.246
7.236000000000001
7.226000000000001
7.220000000000001
7.210000000000001
7.205999999999999
7.209999999999999
7.22
7.2299999999999995
7.248
7.26
7.278
7.306
7.342
7.3580000000000005
7.353999999999999
7.354000000000001
7.359999999999999
7.367999999999999
7.379999999999999
7.390000000000001
7.401999999999999
7.414
7.4239999999999995
7.42
7.406000000000001
7.3839999999999995
7.36
7.328
7.2940000000000005
7.258
7.222
7.182
7.142000000000001
7.106
7.074
7.045999999999999
7.026
7.0
6.972
6.952
6.936
6.914
6.890000000000001
6.88
6.877999999999998
6.876
6.868
6.86
6.854000000000001
6.846
6.842
6.832000000000001
6.824
6.814
6.802
6.7780000000000005
6.75
6.73
6.716
6.7
6.686
6.675999999999999
6.672
6.670000000000001
6.664
6.642000000000001
6.616
6.6
6.594000000000001
6.572
6.537999999999999
6.51
6.484
6.462
6.436
6.41
6.384
6.3580000000000005
6.332000000000001
6.288
6.236
6.202
6.1739999999999995
6.128
6.071999999999999
6.038
6.012
5.992
5.964
5.936000000000001
5.9079999999999995
5.88
5.856000000000001
5.818
5.782000000000001
5.747999999999999
5.72
5.674
5.627999999999999
5.602
5.579999999999999
5.558000000000001
5.532
5.510000000000001
5.482
5.458
5.4319999999999995
5.402
5.361999999999999
5.324
5.282000000000001
5.236000000000001
5.186
5.164
5.154
5.146
5.1419999999999995
5.129999999999999
5.114000000000001
5.1
5.092
5.072
5.05
5.0360000000000005
5.026
5.016
5.004
4.998
4.994000000000001
4.992
4.986
4.978
4.968
4.970000000000001
4.9799999999999995
4.9879999999999995
4.99
4.986
4.978
4.962000000000001
4.948
4.944
4.942
4.942
4.932
4.917999999999999
4.902
4.888
4.872
4.843999999999999
4.804
4.764000000000001
4.72
4.676
4.636
4.612
4.598
4.585999999999999
4.578
4.57
4.56
4.556
4.55
4.526
4.4959999999999996
4.474
4.4559999999999995
4.442
4.428
4.426
4.43
4.4399999999999995
4.449999999999999
4.456
4.462
4.470000000000001
4.478
4.474
4.468
4.476
4.492
4.504
4.514
4.54
4.578
4.62
4.66
4.698
4.736000000000001
4.776
4.818
4.856
4.892
4.938
4.9879999999999995
5.034
5.0760000000000005
5.113999999999999
5.144
5.168
5.194
5.2219999999999995
5.252
5.276
5.3
5.322
5.34
5.354
5.368
5.376
5.382
5.388
5.388
5.39
5.396
5.402
5.406
5.4159999999999995
5.434
5.446
5.448
5.458
5.47
5.481999999999999
5.492
5.5040000000000004
5.5200000000000005
5.538
5.554
5.57
5.588
5.608
5.630000000000001
5.638000000000001
5.64
5.638
5.632
5.638
5.654
5.672
5.6819999999999995
5.694000000000001
5.7059999999999995
5.718
5.73
5.752
5.772
5.782
5.792000000000001
5.812000000000001
5.834
5.8500000000000005
5.864000000000001
5.8759999999999994
5.886
5.892
5.895999999999999
5.9
5.8999999999999995
5.898
5.892
5.888
5.886
5.89
5.904
5.916
5.922000000000001
5.922000000000001
5.916
5.918
5.924
5.932
5.94
5.949999999999999
5.96
5.9559999999999995
5.952000000000001
5.952000000000001
5.952
5.948
5.942
5.9380000000000015
5.938000000000001
5.94
5.94
5.944000000000001
5.95
5.957999999999999
5.967999999999999
5.964
5.954
5.935999999999999
5.906
5.87
5.827999999999999
5.795999999999999
5.768
5.757999999999999
5.7540000000000004
5.75
5.744000000000001
5.740000000000001
5.735999999999999
5.716000000000001
5.69
5.654
5.622
5.59
5.5520000000000005
5.524
5.502
5.484
5.474
5.46
5.443999999999999
5.428
5.4159999999999995
5.402
5.38
5.3580000000000005
5.338
5.318
5.297999999999999
5.282
5.268
5.258
5.252
5.248
5.244
5.236
5.226000000000001
5.202
5.176
5.156000000000001
5.138
5.117999999999999
5.102
5.09
5.078
5.069999999999999
5.066
5.058
5.046
5.034
5.022
4.994
4.96
4.9319999999999995
4.904
4.872
4.838
4.8180000000000005
4.802
4.788
4.774
4.758000000000001
4.739999999999999
4.7219999999999995
4.702
4.670000000000001
4.636
4.604
4.5680000000000005
4.538
4.5
4.474
4.454000000000001
4.438
4.426
4.4159999999999995
4.404
4.388
4.372
4.354
4.336
4.328
4.32
4.3180000000000005
4.318
4.322
4.3260000000000005
4.328
4.324
4.32
4.321999999999999
4.322000000000001
4.321999999999999
4.298
4.266
4.231999999999999
4.1979999999999995
4.168
4.146
4.138
4.130000000000001
4.122
4.116
4.11
4.1080000000000005
4.1080000000000005
4.112
4.098
4.074
4.066
4.0600000000000005
4.054
4.046
4.045999999999999
4.052
4.0600000000000005
4.063999999999999
4.066
4.066
4.066
4.068
4.06
4.044
4.026
4.006
3.9899999999999998
3.9819999999999998
3.9779999999999998
3.9779999999999998
3.976
3.978
3.9779999999999998
3.9800000000000004
3.982
3.99
3.9939999999999998
4.002
4.018
4.032
4.044
4.056
4.071999999999999
4.086
4.096
4.1080000000000005
4.117999999999999
4.122
4.124
4.126
4.12
4.112
4.112
4.1160000000000005
4.12
4.12
4.126
4.136
4.146
4.154
4.148
4.132
4.12
4.106
4.087999999999999
4.07
4.064
4.062
4.046
4.029999999999999
4.02
4.014
4.008
4.0040000000000004
4.0
3.996
3.988
3.982
3.968
3.9520000000000004
3.934
3.914
3.892
3.87
3.85
3.8280000000000003
3.806
3.7860000000000005
3.7560000000000002
3.724
3.688
3.644
3.59
3.536
3.5000000000000004
3.47
3.452
3.4379999999999997
3.428
3.418
3.4020000000000006
3.3899999999999997
3.3760000000000003
3.362
3.3459999999999996
3.3280000000000003
3.3080000000000003
3.2840000000000007
3.2680000000000007
3.2560000000000002
3.2440000000000007
3.24
3.242
3.248
3.2520000000000002
3.2560000000000002
3.248
3.2380000000000004
3.232
3.228
3.226
3.2199999999999998
3.224
3.232
3.2439999999999998
3.26
3.2760000000000002
3.2880000000000003
3.298
3.3120000000000003
3.3120000000000003
3.306
3.3020000000000005
3.2940000000000005
3.2840000000000007
3.2699999999999996
3.262
3.25
3.238
3.2280000000000006
3.2219999999999995
3.2180000000000004
3.216
3.216
3.208
3.184
3.158
3.1400000000000006
3.12
3.096
3.076
3.058
3.04
3.024
3.016
3.012
3.008
3.008
2.9979999999999998
2.9880000000000004
2.988
2.996
2.9979999999999998
3.002
3.008
3.012
3.014
3.016
3.024
3.034
3.042
3.048
3.0500000000000003
3.048
3.04
3.032
3.02
3.006
3.0
2.9959999999999996
2.9979999999999998
3.004
3.01
3.014
3.016
3.0220000000000002
3.022
3.02
3.024
3.0340000000000003
3.0400000000000005
3.05
3.0640000000000005
3.076
3.0940000000000003
3.112
3.1300000000000003
3.1500000000000004
3.1700000000000004
3.192
3.2100000000000004
3.224
3.2380000000000004
3.25
3.2539999999999996
3.2520000000000002
3.252
3.2540000000000004
3.2680000000000007
3.286
3.3
3.306
3.3120000000000003
3.316
3.322
3.33
3.34
3.348
3.3420000000000005
3.336
3.3259999999999996
3.32
3.314
3.306
3.2979999999999996
3.2880000000000003
3.2800000000000007
3.2680000000000002
3.254
3.232
3.22
3.2099999999999995
3.198
3.184
3.172
3.164
3.1540000000000004
3.1440000000000006
3.1360000000000006
3.1280000000000006
3.122
3.114
3.1060000000000003
3.0980000000000003
3.0940000000000003
3.096
3.096
3.09
3.0880000000000005
3.092
3.0980000000000003
3.108
3.1140000000000003
3.1199999999999997
3.122
3.12
3.114
3.1020000000000003
3.0940000000000003
3.088
3.0760000000000005
3.0600000000000005
3.048
3.036
3.026
3.016
3.0100000000000002
3.0060000000000002
3.004
3.0020000000000002
2.996
2.99
2.984
2.9800000000000004
2.98
2.982
2.99
2.998
3.006
3.0180000000000002
3.024
3.0280000000000005
3.034
3.04
3.042
3.034
3.032
3.0360000000000005
3.0380000000000003
3.034
3.0359999999999996
3.0359999999999996
3.0380000000000003
3.042
3.0380000000000003
3.032
3.0220000000000002
3.008
2.9859999999999998
2.9619999999999997
2.944
2.9259999999999997
2.9100000000000006
2.896
2.8880000000000003
2.884
2.8800000000000003
2.872
2.862
2.852
2.8440000000000003
2.834
2.8180000000000005
2.802
2.786
2.7680000000000002
2.7500000000000004
2.734
2.73
2.726
2.722
2.716
2.708
2.7
2.694
2.686
2.674
2.6620000000000004
2.6479999999999997
2.6340000000000003
2.62
2.606
2.5940000000000003
2.584
2.57
2.5520000000000005
2.5359999999999996
2.518
2.5039999999999996
2.4919999999999995
2.476
2.462
2.4459999999999997
2.426
2.408
2.392
2.386
2.384
2.38
2.3760000000000003
2.372
2.366
2.366
2.366
2.36
2.356
2.352
2.3480000000000003
2.35
2.35
2.36
2.3760000000000003
2.392
2.408
2.4219999999999997
2.444
2.464
2.4800000000000004
2.492
2.498
2.504
2.5120000000000005
2.514
2.514
2.516
2.518
2.508
2.49
2.4719999999999995
2.4499999999999997
2.4339999999999997
2.42
2.4019999999999997
2.38
2.3600000000000003
2.346
2.3259999999999996
2.3019999999999996
2.2859999999999996
2.274
2.2560000000000002
2.238
2.218
2.1959999999999997
2.178
2.1639999999999997
2.154
2.1479999999999997
2.1479999999999997
2.15
2.1479999999999997
2.146
2.146
2.1479999999999997
2.1479999999999997
2.1500000000000004
2.152
2.154
2.154
2.152
2.146
2.142
2.146
2.1479999999999997
2.15
2.154
2.1679999999999997
2.182
2.196
2.21
2.218
2.2239999999999998
2.23
2.2359999999999998
2.238
2.2439999999999998
2.25
2.256
2.268
2.282
2.302
2.322
2.342
2.3600000000000003
2.3819999999999997
2.404
2.4240000000000004
2.446
2.460000000000001
2.474
2.486
2.4959999999999996
2.508
2.524
2.5439999999999996
2.5680000000000005
2.5780000000000003
2.5820000000000003
2.5860000000000003
2.5900000000000003
2.5940000000000003
2.5960000000000005
2.59
2.5780000000000003
2.5640000000000005
2.546
2.532
2.518
2.502
2.4859999999999998
2.468
2.4459999999999997
2.422
2.398
2.374
2.342
2.3080000000000003
2.278
2.2500000000000004
2.224
2.2
2.174
2.158
2.146
2.132
2.118
2.116
2.126
2.1340000000000003
2.142
2.146
2.1460000000000004
2.148
2.156
2.166
2.1780000000000004
2.194
2.208
2.22
2.23
2.246
2.262
2.2800000000000002
2.3000000000000003
2.318
2.3320000000000003
2.34
2.3440000000000003
2.342
2.3380000000000005
2.334
2.3280000000000003
2.3240000000000003
2.3160000000000003
2.3120000000000003
2.306
2.2979999999999996
2.2900000000000005
2.2720000000000002
2.2540000000000004
2.2399999999999998
2.228
2.21
2.192
2.172
2.152
2.13
2.11
2.088
2.064
2.046
2.028
2.008
1.9900000000000002
1.9780000000000002
1.9640000000000002
1.9500000000000002
1.9380000000000002
1.9260000000000002
1.9140000000000001
1.9000000000000001
1.8860000000000003
1.872
1.8600000000000003
1.842
1.8240000000000003
1.8080000000000003
1.79
1.778
1.7640000000000002
1.754
1.7460000000000002
1.736
1.722
1.706
1.688
1.6700000000000002
1.6540000000000001
1.6380000000000001
1.6199999999999999
1.5959999999999999
1.5739999999999998
1.564
1.564
1.57
1.578
1.5839999999999999
1.59
1.598
1.61
1.6179999999999999
1.63
1.6420000000000001
1.654
1.66
1.6640000000000001
1.67
1.6720000000000002
1.6760000000000002
1.682
1.6820000000000002
1.686
1.6860000000000002
1.6840000000000002
1.684
1.6820000000000002
1.6780000000000002
1.6680000000000001
1.6580000000000001
1.6500000000000001
1.642
1.6360000000000001
1.634
1.6300000000000001
1.626
1.6199999999999999
1.6139999999999999
1.6079999999999999
1.5979999999999999
1.588
1.5779999999999998
1.566
1.5500000000000003
1.534
1.522
1.512
1.51
1.514
1.53
1.546
1.564
1.586
1.6
1.61
1.61
1.6099999999999999
1.6099999999999999
1.612
1.6219999999999999
1.6380000000000001
1.6560000000000001
1.674
1.696
1.72
1.7439999999999998
1.7659999999999998
1.7879999999999998
1.8079999999999996
1.8239999999999996
1.8399999999999996
1.848
1.8559999999999997
1.8659999999999999
1.876
1.886
1.8979999999999997
1.914
1.934
1.9539999999999997
1.9719999999999998
1.9859999999999998
1.9999999999999998
2.008
2.018
2.028
2.038
2.048
2.064
2.084
2.108
2.132
2.154
2.178
2.2039999999999997
2.2259999999999995
2.2499999999999996
2.28
2.3099999999999996
2.334
2.356
2.382
2.408
2.43
2.448
2.468
2.488
2.508
2.528
2.54
2.544
2.5520000000000005
2.556
2.56
2.5620000000000003
2.5740000000000003
2.5880000000000005
2.6020000000000003
2.6180000000000003
2.634
2.6500000000000004
2.674
2.696
2.716
2.734
2.744
2.7520000000000002
2.7520000000000002
2.7520000000000002
2.75
2.746
2.742
2.736
2.726
2.7180000000000004
2.7119999999999997
2.7080000000000006
2.702
2.6960000000000006
2.692
2.688
2.68
2.67
2.6659999999999995
2.6620000000000004
2.6559999999999997
2.6500000000000004
2.6439999999999997
2.6340000000000003
2.62
2.6060000000000003
2.5919999999999996
2.5740000000000003
2.558
2.5500000000000003
2.548
2.5500000000000003
2.5520000000000005
2.5519999999999996
2.5519999999999996
2.546
2.5380000000000003
2.53
2.524
2.5159999999999996
2.506
2.4979999999999998
2.484
2.4699999999999998
2.458
2.4459999999999997
2.4440000000000004
2.442
2.4400000000000004
2.436
2.4280000000000004
2.4240000000000004
2.4200000000000004
2.412
2.4000000000000004
2.388
2.378
2.366
2.362
2.354
2.3480000000000003
2.3400000000000003
2.334
2.322
2.304
2.282
2.262
2.2479999999999998
2.232
2.216
2.204
2.188
2.162
2.132
2.108
2.0860000000000003
2.066
2.0439999999999996
2.016
1.9899999999999998
1.962
1.9339999999999997
1.9040000000000001
1.874
1.8500000000000003
1.83
1.8099999999999998
1.79
1.7699999999999998
1.7519999999999998
1.732
1.7120000000000002
1.692
1.67
1.648
1.63
1.6079999999999999
1.5859999999999999
1.564
1.5459999999999998
1.5340000000000003
1.5220000000000002
1.5180000000000002
1.5140000000000002
1.5140000000000002
1.5140000000000002
1.5140000000000002
1.5140000000000002
1.5179999999999998
1.52
1.5180000000000002
1.5180000000000002
1.516
1.5100000000000002
1.5059999999999998
1.504
1.5000000000000002
1.496
1.4880000000000002
1.48
1.4720000000000002
1.4660000000000002
1.4600000000000002
1.4540000000000002
1.4480000000000002
1.444
1.4360000000000002
1.428
1.422
1.4140000000000001
1.402
1.3860000000000001
1.3699999999999999
1.354
1.3379999999999999
1.322
1.308
1.294
1.274
1.254
1.2360000000000002
1.2160000000000002
1.2040000000000002
1.1920000000000002
1.1840000000000002
1.1760000000000002
1.1680000000000001
1.1640000000000001
1.1620000000000001
1.1620000000000001
1.1640000000000001
1.1600000000000001
1.1500000000000001
1.1420000000000001
1.1300000000000001
1.12
1.112
1.106
1.096
1.088
1.082
1.076
1.066
1.056
1.052
1.048
1.038
1.022
0.9979999999999999
0.9759999999999999
0.9539999999999998
0.936
0.93
0.93
0.93
0.932
0.93
0.9279999999999999
0.9319999999999999
0.9339999999999999
0.9359999999999999
0.938
0.9359999999999999
0.9339999999999999
0.9319999999999999
0.9339999999999999
0.9380000000000002
0.9440000000000002
0.9500000000000002
0.9540000000000002
0.9540000000000002
0.956
0.958
0.96
0.962
0.9600000000000002
0.9600000000000002
0.9600000000000002
0.9620000000000002
0.9620000000000002
0.9660000000000002
0.9720000000000002
0.9780000000000002
0.986
0.994
1.002
1.004
1.008
1.006
1.004
1.0
0.992
0.99
0.992
0.994
0.994
0.998
1.004
1.01
1.016
1.018
1.018
1.018
1.02
1.014
1.006
1.0
0.994
0.988
0.9800000000000001
0.9780000000000001
0.9800000000000001
0.9860000000000001
0.9920000000000001
0.9980000000000001
1.006
1.012
1.018
1.024
1.03
1.036
1.044
1.05
1.056
1.062
1.068
1.074
1.076
1.078
1.078
1.076
1.076
1.078
1.076
1.08
1.084
1.086
1.088
1.09
1.09
1.088
1.088
1.09
1.092
1.086
1.08
1.074
1.068
1.072
1.076
1.078
1.076
1.068
1.058
1.048
1.038
1.032
1.026
1.018
1.012
1.008
1.006
1.01
1.014
1.018
1.018
1.016
1.016
1.016
1.016
1.018
1.018
1.018
1.018
1.014
1.01
1.006
1.0
0.994
0.986
0.978
0.968
0.958
0.946
0.9319999999999999
0.9199999999999999
0.9159999999999999
0.9100000000000001
0.9060000000000001
0.9040000000000001
0.9060000000000001
0.9100000000000001
0.9180000000000001
0.9259999999999999
0.9299999999999999
0.9359999999999999
0.942
0.948
0.956
0.962
0.9740000000000001
0.9859999999999999
0.9959999999999999
1.0059999999999998
1.0239999999999998
1.0419999999999998
1.064
1.0859999999999999
1.1019999999999999
1.1179999999999999
1.13
1.138
1.142
1.146
1.15
1.156
1.16
1.166
1.174
1.182
1.192
1.2
1.2
1.198
1.192
1.188
1.186
1.184
1.18
1.178
1.176
1.1720000000000002
1.17
1.1680000000000001
1.166
1.1620000000000001
1.158
1.1540000000000001
1.1500000000000001
1.1460000000000001
1.1440000000000001
1.142
1.142
1.142
1.1440000000000001
1.146
1.152
1.158
1.166
1.174
1.172
1.17
1.172
1.18
1.188
1.196
1.2079999999999997
1.22
1.234
1.2459999999999998
1.258
1.268
1.278
1.2899999999999998
1.2959999999999998
1.3019999999999998
1.306
1.3059999999999998
1.3079999999999998
1.3099999999999998
1.3119999999999998
1.3139999999999998
1.316
1.3179999999999998
1.324
1.33
1.3359999999999999
1.344
1.348
1.352
1.3539999999999999
1.356
1.36
1.364
1.368
1.3739999999999999
1.3800000000000001
1.386
1.3960000000000001
1.406
1.4160000000000001
1.4240000000000002
1.426
1.426
1.43
1.4340000000000002
1.4380000000000002
1.4440000000000002
1.4480000000000002
1.4520000000000002
1.4540000000000002
1.4560000000000002
1.4580000000000002
1.4580000000000002
1.4540000000000002
1.4500000000000002
1.4320000000000002
1.4100000000000001
1.3940000000000001
1.3780000000000001
1.368
1.358
1.348
1.3379999999999999
1.3299999999999998
1.3199999999999998
1.316
1.312
1.3079999999999998
1.304
1.288
1.27
1.26
1.252
1.25
1.246
1.238
1.23
1.224
1.2160000000000002
1.2100000000000002
1.2040000000000002
1.1960000000000002
1.1880000000000002
1.1760000000000002
1.1640000000000001
1.1540000000000001
1.1440000000000001
1.1380000000000001
1.1320000000000001
1.124
1.114
1.102
1.09
1.084
1.078
1.074
1.072
1.062
1.05
1.048
1.046
1.048
1.046
1.0440000000000003
1.0420000000000003
1.038
1.036
1.0320000000000003
1.028
1.0200000000000002
1.012
1.004
0.994
0.9900000000000002
0.988
0.99
0.994
0.9960000000000001
1.0
1.004
1.008
1.008
1.006
1.0
0.994
0.986
0.974
0.966
0.958
0.95
0.942
0.9359999999999999
0.9299999999999999
0.9239999999999999
0.9140000000000001
0.9020000000000001
0.8900000000000001
0.8780000000000001
0.8640000000000001
0.8500000000000001
0.8360000000000001
0.8220000000000001
0.81
0.798
0.784
0.77
0.754
0.738
0.722
0.706
0.69
0.672
0.656
0.642
0.6280000000000001
0.6240000000000001
0.6240000000000001
0.6240000000000001
0.6240000000000001
0.622
0.62
0.618
0.616
0.614
0.61
0.6040000000000001
0.5960000000000001
0.5860000000000001
0.5760000000000001
0.5760000000000001
0.5780000000000001
0.5800000000000001
0.5820000000000001
0.5800000000000001
0.5780000000000001
0.5740000000000001
0.5700000000000001
0.5640000000000001
0.558
0.552
0.546
0.544
0.542
0.544
0.546
0.548
0.55
0.55
0.55
0.55
0.55
0.55
0.55
0.546
0.542
0.536
0.528
0.526
0.524
0.522
0.52
0.516
0.514
0.51
0.506
0.5
0.492
0.488
0.48400000000000004
0.48600000000000004
0.49000000000000005
0.49000000000000005
0.48800000000000004
0.48200000000000004
0.47400000000000003
0.466
0.456
0.446
0.43400000000000005
0.42200000000000004
0.41000000000000003
0.402
0.396
0.394
0.392
0.392
0.396
0.398
0.4
0.402
0.404
0.402
0.4
0.398
0.396
0.394
0.392
0.39
0.388
0.384
0.38
0.374
0.372
0.37
0.368
0.366
0.364
0.362
0.36
0.358
0.356
0.358
0.358
0.35800000000000004
0.35800000000000004
0.35600000000000004
0.35400000000000004
0.35200000000000004
0.35000000000000003
0.34800000000000003
0.34600000000000003
0.34400000000000003
0.342
0.338
0.336
0.334
0.332
0.332
0.332
0.33
0.328
0.326
0.324
0.322
0.32
0.32
0.32
0.32
0.32
0.32
0.32
0.318
0.316
0.314
0.312
0.31200000000000006
0.31200000000000006
0.31200000000000006
0.31200000000000006
0.31200000000000006
0.31200000000000006
0.31000000000000005
0.31000000000000005
0.31200000000000006
0.31400000000000006
0.31200000000000006
0.31000000000000005
0.30800000000000005
0.30600000000000005
0.30600000000000005
0.30600000000000005
0.30600000000000005
0.30400000000000005
0.30400000000000005
0.30200000000000005
0.30000000000000004
0.29800000000000004
0.29200000000000004
0.28600000000000003
0.276
0.264
0.258
0.254
0.254
0.254
0.254
0.256
0.256
0.254
0.254
0.254
0.252
0.25
0.248
0.246
0.244
0.24
0.238
0.236
0.23399999999999999
0.23199999999999998
0.22799999999999998
0.22399999999999998
0.21999999999999997
0.21599999999999997
0.21200000000000002
0.20800000000000002
0.20400000000000001
0.2
0.198
0.196
0.198
0.196
0.194
0.194
0.194
0.198
0.202
0.20600000000000002
0.20800000000000002
0.21000000000000002
0.21200000000000002
0.21400000000000002
0.21799999999999997
0.22199999999999998
0.22799999999999998
0.23399999999999999
0.242
0.25
0.256
0.262
0.268
0.274
0.28
0.28600000000000003
0.29200000000000004
0.29800000000000004
0.304
0.312
0.322
0.33199999999999996
0.34199999999999997
0.352
0.362
0.372
0.382
0.392
0.394
0.394
0.394
0.394
0.394
0.394
0.394
0.394
0.392
0.39
0.388
0.386
0.386
0.388
0.388
0.386
0.382
0.378
0.378
0.378
0.378
0.378
0.374
0.37
0.366
0.362
0.35800000000000004
0.35400000000000004
0.35000000000000003
0.34800000000000003
0.34600000000000003
0.34400000000000003
0.342
0.34
0.3380000000000001
0.3360000000000001
0.3360000000000001
0.33599999999999997
0.33599999999999997
0.334
0.334
0.336
0.334
0.332
0.332
0.332
0.332
0.332
0.33399999999999996
0.33599999999999997
0.33799999999999997
0.33999999999999997
0.34199999999999997
0.344
0.348
0.352
0.356
0.362
0.364
0.366
0.368
0.372
0.376
0.38
0.38
0.38
0.38
0.378
0.376
0.37
0.364
0.35800000000000004
0.35400000000000004
0.35000000000000003
0.34600000000000003
0.344
0.34199999999999997
0.34
0.336
0.332
0.324
0.316
0.312
0.308
0.306
0.30400000000000005
0.30000000000000004
0.29400000000000004
0.28800000000000003
0.28200000000000003
0.276
0.268
0.26
0.254
0.24800000000000003
0.24200000000000002
0.23600000000000002
0.23000000000000004
0.22400000000000003
0.21800000000000003
0.21800000000000003
0.22000000000000003
0.22200000000000003
0.22400000000000003
0.22800000000000004
0.23200000000000004
0.23600000000000004
0.24
0.244
0.248
0.254
0.26
0.264
0.266
0.266
0.266
0.266
0.266
0.266
0.266
0.266
0.266
0.268
0.27
0.274
0.278
0.28200000000000003
0.28600000000000003
0.28600000000000003
0.28400000000000003
0.28400000000000003
0.28400000000000003
0.28400000000000003
0.28400000000000003
0.28200000000000003
0.28
0.276
0.272
0.268
0.264
0.26
0.256
0.254
0.252
0.25
0.248
0.246
0.244
0.24
0.236
0.232
0.228
0.224
0.22
0.216
0.212
0.208
0.202
0.2
0.198
0.196
0.192
0.188
0.184
0.182
0.18
0.178
0.17600000000000002
0.17600000000000002
0.178
0.18
0.182
0.18
0.178
0.17600000000000002
0.17200000000000001
0.168
0.166
0.166
0.166
0.168
0.17
0.17
0.17
0.166
0.162
0.16
0.158
0.156
0.154
0.152
0.152
0.152
0.154
0.156
0.158
0.16
0.162
0.162
0.16000000000000003
0.16000000000000003
0.16000000000000003
0.16000000000000003
0.16000000000000003
0.15800000000000003
0.15800000000000003
0.15800000000000003
0.15800000000000003
0.15800000000000003
0.15800000000000003
0.15600000000000003
0.15400000000000003
0.15200000000000002
0.15000000000000002
0.15200000000000002
0.15399999999999997
0.15599999999999997
0.15799999999999997
0.15999999999999998
0.16399999999999998
0.166
0.17
0.17400000000000002
0.178
0.178
0.178
0.178
0.178
0.182
0.186
0.19
0.194
0.198
0.202
0.20400000000000001
0.20600000000000002
0.208
0.21
0.212
0.214
0.216
0.218
0.22
0.222
0.224
0.226
0.228
0.23
0.232
0.234
0.23600000000000002
0.23800000000000002
0.23800000000000002
0.24000000000000002
0.24000000000000002
0.24000000000000002
0.24000000000000002
0.24000000000000002
0.24000000000000002
0.24000000000000002
0.24000000000000002
0.24000000000000002
0.24000000000000002
0.24000000000000002
0.24000000000000002
0.24000000000000002
0.24000000000000002
0.24000000000000002
0.23800000000000002
0.234
0.23
0.228
0.23
0.232
0.234
0.23600000000000002
0.23800000000000002
0.238
0.238
0.238
0.236
0.23399999999999999
0.23199999999999998
0.22999999999999998
0.23199999999999998
0.23399999999999999
0.236
0.238
0.24
0.242
0.244
0.244
0.244
0.24
0.236
0.23199999999999998
0.22999999999999998
0.22799999999999998
0.22799999999999998
0.23
0.232
0.234
0.236
0.238
0.24
0.24
0.24
0.24000000000000002
0.24000000000000002
0.24000000000000002
0.242
0.244
0.246
0.248
0.25
0.252
0.254
0.256
0.258
0.258
0.258
0.256
0.256
0.256
0.258
0.26
0.256
0.252
0.248
0.246
0.244
0.242
0.24
0.238
0.238
0.238
0.238
0.238
0.238
0.238
0.236
0.23399999999999999
0.23199999999999998
0.22999999999999998
0.22799999999999998
0.22599999999999998
0.22399999999999998
0.22399999999999998
0.22399999999999998
0.22399999999999998
0.22399999999999998
0.22399999999999998
0.22599999999999998
0.22599999999999998
0.22599999999999998
0.22599999999999998
0.22599999999999998
0.22599999999999998
0.22599999999999998
0.22599999999999998
0.22599999999999998
0.22599999999999998
0.22599999999999998
0.22799999999999998
0.22999999999999998
0.23199999999999998
0.23399999999999999
0.236
0.236
0.236
0.236
0.234
0.232
0.23
0.228
0.226
0.224
0.222
0.22
0.22
0.222
0.224
0.226
0.228
0.228
0.228
0.226
0.224
0.222
0.22
0.218
0.216
0.21400000000000002
0.21200000000000002
0.21000000000000002
0.20800000000000002
0.20400000000000001
0.2
0.196
0.192
0.18800000000000003
0.18400000000000002
0.18000000000000002
0.17600000000000002
0.17200000000000001
0.17
0.16800000000000004
0.16600000000000004
0.16400000000000003
0.16200000000000003
0.15600000000000003
0.15000000000000002
0.14400000000000002
0.13799999999999998
0.132
0.128
0.12399999999999999
0.12
0.11599999999999999
0.11199999999999999
0.10999999999999999
0.10799999999999998
0.10400000000000001
0.1
0.096
0.094
0.094
0.094
0.094
0.092
0.09
0.088
0.086
0.084
0.082
0.08
0.078
0.07600000000000001
0.07400000000000001
0.07200000000000001
0.07200000000000001
0.07200000000000001
0.07200000000000001
0.07200000000000001
0.07400000000000001
0.07600000000000001
0.078
0.078
0.078
0.078
0.078
0.078
0.078
0.078
0.078
0.078
0.078
0.078
0.078
0.078
0.078
0.078
0.078
0.076
0.076
0.076
0.076
0.076
0.076
0.076
0.076
0.076
0.076
0.076
0.076
0.076
0.076
0.076
0.076
0.074
0.072
0.07
0.068
0.066
0.066
0.066
0.06999999999999999
0.07399999999999998
0.07599999999999998
0.07799999999999999
0.07999999999999999
0.08199999999999999
0.08399999999999999
0.086
0.088
0.09
0.09
0.09
0.09
0.09
0.09
0.09
0.09
0.09
0.09
0.088
0.086
0.08399999999999999
0.08199999999999999
0.07999999999999999
0.07999999999999999
0.07999999999999999
0.07999999999999999
0.07999999999999999
0.07999999999999999
0.07800000000000001
0.07600000000000001
0.07400000000000001
0.07200000000000001
0.07
0.068
0.066
0.064
0.062
0.06
0.056
0.056
0.056
0.056
0.056
0.056
0.056
0.056
0.056
0.056
0.056
0.056
0.056
0.056
0.056
0.056
0.056
0.056
0.056
0.054
0.052000000000000005
0.05000000000000001
0.04800000000000001
0.046000000000000006
0.044000000000000004
0.042
0.04
0.038000000000000006
0.036000000000000004
0.036000000000000004
0.036000000000000004
0.036000000000000004
0.036000000000000004
0.036000000000000004
0.036000000000000004
0.036000000000000004
0.036000000000000004
0.036000000000000004
0.036000000000000004
0.034
0.032
0.03
0.028
0.03
0.032
0.034
0.036000000000000004
0.038
0.04
0.042
0.044000000000000004
0.046
0.048
0.048
0.048
0.048
0.048
0.048
0.048
0.046
0.044
0.04
0.036000000000000004
0.034
0.032
0.032
0.034
0.034
0.034
0.034
0.034
0.036000000000000004
0.038
0.038
0.038
0.038
0.038
0.038
0.038
0.038
0.038
0.038
0.038
0.04
0.042
0.044000000000000004
0.046
0.048
0.05
0.052
0.054
0.056
0.057999999999999996
0.06
0.062
0.062
0.062
0.062
0.062
0.062
0.062
0.062
0.062
0.062
0.062
0.062
0.062
0.062
0.062
0.064
0.066
0.068
0.07200000000000001
0.07600000000000001
0.08000000000000002
0.08600000000000001
0.092
0.098
0.10400000000000001
0.10600000000000001
0.10800000000000001
0.11
0.112
0.114
0.116
0.12000000000000001
0.12400000000000001
0.128
0.132
0.134
0.136
0.138
0.14200000000000002
0.14400000000000002
0.14600000000000002
0.14800000000000002
0.15200000000000002
0.156
0.15999999999999998
0.16199999999999998
0.16399999999999998
0.16599999999999998
0.16799999999999998
0.166
0.164
0.162
0.16
0.158
0.156
0.154
0.152
0.15
0.148
0.148
0.148
0.148
0.148
0.148
0.148
0.148
0.148
0.148
0.148
0.148
0.148
0.146
0.142
0.13999999999999999
0.13799999999999998
0.136
0.134
0.132
0.13
0.13
0.13
0.13
0.13
0.13
0.13
0.13
0.13
0.13
0.13
0.128
0.126
0.124
0.12200000000000001
0.12000000000000001
0.11800000000000001
0.116
0.114
0.112
0.11
0.108
0.106
0.106
0.106
0.106
0.106
0.106
0.106
0.106
0.106
0.106
0.106
0.106
0.106
0.106
0.106
0.104
0.102
0.10000000000000002
0.09600000000000002
0.09200000000000001
0.08800000000000001
0.082
0.076
0.06999999999999999
0.064
0.062
0.06
0.057999999999999996
0.05600000000000001
0.054000000000000006
0.052000000000000005
0.048
0.044
0.039999999999999994
0.036000000000000004
0.034
0.032
0.030000000000000002
0.026000000000000002
0.024
0.022000000000000002
0.020000000000000004
0.016
0.012
0.008
0.006
0.004
0.002
0.0
0.0
0.0
0.0
0.0
0.0
0.0
0.0
0.0
0.0
0.0
0.0
0.0
0.0
0.0
0.0
0.0
0.0
0.0
0.0
0.0
0.0
0.0
0.0
0.0
0.0
0.0
0.0
0.0
0.0
0.0
0.0
0.0
0.0
0.0
0.0
0.0
0.0
0.0
0.0
0.0
0.0
0.0
0.0
0.0
0.0
0.0
0.0
0.0
0.0
0.0
0.0
0.0
0.0
0.0
0.0
0.0
0.0
0.0
0.0
0.0
0.0
0.0
0.0
0.0
0.0
0.0
0.0
0.0
0.0
0.0
0.0
0.0
0.0
0.0
0.0
0.0
0.0
0.0
0.0
0.0
0.0
0.0
0.0
0.0
0.0
0.0
0.0
0.0
0.0
0.0
0.0
0.0
0.0
0.0
0.0
0.0
0.0
0.0
0.0
0.0
0.0
0.0
0.0
0.0
0.0
0.0
0.0
0.0
0.002
0.004
0.006
0.008
0.01
0.012
0.014000000000000002
0.016
0.018
0.02
0.022
0.024
0.028000000000000004
0.032
0.036
0.04
0.044
0.048
0.052000000000000005
0.05600000000000001
0.06
0.064
0.068
0.072
0.076
0.08
0.08399999999999999
0.088
0.092
0.096
0.1
0.10400000000000001
0.10800000000000001
0.11200000000000002
0.11599999999999999
0.12
0.124
0.128
0.132
0.136
0.13999999999999999
0.144
0.148
0.152
0.156
0.16
0.16399999999999998
0.16799999999999998
0.172
0.176
0.18
0.184
0.188
0.192
0.196
0.2
0.20400000000000001
0.21000000000000002
0.21600000000000003
0.22200000000000003
0.22200000000000003
0.22200000000000003
0.22200000000000003
0.22200000000000003
0.22200000000000003
0.22200000000000003
0.22200000000000003
0.22200000000000003
0.22200000000000003
0.22200000000000003
0.22200000000000003
0.22200000000000003
0.22200000000000003
0.22200000000000003
0.22200000000000003
0.22200000000000003
0.22200000000000003
0.22200000000000003
0.22200000000000003
0.22200000000000003
0.22200000000000003
0.22200000000000003
0.22200000000000003
0.22200000000000003
0.22400000000000003
0.22599999999999998
0.22799999999999998
0.22999999999999998
0.22999999999999998
0.22999999999999998
0.22999999999999998
0.22999999999999998
0.22999999999999998
0.22999999999999998
0.22999999999999998
0.22999999999999998
0.22999999999999998
0.22999999999999998
0.22999999999999998
0.22999999999999998
0.22799999999999998
0.22599999999999998
0.22400000000000003
0.22200000000000003
0.22000000000000003
0.21800000000000003
0.21600000000000003
0.21400000000000002
0.21200000000000002
0.21000000000000002
0.20800000000000002
0.20600000000000002
0.202
0.198
0.194
0.19
0.186
0.182
0.178
0.174
0.16999999999999998
0.16799999999999998
0.166
0.166
0.166
0.166
0.164
0.162
0.16
0.158
0.156
0.154
0.152
0.15
0.148
0.14600000000000002
0.14400000000000002
0.14200000000000002
0.14
0.14
0.138
0.134
0.13
0.126
0.12200000000000001
0.11800000000000001
0.114
0.11
0.106
0.102
0.09799999999999999
0.09399999999999999
0.09
0.086
0.08199999999999999
0.078
0.074
0.06799999999999999
0.062000000000000006
0.056
0.056
0.056
0.056
0.056
0.056
0.056
0.056
0.056
0.056
0.056
0.056
0.056
0.056
0.056
0.056
0.056
0.056
0.056
0.056
0.056
0.056
0.056
0.056
0.056
0.054
0.052
0.05
0.048
0.048
0.048
0.048
0.048
0.048
0.048
0.048
0.048
0.048
0.048
0.048
0.05
0.052
0.054
0.054
0.055999999999999994
0.057999999999999996
0.06
0.062
0.064
0.066
0.068
0.07
0.07200000000000001
0.07200000000000001
0.07200000000000001
0.07200000000000001
0.07200000000000001
0.07200000000000001
0.07200000000000001
0.07200000000000001
0.07200000000000001
0.07200000000000001
0.07
0.068
0.064
0.06
0.055999999999999994
0.05399999999999999
0.052000000000000005
0.05
0.048
0.046
0.044
0.041999999999999996
0.039999999999999994
0.038
0.036
0.034
0.032
0.03
0.026
0.024
0.024
0.024
0.024
0.024
0.024
0.024
0.024
0.024
0.024
0.024
0.024
0.024
0.024
0.024
0.024
0.024
0.024
0.024
0.024
0.024
0.024
0.024
0.024
0.024
0.024
0.024
0.024
0.024
0.024
0.024
0.024
0.024
0.024
0.024
0.024
0.024
0.024
0.024
0.024
0.024
0.024
0.024
0.024
0.024
0.024
0.024
0.024
0.024
0.024
0.024
0.024
0.024
0.024
0.024
0.024
0.024
0.024
0.024
0.022
0.019999999999999997
0.018
0.018
0.016
0.014000000000000002
0.012
0.01
0.008
0.006
0.004
0.002
0.0
0.0
0.0
0.0
0.0
0.0
0.0
0.0
0.0
0.0
0.0
0.0
0.0
0.0
0.0
0.0
0.0
0.0
0.0
0.0
0.0
0.0
0.0
0.0
0.0
0.0
0.0
0.0
0.0
0.0
0.0
0.0
0.0
0.0
0.0
0.0
0.0
0.0
0.0
0.0
0.0
0.0
0.0
0.0
0.0
0.0
0.0
0.0
0.0
0.0
0.0
0.0
0.0
0.0
0.0
0.0
0.0
0.0
0.0
0.0
0.0
0.0
0.0
0.0
0.0
0.0
0.0
0.0
0.0
0.0
0.0
0.0
0.0
0.0
0.0
0.0
0.0
0.0
0.0
0.0
0.0
0.0
0.0
0.0
0.0
0.0
0.0
0.0
0.0
0.0
0.0
0.0
0.0
0.0
0.0
0.0
0.0
0.0
0.0
0.0
0.0
0.0
0.0
0.0
0.0
0.0
0.0
0.0
0.0
0.0
0.0
0.0
0.0
0.0
0.0
0.0
0.0
0.0
0.0
0.0
0.0
0.0
0.0
0.0
0.0
0.0
0.0
0.0
0.0
0.0
0.0
0.0
0.0
0.0
0.0
0.0
0.0
0.0
0.0
0.0
0.0
0.0
0.0
0.0
0.0
0.0
0.0
0.0
0.0
0.0
0.0
0.0
0.0
0.0
0.0
0.0
0.0
0.0
0.0
0.0
0.0
0.0
0.0
0.0
0.0
0.0
0.0
0.0
0.0
0.0
0.0
0.0
0.0
0.0
0.0
0.0
0.0
0.0
0.0
0.0
0.0
0.0
0.0
0.0
0.0
0.0
0.0
0.0
0.0
0.0
0.0
0.0
0.0
0.0
0.0
0.0
0.0
0.0
0.0
0.0
0.0
0.0
0.0
0.0
0.0
0.0
0.0
0.0
0.0
0.0
0.0
0.0
0.0
0.0
0.0
0.0
0.0
0.0
0.0
0.0
0.0
0.0
0.0
0.0
0.0
0.0
0.0
0.0
0.0
0.0
0.0
0.0
0.0
0.0
0.0
0.0
0.0
0.0
0.0
0.0
0.0
0.0
0.0
0.0
0.0
0.0
0.0
0.0
0.0
0.0
0.0
0.0
0.0
0.0
0.0
0.0
0.0
0.0
0.0
0.0
0.0
0.0
0.0
0.0
0.0
0.0
0.0
0.0
0.0
0.0
0.0
0.0
0.0
0.0
0.0
0.0
0.0
0.0
0.0
0.0
0.0
0.0
0.0
0.0
0.0
0.0
0.0
0.0
0.0
0.0
0.0
0.0
0.0
0.0
0.0
0.0
0.002
0.002
0.002
0.002
0.002
0.002
0.002
0.002
0.002
0.002
0.002
0.002
0.002
0.002
0.002
0.002
0.002
0.002
0.002
0.002
0.002
0.002
0.002
0.002
0.002
0.002
0.002
0.002
0.002
0.002
0.002
0.002
0.002
0.002
0.002
0.002
0.002
0.002
0.002
0.002
0.002
0.002
0.002
0.002
0.002
0.002
0.002
0.002
0.002
0.002
0.002
0.002
0.002
0.002
0.002
0.002
0.002
0.002
0.002
0.002
0.002
0.002
0.002
0.002
0.002
0.002
0.002
0.002
0.002
0.002
0.002
0.002
0.002
0.002
0.002
0.002
0.002
0.002
0.002
0.002
0.002
0.002
0.002
0.002
0.002
0.002
0.002
0.002
0.002
0.002
0.002
0.002
0.002
0.002
0.002
0.002
0.002
0.002
0.002
0.002
0.0
0.0
0.0
0.0
0.0
0.0
0.0
0.0
0.0
0.0
0.0
0.0
0.0
0.0
0.0
0.0
0.0
0.0
0.0
0.0
0.0
0.0
0.0
0.0
0.0
0.0
0.0
0.0
0.0
0.0
0.0
0.0
0.0
0.0
0.0
0.0
0.0
0.0
0.0
0.0
0.0
0.0
0.0
0.0
0.0
0.0
0.0
0.0
0.0
0.0
0.0
0.0
0.0
0.0
0.0
0.0
0.0
0.0
0.0
0.0
0.0
0.0
0.0
0.0
0.0
0.0
0.0
0.0
0.0
0.0
0.0
0.0
0.0
0.0
0.0
0.0
0.0
0.0
0.0
0.0
0.0
0.0
0.0
0.0
0.0
0.0
0.0
0.0
0.0
0.0
0.0
0.0
0.0
0.0
0.0
0.0
0.0
0.0
0.0
0.0
0.0
0.0
0.0
0.0
0.002
0.004
0.006
0.008
0.01
0.01
0.01
0.01
0.01
0.01
0.01
0.01
0.01
0.01
0.01
0.01
0.01
0.01
0.01
0.01
0.01
0.01
0.01
0.01
0.01
0.01
0.01
0.01
0.01
0.01
0.01
0.01
0.01
0.01
0.01
0.01
0.01
0.01
0.01
0.01
0.01
0.01
0.01
0.01
0.01
0.01
0.01
0.01
0.01
0.01
0.01
0.01
0.01
0.01
0.01
0.01
0.01
0.01
0.01
0.01
0.01
0.01
0.01
0.01
0.01
0.01
0.01
0.01
0.01
0.01
0.01
0.01
0.01
0.01
0.01
0.01
0.01
0.01
0.01
0.01
0.01
0.01
0.01
0.01
0.01
0.01
0.01
0.01
0.01
0.01
0.01
0.01
0.01
0.01
0.01
0.01
0.01
0.01
0.01
0.01
0.008
0.006
0.004
0.002
0.0
0.0
0.0
0.0
0.0
0.0
0.0
0.0
0.0
0.0
0.0
0.0
0.0
0.0
0.0
0.0
0.0
0.0
0.0
0.0
0.0
0.0
0.0
0.0
0.0
0.0
0.0
0.0
0.0
0.0
0.0
0.0
0.0
0.0
0.0
0.0
0.0
0.0
0.0
0.0
0.0
0.0
0.0
0.0
0.0
0.0
0.0
0.0
0.0
0.0
0.0
0.0
0.0
0.0
0.0
0.0
0.0
0.0
0.0
0.0
0.0
0.0
0.0
0.0
0.0
0.0
0.0
0.0
0.0
0.0
0.0
0.0
0.0
0.0
0.0
0.0
0.0
0.0
0.0
0.0
0.0
0.0
0.0
0.0
0.0
0.0
0.0
0.0
0.0
0.0
0.0
0.0
0.0
0.0
0.0
0.0
