0.049999999999999996
0.054
0.058
0.060000000000000005
0.062000000000000006
0.06600000000000002
0.07
0.07200000000000001
0.07400000000000001
0.07600000000000001
0.07800000000000001
0.08199999999999999
0.086
0.092
0.098
0.1
0.10200000000000001
0.104
0.106
0.11
0.116
0.12
0.126
0.13
0.136
0.14400000000000002
0.15399999999999997
0.16399999999999998
0.178
0.19
0.208
0.224
0.24000000000000002
0.26
0.28
0.29800000000000004
0.31599999999999995
0.32799999999999996
0.33999999999999997
0.352
0.364
0.376
0.388
0.398
0.41000000000000003
0.42
0.43
0.436
0.442
0.448
0.454
0.456
0.458
0.46
0.462
0.468
0.47400000000000003
0.48000000000000004
0.48600000000000004
0.49200000000000005
0.504
0.514
0.524
0.534
0.544
0.556
0.5680000000000001
0.584
0.602
0.62
0.64
0.66
0.68
0.6940000000000001
0.7100000000000001
0.7260000000000001
0.7440000000000001
0.7620000000000001
0.78
0.798
0.8159999999999998
0.8359999999999999
0.8559999999999999
0.8799999999999999
0.9019999999999999
0.9239999999999999
0.946
0.968
0.992
1.016
1.042
1.072
1.106
1.1340000000000001
1.162
1.194
1.228
1.266
1.306
1.35
1.3979999999999997
1.444
1.492
1.544
1.596
1.646
1.696
1.734
1.77
1.8119999999999998
1.854
1.896
1.942
1.974
1.998
2.024
2.052
2.072
2.088
2.104
2.12
2.134
2.1479999999999997
2.164
2.178
2.1900000000000004
2.202
2.216
2.224
2.238
2.246
2.254
2.26
2.262
2.266
2.27
2.2760000000000002
2.29
2.31
2.334
2.358
2.3739999999999997
2.39
2.414
2.44
2.472
2.5039999999999996
2.54
2.58
2.6180000000000003
2.654
2.6959999999999997
2.7380000000000004
2.784
2.83
2.876
2.924
2.972
3.0200000000000005
3.056
3.082
3.112
3.146
3.1640000000000006
3.178
3.192
3.2060000000000004
3.2199999999999998
3.24
3.2540000000000004
3.2620000000000005
3.274
3.2860000000000005
3.302
3.3179999999999996
3.34
3.36
3.3719999999999994
3.384
3.398
3.4139999999999997
3.4339999999999997
3.4579999999999997
3.476
3.4959999999999996
3.5199999999999996
3.5500000000000003
3.58
3.6079999999999997
3.642
3.676
3.706
3.734
3.774
3.8200000000000003
3.862
3.9000000000000004
3.9280000000000004
3.956
3.9799999999999995
4.01
4.036
4.058
4.08
4.101999999999999
4.12
4.136
4.168
4.204
4.234
4.266
4.276
4.272
4.282
4.3
4.318
4.332
4.356
4.382
4.4079999999999995
4.438000000000001
4.475999999999999
4.518
4.5600000000000005
4.606
4.646
4.682
4.722
4.772
4.816
4.862
4.912
4.964
5.013999999999999
5.066000000000001
5.122
5.182
5.24
5.295999999999999
5.337999999999999
5.376
5.4239999999999995
5.474
5.507999999999999
5.536
5.566000000000001
5.6
5.638
5.675999999999999
5.7219999999999995
5.7700000000000005
5.816
5.866
5.9079999999999995
5.948
5.986000000000001
6.028
6.064
6.094000000000001
6.1419999999999995
6.2
6.25
6.3
6.366
6.436
6.497999999999999
6.556
6.6
6.632
6.67
6.718
6.766
6.820000000000001
6.869999999999999
6.916
6.96
7.003999999999999
7.062000000000001
7.122
7.172000000000001
7.215999999999999
7.2459999999999996
7.271999999999999
7.3020000000000005
7.332000000000001
7.351999999999999
7.362
7.372
7.388000000000001
7.393999999999999
7.398
7.404
7.422000000000001
7.43
7.432
7.4239999999999995
7.4159999999999995
7.417999999999999
7.428000000000001
7.428
7.411999999999999
7.394
7.378
7.353999999999999
7.334
7.32
7.308
7.288
7.271999999999999
7.256
7.2379999999999995
7.246
7.274
7.304
7.340000000000001
7.388000000000001
7.438000000000001
7.478
7.518
7.558
7.596
7.629999999999999
7.664
7.694000000000001
7.724
7.77
7.824
7.864
7.892
7.911999999999999
7.922000000000001
7.93
7.938000000000001
7.952
7.965999999999999
7.982
7.998
8.018
8.038
8.072000000000001
8.124
8.164000000000001
8.196
8.224
8.252
8.268
8.282
8.294
8.306000000000001
8.32
8.34
8.356
8.368
8.383999999999999
8.404
8.432
8.458
8.49
8.532
8.580000000000002
8.624
8.678
8.738
8.802
8.868
8.93
8.988
9.052
9.122
9.19
9.25
9.308
9.363999999999999
9.414000000000001
9.462
9.506
9.55
9.59
9.634
9.678
9.72
9.766
9.818
9.874
9.93
9.990000000000002
10.058
10.129999999999999
10.202000000000002
10.276
10.355999999999998
10.428
10.482
10.536
10.582
10.636
10.698
10.762
10.824000000000002
10.898
10.986
11.074
11.170000000000002
11.271999999999998
11.378
11.482
11.586
11.69
11.783999999999999
11.886
11.990000000000002
12.094
12.192
12.283999999999999
12.37
12.442
12.512
12.584
12.661999999999999
12.728
12.79
12.848000000000003
12.892
12.936
12.976
13.017999999999999
13.054
13.106
13.172
13.26
13.36
13.456
13.552
13.638000000000002
13.72
13.788
13.848000000000003
13.911999999999999
13.98
14.036000000000001
14.079999999999998
14.138000000000002
14.207999999999998
14.296
14.395999999999997
14.514
14.632000000000001
14.751999999999999
14.876
14.989999999999998
15.099999999999998
15.209999999999997
15.332
15.454
15.578
15.688
15.786
15.882000000000001
15.972000000000001
16.044
16.108
16.163999999999998
16.208000000000002
16.240000000000002
16.26
16.29
16.338
16.386
16.439999999999998
16.490000000000002
16.54
16.587999999999997
16.634
16.694
16.766
16.842000000000002
16.912
16.966
17.012
17.060000000000002
17.116
17.17
17.220000000000002
17.25
17.266
17.282
17.292
17.3
17.306
17.316
17.322
17.322000000000003
17.326
17.334
17.354
17.381999999999998
17.416
17.438000000000002
17.46
17.486
17.512
17.55
17.592000000000002
17.63
17.664
17.7
17.742
17.792
17.85
17.896
17.938000000000002
17.97
17.986
18.008000000000003
18.03
18.061999999999998
18.098
18.142000000000003
18.2
18.264
18.328
18.398
18.484
18.576
18.668
18.73
18.774
18.808
18.830000000000002
18.845999999999997
18.86
18.886000000000003
18.918
18.962000000000003
19.002
19.061999999999998
19.137999999999998
19.2
19.252
19.308
19.362000000000002
19.414
19.464
19.516
19.56
19.598
19.636
19.662
19.674
19.674
19.657999999999998
19.628
19.592
19.552
19.514
19.488
19.484
19.492
19.508
19.526
19.544
19.564
19.594
19.642
19.701999999999998
19.759999999999998
19.802
19.832
19.848
19.874
19.916
19.956000000000003
19.99
20.016000000000002
20.026
20.03
20.05
20.084000000000003
20.113999999999997
20.144
20.166
20.201999999999998
20.244
20.314
20.416
20.526
20.644
20.768
20.896
21.036
21.192
21.372
21.560000000000002
21.75
21.942
22.122
22.29
22.472
22.65
22.816
22.968
23.112000000000002
23.242
23.38
23.528
23.669999999999998
23.81
23.938000000000002
24.052000000000003
24.148000000000003
24.228
24.301999999999996
24.374
24.438000000000002
24.496
24.546
24.6
24.652
24.701999999999998
24.757999999999996
24.814
24.862000000000002
24.9
24.926
24.950000000000003
25.002000000000002
25.088
25.174
25.263999999999996
25.354
25.454
25.552
25.650000000000002
25.751999999999995
25.868
25.988
26.1
26.222
26.345999999999997
26.47
26.606
26.747999999999998
26.896
27.036
27.174000000000003
27.314
27.456
27.618
27.804000000000002
28.01
28.240000000000002
28.485999999999997
28.724
28.953999999999997
29.172
29.374
29.575999999999997
29.770000000000003
29.958
30.16
30.381999999999998
30.624000000000002
30.874
31.116
31.355999999999998
31.604
31.867999999999995
32.158
32.46
32.757999999999996
33.034
33.306
33.58
33.854
34.138
34.424
34.702
34.968
35.233999999999995
35.495999999999995
35.766000000000005
36.013999999999996
36.25
36.47
36.664
36.844
37.008
37.15
37.274
37.373999999999995
37.443999999999996
37.49
37.524
37.55
37.58
37.620000000000005
37.674
37.714
37.760000000000005
37.80800000000001
37.855999999999995
37.908
37.971999999999994
38.042
38.116
38.196
38.272
38.372
38.488
38.623999999999995
38.782000000000004
38.944
39.126
39.306000000000004
39.484
39.662
39.842
40.023999999999994
40.204
40.39
40.582
40.786
41.001999999999995
41.238
41.472
41.698
41.914
42.13
42.34
42.532
42.699999999999996
42.864
43.032
43.198
43.36
43.526
43.706
43.891999999999996
44.086
44.294
44.504000000000005
44.73
44.96
45.196
45.42999999999999
45.662000000000006
45.902
46.134
46.354
46.572
46.784000000000006
46.984
47.19
47.396
47.606
47.814
48.012
48.21000000000001
48.408
48.602000000000004
48.796
48.966
49.116
49.254000000000005
49.394
49.519999999999996
49.632
49.733999999999995
49.828
49.906
49.988
50.052
50.104000000000006
50.156
50.205999999999996
50.254
50.302
50.366
50.425999999999995
50.494
50.572
50.68
50.804
50.942
51.11
51.3
51.519999999999996
51.75599999999999
52.01
52.28
52.568000000000005
52.854
53.156
53.468
53.778000000000006
54.082
54.385999999999996
54.702
55.006
55.314
55.628
55.934
56.230000000000004
56.518
56.778
57.025999999999996
57.266
57.488
57.712
57.94
58.17400000000001
58.394
58.61
58.812
59.012
59.194
59.366
59.522
59.644
59.76
59.864000000000004
59.96
60.05800000000001
60.156
60.275999999999996
60.402
60.55
60.709999999999994
60.897999999999996
61.092
61.312
61.516
61.714
61.910000000000004
62.11399999999999
62.3
62.474
62.645999999999994
62.83
63.006
63.166000000000004
63.3
63.42
63.546
63.672
63.784
63.876
63.961999999999996
64.05199999999999
64.152
64.252
64.366
64.48400000000001
64.608
64.73
64.866
64.99600000000001
65.124
65.256
65.378
65.47
65.55199999999999
65.642
65.746
65.862
65.98400000000001
66.124
66.264
66.402
66.564
66.744
66.96600000000001
67.224
67.48599999999999
67.74199999999999
67.99
68.23599999999999
68.484
68.75
69.01400000000001
69.28
69.524
69.75399999999999
69.96799999999999
70.16
70.34
70.5
70.664
70.816
70.956
71.088
71.256
71.416
71.592
71.768
71.952
72.14
72.332
72.538
72.748
72.96600000000001
73.198
73.432
73.66
73.91
74.168
74.44200000000001
74.73400000000001
75.02799999999999
75.33600000000001
75.64800000000001
75.98
76.314
76.668
77.03399999999999
77.418
77.792
78.176
78.576
78.976
79.378
79.78800000000001
80.19200000000001
80.588
80.96799999999999
81.33000000000001
81.67
81.988
82.28
82.566
82.834
83.122
83.41
83.71199999999999
84.0
84.298
84.596
84.892
85.168
85.43800000000002
85.71199999999999
85.97800000000001
86.238
86.462
86.67399999999999
86.878
87.082
87.28
87.464
87.64000000000001
87.81800000000001
87.99600000000001
88.166
88.346
88.536
88.724
88.922
89.124
89.32400000000001
89.536
89.77199999999999
90.032
90.29400000000001
90.56200000000001
90.84200000000001
91.142
91.43799999999999
91.756
92.096
92.44200000000001
92.792
93.118
93.426
93.736
94.05000000000001
94.374
94.696
95.018
95.33800000000001
95.656
95.95599999999999
96.25800000000001
96.56800000000001
96.884
97.21
97.53200000000001
97.862
98.17800000000001
98.504
98.84
99.184
99.514
99.85
100.172
100.496
100.832
101.15400000000001
101.47000000000001
101.776
102.094
102.414
102.72600000000001
103.03399999999999
103.334
103.612
103.882
104.13
104.35
104.546
104.696
104.798
104.85400000000001
104.864
104.832
104.77000000000001
104.69
104.594
104.482
104.356
104.22200000000001
104.084
103.934
103.782
103.646
103.512
103.394
103.28399999999999
103.19
103.106
103.042
102.984
102.94200000000001
102.91399999999999
102.86200000000001
102.83
102.782
102.734
102.67999999999999
102.61800000000001
102.558
102.502
102.476
102.458
102.47
102.50800000000001
102.55799999999999
102.63
102.70599999999999
102.80199999999999
102.872
102.93
102.986
103.03
103.08200000000001
103.124
103.15
103.16799999999999
103.18200000000002
103.19800000000001
103.21199999999999
103.208
103.22200000000001
103.236
103.24399999999999
103.22600000000001
103.19
103.16199999999999
103.11999999999999
103.07199999999999
103.03
102.996
102.956
102.904
102.85600000000001
102.808
102.772
102.75800000000001
102.742
102.706
102.684
102.662
102.648
102.634
102.62599999999999
102.614
102.598
102.554
102.50800000000001
102.456
102.414
102.368
102.316
102.244
102.16000000000001
102.076
101.976
101.878
101.772
101.662
101.52199999999999
101.36
101.19
101.024
100.872
100.74999999999999
100.648
100.578
100.53
100.5
100.49799999999999
100.54
100.644
100.794
100.98399999999998
101.184
101.40599999999999
101.656
101.928
102.21800000000002
102.51199999999999
102.816
103.12200000000001
103.42
103.696
103.976
104.256
104.542
104.828
105.12599999999999
105.406
105.69200000000001
105.96
106.22200000000001
106.492
106.742
107.00999999999999
107.26600000000002
107.53200000000001
107.818
108.124
108.43800000000002
108.74600000000001
109.05200000000002
109.35
109.63999999999999
109.922
110.19
110.44200000000001
110.668
110.9
111.12400000000001
111.34
111.55
111.744
111.92200000000001
112.096
112.27
112.436
112.592
112.738
112.894
113.03399999999999
113.164
113.292
113.41999999999999
113.548
113.662
113.77600000000001
113.9
114.01
114.11
114.21799999999999
114.33
114.44999999999999
114.58200000000001
114.728
114.876
115.00999999999999
115.154
115.294
115.442
115.598
115.74199999999999
115.864
115.98
116.11600000000001
116.26599999999999
116.438
116.62599999999999
116.80000000000001
116.99000000000001
117.166
117.34599999999999
117.52600000000001
117.7
117.874
118.04599999999999
118.234
118.434
118.64599999999999
118.862
119.08600000000001
119.30000000000001
119.52400000000002
119.734
119.95
120.15799999999999
120.364
120.568
120.786
121.00200000000001
121.21000000000001
121.428
121.662
121.91799999999998
122.16999999999999
122.42200000000001
122.68199999999999
122.95400000000001
123.23400000000001
123.51600000000002
123.80800000000002
124.112
124.428
124.75200000000001
125.082
125.418
125.738
126.024
126.31200000000001
126.586
126.848
127.106
127.362
127.636
127.904
128.174
128.432
128.686
128.922
129.142
129.336
129.524
129.722
129.914
130.12
130.328
130.56599999999997
130.812
131.078
131.37199999999999
131.67399999999998
132.0
132.342
132.714
133.098
133.484
133.88799999999998
134.31400000000002
134.75
135.196
135.642
136.11599999999999
136.6
137.09199999999998
137.592
138.096
138.59400000000002
139.072
139.548
139.998
140.452
140.90800000000002
141.35000000000002
141.774
142.17
142.544
142.928
143.314
143.684
144.048
144.402
144.758
145.116
145.456
145.774
146.08599999999998
146.374
146.634
146.892
147.13400000000001
147.36599999999999
147.594
147.814
148.012
148.19
148.352
148.476
148.57399999999998
148.668
148.778
148.89
149.008
149.118
149.234
149.346
149.44799999999998
149.548
149.642
149.732
149.832
149.92600000000002
150.004
150.074
150.15200000000002
150.22000000000003
150.288
150.344
150.37800000000001
150.412
150.444
150.48000000000002
150.524
150.58
150.63400000000001
150.682
150.702
150.74599999999998
150.822
150.922
151.046
151.18
151.31
151.458
151.596
151.736
151.88
152.024
152.17
152.324
152.484
152.668
152.856
153.03799999999998
153.224
153.396
153.56199999999998
153.726
153.9
154.052
154.19199999999998
154.34
154.476
154.60000000000002
154.72
154.854
154.998
155.12800000000001
155.23600000000002
155.326
155.402
155.45999999999998
155.5
155.51600000000002
155.51399999999998
155.488
155.45
155.4
155.33599999999998
155.268
155.214
155.154
155.102
155.038
154.986
154.944
154.908
154.87800000000001
154.85399999999998
154.85000000000002
154.86599999999999
154.894
154.94
155.004
155.084
155.168
155.26000000000002
155.372
155.5
155.652
155.812
155.978
156.14
156.316
156.508
156.716
156.94400000000002
157.21
157.478
157.752
158.026
158.27800000000002
158.516
158.752
158.982
159.19
159.406
159.626
159.852
160.072
160.29200000000003
160.526
160.76800000000003
161.01
161.244
161.49200000000002
161.74400000000003
162.004
162.284
162.546
162.798
163.028
163.23000000000002
163.40800000000002
163.584
163.73399999999998
163.874
163.994
164.07600000000002
164.13
164.168
164.20999999999998
164.252
164.284
164.31
164.334
164.346
164.382
164.412
164.458
164.508
164.55
164.61
164.65
164.696
164.748
164.79
164.812
164.816
164.832
164.826
164.80599999999998
164.80599999999998
164.802
164.798
164.774
164.74
164.714
164.67200000000003
164.65200000000002
164.624
164.61
164.598
164.596
164.61599999999999
164.672
164.748
164.834
164.94
165.058
165.17000000000002
165.28
165.404
165.544
165.69400000000002
165.826
165.962
166.106
166.244
166.36200000000002
166.466
166.52800000000002
166.58
166.62199999999999
166.66400000000002
166.696
166.704
166.704
166.704
166.666
166.622
166.568
166.506
166.43800000000002
166.302
166.12800000000001
165.926
165.69
165.446
165.158
164.856
164.56
164.26
163.94400000000002
163.62
163.3
162.974
162.644
162.32600000000002
162.012
161.68200000000002
161.344
161.002
160.66
160.346
160.02
159.7
159.38400000000001
159.06600000000003
158.752
158.448
158.14600000000002
157.856
157.52800000000002
157.18800000000002
156.852
156.524
156.19
155.87
155.542
155.18599999999998
154.816
154.42000000000002
154.002
153.562
153.096
152.63
152.136
151.634
151.10000000000002
150.584
150.06799999999998
149.54000000000002
149.06799999999998
148.62199999999999
148.188
147.76
147.348
146.952
146.57999999999998
146.24
145.92000000000002
145.574
145.244
144.93599999999998
144.626
144.324
144.01
143.71999999999997
143.426
143.14800000000002
142.878
142.622
142.376
142.108
141.82399999999998
141.50400000000002
141.192
140.858
140.50400000000002
140.158
139.81199999999998
139.44199999999998
139.04999999999998
138.63
138.222
137.79399999999998
137.36200000000002
136.936
136.526
136.106
135.714
135.332
134.96
134.58399999999997
134.242
133.93200000000002
133.624
133.31
133.004
132.70999999999998
132.454
132.236
131.998
131.846
131.72400000000002
131.596
131.5
131.40800000000002
131.304
131.222
131.152
131.106
131.06
131.016
131.00400000000002
130.986
130.95399999999998
130.904
130.844
130.794
130.732
130.654
130.576
130.494
130.418
130.356
130.292
130.212
130.16
130.108
130.06
130.012
130.01399999999998
130.014
130.038
130.068
130.1
130.13
130.184
130.262
130.348
130.464
130.596
130.76
130.936
131.11800000000002
131.298
131.48
131.676
131.822
131.964
132.114
132.244
132.352
132.454
132.586
132.736
132.89200000000002
133.02999999999997
133.16400000000002
133.272
133.392
133.498
133.582
133.684
133.79
133.91199999999998
134.044
134.168
134.3
134.432
134.544
134.63400000000001
134.738
134.836
134.96
135.072
135.198
135.332
135.484
135.658
135.85399999999998
136.06
136.286
136.506
136.742
136.952
137.14
137.304
137.452
137.59799999999998
137.70600000000002
137.81
137.912
137.988
138.06599999999997
138.154
138.238
138.326
138.406
138.472
138.51999999999998
138.564
138.59400000000002
138.634
138.68399999999997
138.716
138.77
138.89000000000001
138.996
139.094
139.166
139.25
139.324
139.376
139.438
139.526
139.624
139.736
139.85999999999999
139.996
140.16400000000002
140.34199999999998
140.5
140.626
140.69
140.714
140.724
140.696
140.642
140.57999999999998
140.514
140.426
140.34
140.22199999999998
140.088
139.954
139.816
139.654
139.484
139.31199999999998
139.118
138.906
138.692
138.498
138.322
138.162
138.008
137.84
137.7
137.56199999999998
137.41400000000002
137.26
137.086
136.91
136.72
136.524
136.322
136.118
135.908
135.71200000000002
135.522
135.314
135.07999999999998
134.84799999999998
134.524
134.17999999999998
133.784
133.348
132.92
132.454
131.98000000000002
131.51
131.03
130.548
130.052
129.53199999999998
128.99
128.432
127.83600000000001
127.236
126.624
126.016
125.406
124.77599999999998
124.13999999999999
123.50799999999998
122.89
122.29599999999999
121.72800000000001
121.166
120.62199999999999
120.07199999999999
119.542
119.026
118.52199999999999
118.012
117.518
117.03800000000001
116.54
116.03000000000002
115.49
114.97199999999998
114.444
113.89599999999999
113.34200000000001
112.782
112.19800000000001
111.584
110.97
110.35
109.77199999999999
109.176
108.564
107.982
107.4
106.814
106.23400000000001
105.626
105.002
104.37
103.71799999999999
103.05600000000001
102.404
101.786
101.188
100.60399999999998
100.034
99.46
98.904
98.384
97.858
97.34400000000001
96.824
96.326
95.81
95.33200000000001
94.86600000000001
94.41
93.94800000000001
93.47199999999998
92.984
92.498
91.99800000000002
91.48
90.956
90.418
89.88600000000001
89.346
88.798
88.25600000000001
87.714
87.166
86.612
86.05599999999998
85.47999999999999
84.88000000000001
84.26400000000001
83.646
83.012
82.37400000000001
81.72999999999999
81.098
80.488
79.846
79.29599999999999
78.74600000000001
78.236
77.764
77.272
76.786
76.304
75.836
75.37
74.91999999999999
74.488
74.072
73.67
73.264
72.85
72.42399999999999
71.988
71.584
71.17999999999999
70.804
70.438
70.086
69.73400000000001
69.388
69.05000000000001
68.68
68.334
67.96199999999999
67.564
67.15
66.718
66.28399999999999
65.846
65.398
64.96
64.526
64.13
63.744
63.362
62.992
62.64799999999999
62.29600000000001
61.946
61.620000000000005
61.296
60.966
60.608000000000004
60.27600000000001
59.958
59.6
59.238
58.866
58.464
58.06999999999999
57.682
57.263999999999996
56.858000000000004
56.468
56.064
55.69
55.35799999999999
55.05199999999999
54.774
54.51
54.26200000000001
53.998000000000005
53.754
53.52
53.306
53.081999999999994
52.878
52.647999999999996
52.418
52.202
52.01800000000001
51.84
51.698
51.565999999999995
51.437999999999995
51.314
51.192
51.086000000000006
50.976
50.900000000000006
50.844
50.806000000000004
50.784000000000006
50.78
50.81999999999999
50.870000000000005
50.944
51.018
51.086
51.14
51.192
51.25
51.312
51.384
51.46
51.568
51.666000000000004
51.802
51.94799999999999
52.094
52.22999999999999
52.364
52.476
52.57
52.644000000000005
52.705999999999996
52.76
52.815999999999995
52.88199999999999
52.97
53.092
53.236000000000004
53.39999999999999
53.554
53.694
53.832
53.942
54.038000000000004
54.138
54.222
54.308
54.42399999999999
54.519999999999996
54.646
54.782
54.93000000000001
55.076
55.208
55.32599999999999
55.44200000000001
55.554
55.666000000000004
55.763999999999996
55.85199999999999
55.93599999999999
56.034000000000006
56.126000000000005
56.242000000000004
56.388
56.532
56.672000000000004
56.833999999999996
57.006
57.148
57.282000000000004
57.394
57.49
57.56999999999999
57.664
57.746
57.806000000000004
57.894000000000005
57.972
58.012
58.044
58.04599999999999
58.01800000000001
57.946000000000005
57.837999999999994
57.733999999999995
57.622
57.513999999999996
57.404
57.292
57.184000000000005
57.082
56.992000000000004
56.904
56.848
56.788000000000004
56.708000000000006
56.616
56.498000000000005
56.384
56.27
56.147999999999996
56.016
55.882000000000005
55.739999999999995
55.574000000000005
55.386
55.15
54.9
54.62
54.312
53.994
53.664
53.35
53.05799999999999
52.78599999999999
52.54
52.306000000000004
52.086
51.86
51.635999999999996
51.378
51.098
50.772000000000006
50.424
50.064
49.702
49.366
49.05
48.748000000000005
48.468
48.182
47.903999999999996
47.64
47.37
47.092
46.826
46.524
46.218
45.896
45.592
45.29
45.03
44.768
44.486
44.204
43.910000000000004
43.62
43.346
43.07600000000001
42.816
42.548
42.286
42.048
41.826
41.62
41.44
41.288000000000004
41.144
41.013999999999996
40.886
40.756
40.634
40.484
40.30199999999999
40.111999999999995
39.908
39.7
39.482
39.288
39.111999999999995
38.962
38.812
38.674
38.541999999999994
38.44
38.346000000000004
38.242000000000004
38.126000000000005
38.028000000000006
37.940000000000005
37.846
37.751999999999995
37.698
37.668
37.638
37.598
37.550000000000004
37.5
37.446000000000005
37.374
37.30200000000001
37.226000000000006
37.14
37.02
36.885999999999996
36.742
36.608000000000004
36.483999999999995
36.34
36.186
36.025999999999996
35.844
35.65
35.468
35.296
35.129999999999995
34.978
34.82
34.672
34.528
34.388
34.252
34.104
33.954
33.808
33.653999999999996
33.494
33.31
33.134
32.946
32.784
32.635999999999996
32.501999999999995
32.386
32.28
32.184
32.076
31.965999999999998
31.849999999999998
31.74
31.642
31.54
31.432000000000002
31.334000000000003
31.232000000000003
31.111999999999995
31.008
30.900000000000002
30.804
30.712
30.624000000000002
30.514
30.400000000000002
30.292
30.178
30.064
29.951999999999998
29.83
29.698
29.549999999999997
29.407999999999998
29.261999999999997
29.106
28.948000000000004
28.764
28.558
28.336000000000002
28.112000000000002
27.878000000000004
27.642
27.386000000000003
27.11
26.848
26.59
26.332
26.104000000000003
25.882
25.674
25.458000000000002
25.244
25.024
24.814
24.612
24.42
24.216
24.01
23.806
23.614
23.424000000000003
23.234
23.052
22.876
22.694000000000003
22.502000000000002
22.306
22.118000000000002
21.922
21.718
21.498
21.273999999999997
21.04
20.809999999999995
20.587999999999997
20.374000000000002
20.184
20.014000000000003
19.85
19.698
19.566
19.446
19.343999999999998
19.268
19.188
19.102
19.008000000000003
18.918
18.836
18.758
18.689999999999998
18.62
18.55
18.476000000000003
18.402
18.319999999999997
18.226000000000003
18.124
18.018
17.918
17.81
17.704
17.604
17.51
17.428
17.34
17.252
17.17
17.08
17.002
16.928
16.844
16.75
16.652
16.560000000000002
16.462
16.376
16.294
16.214000000000002
16.13
16.028
15.908
15.776000000000002
15.637999999999998
15.508000000000001
15.386
15.276
15.165999999999999
15.042
14.906
14.772
14.648
14.514000000000001
14.378
14.235999999999999
14.094
13.958
13.822000000000001
13.682
13.543999999999999
13.409999999999998
13.288
13.185999999999998
13.102
13.04
13.004000000000001
12.972
12.932
12.878
12.82
12.774
12.732
12.69
12.652
12.61
12.554
12.506
12.462000000000002
12.43
12.402000000000001
12.356
12.290000000000001
12.214
12.132
12.054
11.974
11.894
11.814
11.742
11.676000000000002
11.627999999999998
11.594
11.581999999999999
11.574
11.564
11.55
11.516
11.468
11.422
11.366
11.297999999999998
11.224000000000002
11.149999999999999
11.072
11.0
10.924
10.854000000000001
10.784
10.72
10.660000000000002
10.592
10.516
10.448
10.382000000000001
10.32
10.272
10.228
10.19
10.138
10.081999999999999
10.033999999999999
9.991999999999999
9.952
9.913999999999998
9.867999999999999
9.818000000000001
9.774000000000001
9.726
9.688
9.648000000000001
9.614
9.59
9.556
9.516
9.468
9.422
9.378
9.328
9.277999999999999
9.218
9.164
9.113999999999999
9.064
9.016000000000002
8.982
8.956
8.911999999999999
8.852
8.798
8.751999999999999
8.714
8.678
8.652000000000001
8.628000000000002
8.614
8.6
8.59
8.582
8.58
8.584
8.581999999999999
8.576
8.578
8.578
8.568000000000001
8.548
8.522
8.486
8.452
8.418
8.376000000000001
8.329999999999998
8.296
8.262
8.222
8.186
8.148
8.114
8.080000000000002
8.043999999999999
8.022
8.018
8.021999999999998
8.038
8.052
8.072
8.102
8.14
8.154
8.146
8.134
8.112
8.089999999999998
8.064000000000002
8.034
7.994000000000001
7.957999999999999
7.928000000000001
7.905999999999999
7.888000000000001
7.887999999999999
7.891999999999999
7.892
7.890000000000001
7.892
7.893999999999999
7.896000000000001
7.896
7.894000000000001
7.886
7.87
7.858000000000001
7.834
7.808
7.784000000000001
7.749999999999999
7.71
7.664000000000001
7.6259999999999994
7.592
7.558
7.526
7.492
7.4559999999999995
7.42
7.386
7.35
7.318
7.294
7.268000000000001
7.2299999999999995
7.185999999999999
7.158000000000001
7.136
7.12
7.106
7.080000000000001
7.0520000000000005
7.018000000000001
6.9959999999999996
6.974
6.962000000000001
6.960000000000001
6.962
6.946
6.9239999999999995
6.918
6.93
6.942
6.954000000000001
6.957999999999999
6.952
6.930000000000001
6.902
6.864
6.824
6.788
6.752
6.708
6.662000000000001
6.624
6.592
6.549999999999999
6.51
6.4719999999999995
6.44
6.416
6.396
6.384
6.372
6.364
6.36
6.349999999999999
6.342
6.335999999999999
6.328000000000001
6.322
6.314
6.311999999999999
6.3100000000000005
6.3100000000000005
6.31
6.298
6.279999999999999
6.264
6.25
6.232
6.2
6.176
6.1659999999999995
6.156000000000001
6.1499999999999995
6.148
6.148
6.1499999999999995
6.166
6.176
6.1819999999999995
6.186000000000001
6.2
6.198
6.188
6.176
6.164000000000001
6.150000000000001
6.138000000000001
6.128000000000001
6.12
6.11
6.101999999999999
6.090000000000001
6.078
6.071999999999999
6.07
6.06
6.056
6.045999999999999
6.032
6.016000000000001
6.002
5.988
5.968
5.95
5.936000000000001
5.919999999999999
5.9079999999999995
5.898
5.8839999999999995
5.8580000000000005
5.827999999999999
5.8
5.773999999999999
5.744
5.716000000000001
5.688000000000001
5.66
5.646000000000001
5.63
5.608
5.574
5.54
5.5
5.454000000000001
5.406
5.372000000000001
5.344000000000001
5.31
5.274
5.244
5.216
5.194
5.178000000000001
5.172
5.1739999999999995
5.182
5.192
5.1979999999999995
5.207999999999999
5.215999999999999
5.218
5.2219999999999995
5.2219999999999995
5.220000000000001
5.2139999999999995
5.2059999999999995
5.194
5.18
5.164
5.154
5.1419999999999995
5.1240000000000006
5.104000000000001
5.0760000000000005
5.042000000000001
5.006
4.972
4.933999999999999
4.894
4.846
4.798
4.738
4.672000000000001
4.619999999999999
4.57
4.516
4.464
4.412
4.372
4.346
4.324000000000001
4.306000000000001
4.284000000000001
4.256
4.232
4.204000000000001
4.167999999999999
4.144
4.132
4.12
4.096
4.068
4.046
4.028
4.014
4.0040000000000004
4.0
3.992
3.982
3.966
3.9459999999999997
3.936
3.9320000000000004
3.926
3.9159999999999995
3.8979999999999997
3.872
3.856
3.85
3.8480000000000003
3.846
3.84
3.8360000000000003
3.822
3.8040000000000003
3.79
3.78
3.7680000000000002
3.758
3.754
3.7560000000000002
3.7640000000000002
3.7720000000000002
3.784
3.7939999999999996
3.808
3.818
3.824
3.834
3.8599999999999994
3.8980000000000006
3.934
3.9700000000000006
4.0
4.0280000000000005
4.0520000000000005
4.074
4.108
4.144
4.176
4.212000000000001
4.236
4.2620000000000005
4.296
4.332
4.36
4.386000000000001
4.404
4.412
4.4239999999999995
4.438
4.45
4.46
4.4719999999999995
4.484
4.486
4.482
4.476
4.472
4.464
4.456
4.44
4.418
4.402
4.394
4.392
4.388000000000001
4.388
4.388
4.390000000000001
4.392
4.414
4.438
4.46
4.484
4.4959999999999996
4.502000000000001
4.510000000000001
4.514
4.521999999999999
4.5360000000000005
4.548
4.56
4.56
4.554
4.556
4.561999999999999
4.564
4.56
4.552
4.548
4.556
4.568
4.58
4.592
4.6
4.6000000000000005
4.6
4.6
4.6080000000000005
4.624
4.638
4.65
4.6579999999999995
4.664000000000001
4.682
4.704000000000001
4.732
4.7620000000000005
4.7940000000000005
4.8260000000000005
4.8580000000000005
4.888
4.922000000000001
4.958
4.981999999999999
4.996
5.01
5.0200000000000005
5.026000000000001
5.0280000000000005
5.032
5.038
5.0440000000000005
5.054
5.056
5.058000000000001
5.061999999999999
5.066
5.054
5.032
5.004
4.9719999999999995
4.946000000000001
4.924
4.909999999999999
4.898
4.88
4.8580000000000005
4.824000000000001
4.778
4.739999999999999
4.6979999999999995
4.656
4.613999999999999
4.574
4.529999999999999
4.492
4.462000000000001
4.438
4.4159999999999995
4.394000000000001
4.378
4.356
4.342
4.34
4.342
4.342
4.34
4.34
4.34
4.35
4.364
4.386
4.404
4.422
4.44
4.450000000000001
4.4559999999999995
4.454
4.45
4.427999999999999
4.403999999999999
4.381999999999999
4.358
4.351999999999999
4.347999999999999
4.348
4.346
4.342
4.332
4.318
4.306
4.288
4.268
4.252
4.236
4.226
4.220000000000001
4.216
4.214
4.212
4.21
4.21
4.208
4.204
4.198
4.186
4.172
4.148
4.116
4.088
4.056000000000001
4.03
4.008
3.994
3.98
3.962
3.942
3.916
3.8860000000000006
3.858
3.8280000000000003
3.788
3.7359999999999998
3.696
3.658
3.6220000000000003
3.5920000000000005
3.5700000000000003
3.5480000000000005
3.528
3.5100000000000002
3.486
3.458
3.4320000000000004
3.406
3.376
3.3400000000000003
3.316
3.2960000000000003
3.29
3.292
3.2980000000000005
3.304
3.3120000000000003
3.32
3.324
3.33
3.3419999999999996
3.3640000000000003
3.378
3.3920000000000003
3.406
3.418
3.4379999999999997
3.4579999999999997
3.4819999999999998
3.502
3.5159999999999996
3.53
3.5380000000000003
3.538
3.532
3.512
3.4820000000000007
3.452
3.428
3.408
3.3859999999999997
3.364
3.35
3.338
3.32
3.3019999999999996
3.2800000000000002
3.2620000000000005
3.2460000000000004
3.234
3.2300000000000004
3.2299999999999995
3.24
3.256
3.274
3.292
3.308
3.324
3.33
3.3399999999999994
3.348
3.36
3.368
3.372
3.384
3.394
3.4
3.404
3.4059999999999997
3.408
3.41
3.4080000000000004
3.41
3.412
3.4
3.388
3.3800000000000003
3.3740000000000006
3.368
3.362
3.368
3.38
3.3899999999999997
3.4
3.408
3.414
3.416
3.4160000000000004
3.406
3.39
3.37
3.3480000000000003
3.322
3.3000000000000003
3.2880000000000003
3.286
3.2880000000000003
3.2940000000000005
3.302
3.306
3.31
3.314
3.308
3.2980000000000005
3.2900000000000005
3.2820000000000005
3.2720000000000007
3.262
3.254
3.2520000000000002
3.25
3.2520000000000002
3.2479999999999998
3.238
3.226
3.2120000000000006
3.188
3.1620000000000004
3.132
3.098
3.068
3.0340000000000003
3.0100000000000002
2.988
2.962
2.936
2.908
2.88
2.852
2.824
2.8020000000000005
2.7800000000000007
2.7560000000000002
2.7320000000000007
2.72
2.714
2.7159999999999997
2.72
2.724
2.728
2.7319999999999998
2.7380000000000004
2.74
2.742
2.738
2.732
2.7239999999999998
2.7119999999999997
2.696
2.6799999999999997
2.662
2.6419999999999995
2.622
2.598
2.572
2.55
2.526
2.5039999999999996
2.4879999999999995
2.468
2.4399999999999995
2.4099999999999997
2.38
2.35
2.324
2.302
2.28
2.262
2.2459999999999996
2.234
2.2219999999999995
2.21
2.1939999999999995
2.176
2.17
2.164
2.1540000000000004
2.142
2.1359999999999997
2.13
2.1199999999999997
2.106
2.0879999999999996
2.072
2.056
2.04
2.02
2.0020000000000002
1.9980000000000002
2.0
2.004
2.008
2.0180000000000002
2.026
2.034
2.04
2.038
2.032
2.024
2.018
2.01
2.002
2.0
2.0
2.004
2.0060000000000002
2.012
2.022
2.0300000000000002
2.036
2.036
2.032
2.0300000000000002
2.028
2.0180000000000002
2.008
2.002
1.996
1.9980000000000002
2.004
2.0100000000000002
2.018
2.02
2.0220000000000002
2.0180000000000002
2.0100000000000002
2.0020000000000002
1.996
1.9820000000000002
1.9680000000000002
1.9500000000000002
1.9340000000000002
1.9240000000000002
1.9160000000000001
1.9060000000000001
1.8960000000000001
1.8860000000000001
1.874
1.858
1.838
1.818
1.796
1.7720000000000002
1.7460000000000002
1.728
1.712
1.7
1.688
1.6820000000000002
1.6740000000000002
1.664
1.6520000000000001
1.636
1.62
1.6039999999999999
1.584
1.5639999999999998
1.54
1.516
1.494
1.48
1.466
1.458
1.454
1.4520000000000002
1.45
1.446
1.4420000000000002
1.4360000000000002
1.4220000000000002
1.4080000000000001
1.396
1.386
1.376
1.37
1.366
1.368
1.3760000000000001
1.3820000000000001
1.3880000000000001
1.3880000000000001
1.388
1.39
1.39
1.388
1.388
1.39
1.3900000000000001
1.3840000000000001
1.3780000000000001
1.378
1.3820000000000001
1.3760000000000001
1.3760000000000001
1.3699999999999999
1.364
1.3619999999999999
1.3619999999999999
1.36
1.356
1.352
1.348
1.344
1.338
1.33
1.322
1.312
1.298
1.2820000000000003
1.264
1.2500000000000002
1.2360000000000002
1.2160000000000002
1.1960000000000002
1.1840000000000002
1.1720000000000002
1.1600000000000001
1.1520000000000001
1.1440000000000001
1.1340000000000001
1.124
1.114
1.11
1.106
1.108
1.112
1.114
1.116
1.1260000000000001
1.1400000000000001
1.1520000000000001
1.1600000000000001
1.1660000000000001
1.1740000000000002
1.1820000000000002
1.1900000000000002
1.1960000000000002
1.2020000000000002
1.212
1.226
1.242
1.258
1.276
1.294
1.3079999999999998
1.3200000000000003
1.334
1.3479999999999999
1.362
1.376
1.388
1.3980000000000001
1.4100000000000001
1.422
1.432
1.44
1.448
1.456
1.46
1.466
1.472
1.476
1.48
1.482
1.482
1.482
1.484
1.484
1.476
1.4660000000000002
1.456
1.4440000000000002
1.432
1.4220000000000002
1.408
1.3920000000000001
1.372
1.348
1.326
1.306
1.29
1.276
1.264
1.252
1.244
1.234
1.226
1.218
1.214
1.21
1.21
1.212
1.22
1.222
1.23
1.238
1.238
1.236
1.236
1.238
1.2380000000000002
1.238
1.24
1.242
1.244
1.246
1.248
1.25
1.256
1.262
1.27
1.28
1.294
1.31
1.318
1.33
1.34
1.3499999999999999
1.3599999999999999
1.372
1.38
1.3860000000000001
1.392
1.3980000000000001
1.4040000000000001
1.4120000000000001
1.42
1.426
1.424
1.4200000000000002
1.4180000000000001
1.4160000000000001
1.416
1.4160000000000001
1.416
1.4160000000000001
1.4180000000000001
1.4200000000000002
1.4160000000000001
1.4060000000000001
1.3960000000000001
1.3860000000000001
1.3760000000000001
1.366
1.362
1.36
1.356
1.354
1.346
1.34
1.338
1.34
1.336
1.332
1.332
1.332
1.332
1.332
1.336
1.336
1.336
1.336
1.332
1.328
1.326
1.326
1.3219999999999998
1.314
1.3139999999999998
1.316
1.3179999999999998
1.32
1.32
1.3179999999999998
1.3179999999999998
1.3179999999999998
1.316
1.3139999999999998
1.312
1.308
1.304
1.3
1.296
1.292
1.286
1.28
1.272
1.264
1.256
1.248
1.236
1.222
1.208
1.194
1.1760000000000002
1.16
1.154
1.15
1.148
1.1440000000000001
1.1420000000000001
1.1400000000000001
1.132
1.124
1.12
1.116
1.112
1.108
1.098
1.088
1.078
1.066
1.054
1.04
1.032
1.0219999999999998
1.014
1.0020000000000002
0.99
0.9780000000000002
0.97
0.964
0.956
0.9480000000000001
0.9400000000000002
0.93
0.9199999999999999
0.912
0.9139999999999999
0.9139999999999999
0.9119999999999999
0.9120000000000001
0.9059999999999999
0.8959999999999999
0.8860000000000001
0.8759999999999999
0.8639999999999999
0.8519999999999999
0.8419999999999999
0.8339999999999999
0.8239999999999998
0.8160000000000001
0.81
0.804
0.7940000000000002
0.7840000000000001
0.7740000000000001
0.7620000000000001
0.758
0.752
0.746
0.7380000000000001
0.734
0.7300000000000001
0.7240000000000001
0.7180000000000001
0.7120000000000001
0.7060000000000001
0.7040000000000001
0.7020000000000001
0.7
0.6980000000000001
0.7
0.7020000000000001
0.704
0.7040000000000001
0.708
0.7140000000000001
0.72
0.7280000000000001
0.736
0.7440000000000001
0.752
0.7600000000000001
0.762
0.7660000000000001
0.7740000000000001
0.782
0.79
0.798
0.802
0.802
0.8
0.798
0.796
0.794
0.79
0.786
0.778
0.77
0.762
0.754
0.746
0.738
0.734
0.728
0.72
0.7120000000000001
0.7020000000000001
0.6920000000000001
0.682
0.672
0.666
0.66
0.652
0.644
0.636
0.628
0.624
0.62
0.614
0.608
0.602
0.596
0.59
0.582
0.5740000000000001
0.5660000000000001
0.56
0.554
0.548
0.544
0.542
0.54
0.54
0.54
0.542
0.542
0.54
0.538
0.534
0.53
0.532
0.536
0.54
0.544
0.544
0.546
0.554
0.562
0.5700000000000001
0.5760000000000001
0.5800000000000001
0.5840000000000001
0.5880000000000001
0.592
0.596
0.6
0.602
0.604
0.604
0.606
0.61
0.614
0.618
0.622
0.626
0.634
0.636
0.638
0.64
0.642
0.644
0.646
0.644
0.64
0.636
0.632
0.63
0.626
0.622
0.618
0.612
0.608
0.608
0.6060000000000001
0.6020000000000001
0.6000000000000001
0.5920000000000001
0.5840000000000001
0.5800000000000001
0.5780000000000001
0.5780000000000001
0.5780000000000001
0.5780000000000001
0.5780000000000001
0.5800000000000001
0.5820000000000001
0.5860000000000001
0.5900000000000001
0.5960000000000001
0.6020000000000001
0.6020000000000001
0.6020000000000001
0.6020000000000001
0.6040000000000001
0.6060000000000001
0.6080000000000001
0.6100000000000001
0.6120000000000001
0.6120000000000001
0.6120000000000001
0.6120000000000001
0.6120000000000001
0.6100000000000001
0.6080000000000001
0.6060000000000001
0.6100000000000001
0.6140000000000001
0.62
0.626
0.632
0.638
0.644
0.65
0.658
0.67
0.6839999999999999
0.698
0.71
0.716
0.718
0.72
0.722
0.722
0.722
0.72
0.718
0.714
0.71
0.71
0.708
0.708
0.708
0.706
0.704
0.708
0.71
0.71
0.712
0.714
0.718
0.72
0.722
0.72
0.718
0.716
0.714
0.71
0.706
0.704
0.7
0.6960000000000001
0.6940000000000001
0.6920000000000001
0.6900000000000001
0.69
0.688
0.6859999999999999
0.6839999999999999
0.6819999999999999
0.6799999999999999
0.6779999999999999
0.6759999999999999
0.678
0.6819999999999999
0.6859999999999999
0.69
0.692
0.694
0.696
0.702
0.708
0.712
0.716
0.72
0.724
0.726
0.734
0.742
0.75
0.758
0.764
0.77
0.772
0.774
0.774
0.774
0.774
0.774
0.772
0.77
0.774
0.778
0.782
0.784
0.788
0.792
0.796
0.8
0.806
0.812
0.8180000000000001
0.8240000000000001
0.8340000000000001
0.8440000000000001
0.8540000000000001
0.8600000000000001
0.8660000000000001
0.8720000000000001
0.8780000000000001
0.8880000000000001
0.8980000000000001
0.91
0.92
0.928
0.932
0.934
0.934
0.936
0.9359999999999999
0.9339999999999999
0.9299999999999999
0.9259999999999999
0.9239999999999999
0.9219999999999999
0.9199999999999999
0.9179999999999999
0.9159999999999999
0.9140000000000001
0.9119999999999999
0.9099999999999999
0.9079999999999999
0.9079999999999999
0.9079999999999999
0.9079999999999999
0.9079999999999999
0.9079999999999999
0.9079999999999999
0.9059999999999999
0.9019999999999999
0.8960000000000001
0.8900000000000001
0.8840000000000001
0.8840000000000001
0.8840000000000001
0.8840000000000001
0.8840000000000001
0.8879999999999999
0.8919999999999999
0.8959999999999999
0.8999999999999999
0.9039999999999999
0.9059999999999999
0.9079999999999999
0.9099999999999999
0.9059999999999999
0.8999999999999999
0.8959999999999999
0.8919999999999999
0.886
0.8839999999999999
0.8839999999999999
0.8839999999999999
0.8840000000000001
0.8840000000000001
0.8860000000000001
0.8900000000000001
0.8940000000000001
0.8980000000000001
0.9040000000000001
0.9079999999999999
0.9099999999999999
0.9119999999999999
0.9079999999999999
0.9019999999999999
0.8959999999999999
0.8920000000000001
0.8880000000000001
0.8840000000000001
0.8800000000000001
0.8760000000000001
0.8720000000000001
0.8680000000000001
0.8660000000000001
0.8640000000000001
0.8660000000000001
0.8680000000000001
0.8680000000000001
0.8700000000000001
0.8720000000000001
0.8740000000000001
0.8760000000000001
0.8780000000000001
0.8800000000000001
0.8820000000000001
0.8820000000000001
0.8820000000000001
0.8800000000000001
0.8780000000000001
0.8760000000000001
0.8740000000000001
0.8720000000000001
0.8700000000000001
0.8640000000000001
0.8600000000000001
0.8560000000000001
0.8500000000000001
0.8440000000000001
0.8360000000000001
0.8280000000000001
0.8160000000000001
0.804
0.79
0.776
0.762
0.748
0.7360000000000001
0.7240000000000001
0.7100000000000001
0.7040000000000001
0.7000000000000001
0.6980000000000001
0.6960000000000001
0.6920000000000001
0.6880000000000001
0.68
0.672
0.668
0.666
0.66
0.654
0.646
0.636
0.63
0.624
0.618
0.612
0.606
0.6
0.596
0.592
0.592
0.592
0.592
0.5920000000000001
0.5920000000000001
0.5920000000000001
0.5860000000000001
0.5780000000000001
0.5700000000000001
0.562
0.554
0.548
0.544
0.54
0.54
0.542
0.542
0.54
0.54
0.536
0.53
0.526
0.524
0.522
0.518
0.512
0.506
0.5
0.494
0.486
0.478
0.47
0.46799999999999997
0.46799999999999997
0.46799999999999997
0.46599999999999997
0.46399999999999997
0.4620000000000001
0.4600000000000001
0.4580000000000001
0.4580000000000001
0.458
0.46
0.462
0.46
0.458
0.458
0.458
0.458
0.458
0.458
0.458
0.458
0.458
0.456
0.45400000000000007
0.45399999999999996
0.45599999999999996
0.45199999999999996
0.44799999999999995
0.44399999999999995
0.44
0.436
0.43
0.424
0.418
0.41200000000000003
0.40800000000000003
0.404
0.4
0.396
0.392
0.39
0.388
0.386
0.382
0.378
0.376
0.376
0.376
0.376
0.378
0.378
0.38
0.386
0.39199999999999996
0.39199999999999996
0.39
0.394
0.398
0.402
0.40800000000000003
0.412
0.416
0.42
0.424
0.42400000000000004
0.42400000000000004
0.42400000000000004
0.42400000000000004
0.42000000000000004
0.41800000000000004
0.41600000000000004
0.41400000000000003
0.41200000000000003
0.41000000000000003
0.412
0.416
0.42
0.424
0.424
0.422
0.418
0.414
0.41
0.40399999999999997
0.39999999999999997
0.398
0.396
0.394
0.392
0.388
0.382
0.376
0.37
0.364
0.358
0.352
0.344
0.33799999999999997
0.33599999999999997
0.33399999999999996
0.33199999999999996
0.32999999999999996
0.32799999999999996
0.32799999999999996
0.32799999999999996
0.32999999999999996
0.33199999999999996
0.33399999999999996
0.33399999999999996
0.33399999999999996
0.32999999999999996
0.32599999999999996
0.32399999999999995
0.32399999999999995
0.32399999999999995
0.32399999999999995
0.31999999999999995
0.31599999999999995
0.31199999999999994
0.30799999999999994
0.30399999999999994
0.3
0.29800000000000004
0.29600000000000004
0.29200000000000004
0.28800000000000003
0.29000000000000004
0.29200000000000004
0.29400000000000004
0.29600000000000004
0.3
0.304
0.306
0.308
0.31
0.31
0.31
0.31
0.31
0.314
0.31599999999999995
0.31799999999999995
0.31999999999999995
0.32199999999999995
0.324
0.32399999999999995
0.31999999999999995
0.31599999999999995
0.31
0.302
0.29600000000000004
0.28800000000000003
0.28
0.272
0.268
0.264
0.258
0.252
0.246
0.23800000000000002
0.23
0.222
0.21400000000000002
0.20600000000000002
0.202
0.198
0.194
0.19
0.188
0.184
0.18000000000000002
0.17600000000000002
0.17200000000000001
0.168
0.164
0.16
0.158
0.156
0.158
0.16
0.162
0.164
0.164
0.164
0.164
0.164
0.164
0.164
0.164
0.164
0.164
0.164
0.164
0.164
0.164
0.164
0.164
0.162
0.16
0.158
0.156
0.154
0.152
0.14800000000000002
0.14400000000000002
0.138
0.132
0.126
0.12000000000000001
0.114
0.112
0.11
0.10800000000000001
0.10400000000000001
0.1
0.094
0.092
0.09
0.08800000000000001
0.08600000000000001
0.084
0.082
0.08
0.078
0.078
0.076
0.074
0.072
0.07
0.068
0.064
0.06000000000000001
0.05800000000000001
0.05600000000000001
0.054000000000000006
0.052000000000000005
0.05
0.048
0.046
0.04
0.036000000000000004
0.032
0.028000000000000004
0.024
0.02
0.016
0.014
0.012
0.012
0.012
0.012
0.012
0.012
0.012
0.012
0.012
0.012
0.012
0.012
0.012
0.012
0.012
0.012
0.012
0.012
0.012
0.012
0.012
0.012
0.012
0.012
0.012
0.012
0.012
0.012
0.012
0.01
0.008
0.006
0.004
0.002
0.0
0.0
0.0
0.0
0.0
0.0
0.0
0.0
0.0
0.0
0.0
0.0
0.0
0.0
0.0
0.0
0.0
0.0
0.0
0.0
0.0
0.002
0.004
0.006
0.008
0.012
0.016
0.020000000000000004
0.024
0.026000000000000002
0.028
0.030000000000000002
0.032
0.032
0.032
0.032
0.032
0.032
0.032
0.032
0.032
0.032
0.032
0.032
0.032
0.032
0.032
0.032
0.032
0.032
0.032
0.032
0.032
0.032
0.032
0.032
0.032
0.032
0.032
0.032
0.034
0.036000000000000004
0.038
0.04
0.042
0.044
0.046
0.046
0.046
0.046
0.046
0.046
0.046
0.046
0.048
0.05
0.054
0.058
0.062
0.066
0.07
0.07200000000000001
0.074
0.076
0.078
0.08
0.082
0.084
0.08600000000000001
0.09
0.094
0.098
0.102
0.106
0.11
0.112
0.11399999999999999
0.11599999999999999
0.118
0.12
0.122
0.124
0.126
0.128
0.13
0.132
0.134
0.136
0.14
0.14
0.14
0.14
0.14
0.14
0.14
0.14
0.14
0.14
0.14
0.14
0.14
0.138
0.136
0.134
0.132
0.128
0.12400000000000001
0.12000000000000001
0.11600000000000002
0.11400000000000002
0.11200000000000002
0.11000000000000001
0.10800000000000001
0.10800000000000001
0.10800000000000001
0.10800000000000001
0.10800000000000001
0.11000000000000001
0.11200000000000002
0.11399999999999999
0.11599999999999999
0.118
0.12
0.122
0.124
0.126
0.128
0.128
0.128
0.128
0.128
0.128
0.128
0.128
0.128
0.128
0.128
0.128
0.128
0.128
0.126
0.124
0.122
0.12
0.118
0.11599999999999999
0.11399999999999999
0.11399999999999999
0.11399999999999999
0.11599999999999999
0.118
0.12
0.122
0.122
0.12000000000000002
0.11800000000000002
0.11400000000000002
0.11000000000000001
0.10600000000000001
0.104
0.102
0.102
0.102
0.102
0.102
0.10200000000000001
0.10200000000000001
0.1
0.098
0.094
0.09
0.086
0.08199999999999999
0.07800000000000001
0.07400000000000001
0.07200000000000001
0.07
0.07
0.07
0.07
0.07
0.07200000000000001
0.07400000000000001
0.07600000000000001
0.07800000000000001
0.08000000000000002
0.08199999999999999
0.08399999999999999
0.08399999999999999
0.088
0.092
0.096
0.1
0.10200000000000001
0.10400000000000001
0.10599999999999998
0.10799999999999998
0.10999999999999999
0.11199999999999999
0.11599999999999999
0.12
0.124
0.128
0.132
0.136
0.14200000000000002
0.14800000000000002
0.15200000000000002
0.15600000000000003
0.15799999999999997
0.15999999999999998
0.16199999999999998
0.16399999999999998
0.16599999999999998
0.16799999999999998
0.16999999999999998
0.172
0.172
0.172
0.172
0.172
0.16999999999999998
0.16799999999999998
0.16599999999999998
0.16399999999999998
0.16199999999999998
0.15999999999999998
0.15999999999999998
0.15999999999999998
0.15999999999999998
0.15999999999999998
0.15999999999999998
0.15999999999999998
0.15999999999999998
0.15999999999999998
0.15999999999999998
0.15999999999999998
0.15999999999999998
0.15999999999999998
0.15999999999999998
0.15999999999999998
0.15999999999999998
0.15999999999999998
0.15999999999999998
0.15999999999999998
0.15999999999999998
0.15999999999999998
0.15999999999999998
0.15999999999999998
0.15799999999999997
0.156
0.156
0.156
0.15799999999999997
0.16199999999999998
0.16599999999999998
0.16999999999999998
0.174
0.178
0.18
0.182
0.182
0.18199999999999997
0.18199999999999997
0.18199999999999997
0.17999999999999997
0.178
0.178
0.178
0.178
0.178
0.178
0.178
0.178
0.178
0.178
0.178
0.176
0.17400000000000002
0.17200000000000001
0.17
0.166
0.162
0.158
0.154
0.15
0.146
0.142
0.13799999999999998
0.13399999999999998
0.13
0.126
0.122
0.12
0.118
0.11599999999999999
0.11399999999999999
0.11199999999999999
0.10999999999999999
0.10599999999999998
0.10199999999999998
0.098
0.094
0.09
0.086
0.08
0.07400000000000001
0.07
0.066
0.064
0.062
0.06
0.058
0.056
0.054
0.052
0.05
0.048
0.046
0.044
0.041999999999999996
0.041999999999999996
0.041999999999999996
0.041999999999999996
0.041999999999999996
0.041999999999999996
0.041999999999999996
0.041999999999999996
0.041999999999999996
0.041999999999999996
0.041999999999999996
0.041999999999999996
0.041999999999999996
0.041999999999999996
0.041999999999999996
0.041999999999999996
0.041999999999999996
0.041999999999999996
0.041999999999999996
0.041999999999999996
0.041999999999999996
0.041999999999999996
0.041999999999999996
0.041999999999999996
0.041999999999999996
0.041999999999999996
0.041999999999999996
0.041999999999999996
0.041999999999999996
0.041999999999999996
0.041999999999999996
0.039999999999999994
0.038
0.036000000000000004
0.032
0.027999999999999997
0.024
0.020000000000000004
0.016
0.012
0.008
0.006
0.004
0.002
0.0
0.0
0.0
0.0
0.0
0.0
0.0
0.0
0.0
0.0
0.0
0.0
0.0
0.0
0.0
0.0
0.0
0.0
0.0
0.0
0.0
0.0
0.0
0.0
0.0
0.0
0.0
0.0
0.0
0.0
0.0
0.0
0.0
0.0
0.0
0.0
0.0
0.0
0.0
0.0
0.0
0.0
0.0
0.0
0.0
0.0
0.0
0.0
0.0
0.0
0.0
0.0
0.0
0.0
0.0
0.0
0.0
0.0
0.0
0.0
0.0
0.0
0.0
0.0
0.0
0.0
0.002
0.004
0.006
0.006
0.006
0.006
0.006
0.006
0.006
0.006
0.006
0.006
0.006
0.006
0.006
0.006
0.006
0.006
0.006
0.006
0.006
0.006
0.006
0.006
0.006
0.006
0.006
0.006
0.006
0.006
0.006
0.006
0.006
0.006
0.006
0.008
0.01
0.012
0.014
0.016
0.018000000000000002
0.020000000000000004
0.022
0.022
0.022
0.022
0.022
0.022
0.022
0.022
0.022
0.022
0.022
0.022
0.022
0.022
0.022
0.022
0.022
0.022
0.022
0.022
0.022
0.022
0.022
0.022
0.022
0.022
0.022
0.022
0.022
0.022
0.022
0.022
0.022
0.022
0.022
0.022
0.022
0.022
0.022
0.022
0.022
0.022
0.022
0.022
0.022
0.022
0.022
0.022
0.022
0.022
0.024
0.026000000000000002
0.027999999999999997
0.03
0.032
0.034
0.036
0.038
0.038000000000000006
0.036000000000000004
0.034
0.034
0.034
0.034
0.034
0.034
0.034
0.034
0.034
0.034
0.034
0.034
0.034
0.034
0.034
0.034
0.034
0.034
0.034
0.034
0.034
0.034
0.034
0.034
0.034
0.034
0.034
0.034
0.034
0.034
0.034
0.034
0.034
0.032
0.03
0.028000000000000004
0.026000000000000002
0.024
0.022
0.02
0.018
0.018
0.018
0.018
0.018
0.018
0.018
0.018
0.018
0.018
0.018
0.018
0.018
0.018
0.018
0.018
0.018
0.018
0.018
0.018
0.018
0.018
0.018
0.018
0.018
0.018
0.018
0.018
0.018
0.018
0.018
0.018
0.018
0.018
0.018
0.018
0.018
0.018
0.018
0.018
0.018
0.018
0.018
0.018
0.018
0.018
0.018
0.018
0.018
0.018
0.016
0.014000000000000002
0.012
0.01
0.008
0.006
0.004
0.002
0.0
0.0
0.0
0.0
0.0
0.0
0.0
0.0
0.0
0.0
0.0
0.0
0.0
0.0
0.0
0.0
0.0
0.0
0.0
0.0
0.0
0.0
0.0
0.0
0.0
0.0
0.0
0.0
0.002
0.004
0.006
0.008
0.01
0.012
0.014000000000000002
0.014000000000000002
0.014000000000000002
0.014000000000000002
0.014000000000000002
0.014000000000000002
0.014000000000000002
0.014000000000000002
0.014000000000000002
0.014000000000000002
0.014000000000000002
0.014000000000000002
0.014000000000000002
0.014000000000000002
0.014000000000000002
0.014000000000000002
0.014000000000000002
0.014000000000000002
0.014000000000000002
0.014000000000000002
0.014000000000000002
0.014000000000000002
0.014000000000000002
0.014000000000000002
0.014000000000000002
0.014000000000000002
0.014000000000000002
0.014000000000000002
0.014000000000000002
0.014000000000000002
0.014000000000000002
0.014000000000000002
0.014000000000000002
0.014000000000000002
0.014000000000000002
0.014000000000000002
0.014000000000000002
0.014000000000000002
0.014000000000000002
0.014000000000000002
0.014000000000000002
0.014000000000000002
0.014000000000000002
0.014000000000000002
0.014000000000000002
0.014000000000000002
0.014000000000000002
0.014000000000000002
0.014000000000000002
0.014000000000000002
0.014000000000000002
0.014000000000000002
0.014000000000000002
0.014000000000000002
0.014000000000000002
0.014000000000000002
0.014000000000000002
0.014000000000000002
0.014000000000000002
0.014000000000000002
0.014000000000000002
0.014000000000000002
0.014000000000000002
0.014000000000000002
0.014000000000000002
0.014000000000000002
0.014000000000000002
0.014000000000000002
0.014000000000000002
0.014000000000000002
0.014000000000000002
0.016
0.018
0.02
0.022
0.024
0.026000000000000002
0.026000000000000002
0.026000000000000002
0.026000000000000002
0.026000000000000002
0.026000000000000002
0.026000000000000002
0.026000000000000002
0.026000000000000002
0.026000000000000002
0.026000000000000002
0.026000000000000002
0.026000000000000002
0.026000000000000002
0.026000000000000002
0.026000000000000002
0.026000000000000002
0.026000000000000002
0.024
0.022
0.02
0.018
0.016
0.014000000000000002
0.012
0.012
0.012
0.012
0.012
0.012
0.012
0.012
0.012
0.012
0.012
0.012
0.012
0.012
0.012
0.012
0.012
0.012
0.012
0.012
0.012
0.012
0.012
0.012
0.012
0.012
0.012
0.012
0.012
0.012
0.012
0.012
0.012
0.012
0.012
0.012
0.012
0.012
0.012
0.012
0.012
0.012
0.012
0.012
0.012
0.012
0.012
0.012
0.012
0.012
0.012
0.012
0.012
0.012
0.012
0.012
0.012
0.012
0.012
0.012
0.012
0.012
0.012
0.012
0.012
0.012
0.012
0.012
0.012
0.012
0.012
0.01
0.008
0.006
0.004
0.002
0.0
0.0
0.0
0.0
0.0
0.0
0.0
0.0
0.0
0.0
0.0
0.0
0.0
0.0
0.0
0.0
0.0
0.0
0.002
0.004
0.006
0.008
0.01
0.01
0.01
0.01
0.01
0.01
0.01
0.01
0.01
0.01
0.01
0.01
0.01
0.01
0.01
0.01
0.01
0.01
0.01
0.01
0.01
0.01
0.01
0.01
0.01
0.01
0.01
0.01
0.01
0.01
0.01
0.01
0.01
0.01
0.01
0.01
0.01
0.01
0.01
0.01
0.01
0.01
0.01
0.01
0.01
0.01
0.01
0.01
0.01
0.01
0.01
0.01
0.01
0.01
0.01
0.01
0.01
0.01
0.01
0.01
0.01
0.01
0.01
0.01
0.01
0.01
0.01
0.01
0.01
0.01
0.01
0.01
0.01
0.01
0.01
0.01
0.01
0.01
0.01
0.01
0.01
0.01
0.01
0.01
0.01
0.01
0.01
0.01
0.01
0.01
0.01
0.01
0.01
0.01
0.01
0.01
0.008
0.006
0.004
0.002
0.0
0.0
0.0
0.0
0.0
0.0
0.0
0.0
0.0
0.0
0.0
0.0
0.0
0.0
0.0
0.0
0.0
0.0
0.0
0.0
0.0
0.0
0.0
0.0
0.0
0.0
0.0
0.0
0.0
0.0
0.0
0.0
0.0
0.0
0.0
0.0
0.0
0.0
0.0
0.0
0.0
0.0
0.0
0.0
0.0
0.0
0.0
0.0
0.0
0.0
0.0
0.0
0.0
0.0
0.0
0.0
0.0
0.0
0.0
0.0
0.0
0.0
0.0
0.0
0.0
0.0
0.0
0.0
0.0
0.0
0.0
0.0
0.0
0.0
0.0
0.0
0.0
0.0
0.0
0.0
0.0
0.0
0.0
0.0
0.0
0.0
0.0
0.0
0.0
0.0
0.0
0.0
0.0
0.0
0.0
0.0
0.0
0.0
0.0
0.0
0.0
0.0
