0.012
0.013
0.013999999999999999
0.016
0.019
0.022
0.025
0.026999999999999996
0.028999999999999998
0.032
0.035
0.037000000000000005
0.039
0.04
0.042
0.044000000000000004
0.046000000000000006
0.048
0.051
0.053
0.055
0.058
0.063
0.067
0.07100000000000001
0.075
0.08
0.083
0.085
0.08700000000000001
0.08900000000000001
0.09200000000000001
0.095
0.098
0.101
0.105
0.111
0.11699999999999999
0.12299999999999998
0.128
0.133
0.136
0.139
0.14200000000000002
0.14500000000000002
0.14800000000000002
0.15100000000000002
0.15400000000000003
0.15800000000000003
0.16200000000000003
0.16700000000000004
0.17200000000000004
0.178
0.182
0.186
0.189
0.194
0.199
0.20500000000000002
0.21200000000000002
0.21900000000000003
0.22700000000000004
0.23500000000000004
0.24000000000000005
0.245
0.249
0.253
0.257
0.261
0.266
0.271
0.276
0.28099999999999997
0.28600000000000003
0.29000000000000004
0.29500000000000004
0.30100000000000005
0.30500000000000005
0.31100000000000005
0.31600000000000006
0.32100000000000006
0.32500000000000007
0.33100000000000007
0.3380000000000001
0.3450000000000001
0.3520000000000001
0.3590000000000001
0.3650000000000001
0.37200000000000005
0.38
0.39
0.396
0.402
0.40900000000000003
0.41700000000000004
0.42400000000000004
0.43100000000000005
0.43800000000000006
0.44400000000000006
0.45000000000000007
0.45600000000000007
0.4620000000000001
0.4680000000000001
0.4720000000000001
0.4750000000000001
0.4770000000000001
0.4790000000000001
0.483
0.487
0.49
0.493
0.496
0.499
0.504
0.508
0.512
0.517
0.522
0.526
0.531
0.537
0.542
0.546
0.552
0.559
0.5640000000000001
0.568
0.574
0.582
0.592
0.602
0.609
0.616
0.622
0.629
0.636
0.641
0.645
0.65
0.655
0.66
0.667
0.674
0.68
0.6880000000000001
0.6970000000000001
0.7060000000000001
0.7150000000000001
0.723
0.73
0.737
0.745
0.755
0.766
0.778
0.787
0.793
0.798
0.802
0.8059999999999999
0.81
0.8130000000000001
0.816
0.8190000000000002
0.822
0.8270000000000002
0.8330000000000001
0.841
0.8500000000000001
0.8570000000000001
0.865
0.871
0.877
0.8839999999999999
0.891
0.8949999999999998
0.8979999999999999
0.8979999999999999
0.895
0.8929999999999998
0.891
0.8899999999999999
0.8879999999999999
0.889
0.8899999999999999
0.8899999999999999
0.8929999999999999
0.8969999999999998
0.9009999999999998
0.903
0.9029999999999998
0.9049999999999998
0.9069999999999998
0.9089999999999999
0.9119999999999999
0.9159999999999999
0.9200000000000002
0.926
0.933
0.9390000000000001
0.9450000000000001
0.9510000000000001
0.9580000000000001
0.9640000000000001
0.9690000000000001
0.972
0.978
0.9840000000000001
0.9930000000000001
1.0030000000000001
1.0150000000000001
1.03
1.048
1.059
1.07
1.08
1.089
1.097
1.104
1.1099999999999999
1.116
1.1219999999999999
1.129
1.1360000000000001
1.145
1.1580000000000001
1.173
1.183
1.1929999999999998
1.2
1.2069999999999999
1.2159999999999997
1.224
1.231
1.238
1.2419999999999998
1.249
1.258
1.268
1.277
1.286
1.292
1.299
1.3070000000000002
1.316
1.325
1.3339999999999999
1.3410000000000002
1.349
1.3579999999999999
1.365
1.372
1.377
1.3790000000000002
1.381
1.385
1.392
1.4
1.409
1.415
1.423
1.429
1.4340000000000002
1.444
1.455
1.466
1.477
1.485
1.4920000000000002
1.4960000000000002
1.5
1.5060000000000002
1.5119999999999998
1.5160000000000002
1.523
1.5330000000000001
1.5440000000000003
1.559
1.5750000000000002
1.591
1.6070000000000002
1.6210000000000002
1.634
1.6420000000000001
1.651
1.6610000000000003
1.668
1.6760000000000002
1.6829999999999998
1.6939999999999997
1.7060000000000002
1.7199999999999998
1.734
1.7469999999999999
1.7590000000000001
1.7700000000000002
1.7799999999999998
1.786
1.7919999999999998
1.8010000000000002
1.8099999999999998
1.82
1.832
1.8450000000000002
1.86
1.8780000000000001
1.8940000000000001
1.905
1.913
1.919
1.9250000000000003
1.9280000000000002
1.9280000000000002
1.9390000000000003
1.9520000000000002
1.9670000000000003
1.9850000000000003
1.999
2.0140000000000002
2.029
2.0420000000000003
2.056
2.069
2.0820000000000003
2.092
2.096
2.0989999999999998
2.107
2.116
2.126
2.1360000000000006
2.145
2.1540000000000004
2.159
2.1660000000000004
2.174
2.179
2.186
2.196
2.204
2.212
2.227
2.244
2.262
2.277
2.284
2.295
2.305
2.3160000000000003
2.3240000000000003
2.335
2.346
2.357
2.3689999999999998
2.379
2.391
2.402
2.414
2.4250000000000007
2.434
2.444
2.449
2.455
2.458
2.459
2.4610000000000003
2.465
2.47
2.477
2.4890000000000003
2.5
2.513
2.526
2.537
2.545
2.549
2.5529999999999995
2.557
2.561
2.5679999999999996
2.576
2.587
2.598
2.61
2.623
2.637
2.6519999999999997
2.664
2.6790000000000003
2.689
2.6950000000000003
2.697
2.701
2.707
2.716
2.7270000000000003
2.742
2.759
2.7779999999999996
2.795
2.8149999999999995
2.8299999999999996
2.843
2.851
2.8559999999999994
2.8569999999999998
2.858
2.8649999999999998
2.876
2.889
2.903
2.912
2.924
2.93
2.9339999999999997
2.9320000000000004
2.924
2.9170000000000003
2.909
2.8979999999999997
2.8909999999999996
2.884000000000001
2.8779999999999997
2.8710000000000004
2.866
2.863
2.86
2.857
2.852
2.8460000000000005
2.8409999999999997
2.837
2.8349999999999995
2.832
2.824
2.8179999999999996
2.814
2.8070000000000004
2.796
2.7910000000000004
2.786
2.776
2.765
2.751
2.7369999999999997
2.7279999999999998
2.7150000000000003
2.7030000000000003
2.6919999999999997
2.683
2.6750000000000003
2.6670000000000003
2.6590000000000003
2.652
2.6460000000000004
2.642
2.636
2.627
2.618
2.61
2.599
2.591
2.584
2.577
2.5740000000000003
2.5700000000000003
2.5660000000000003
2.564
2.558
2.551
2.5469999999999997
2.54
2.5330000000000004
2.5290000000000004
2.5300000000000007
2.532
2.5330000000000004
2.532
2.5309999999999997
2.5280000000000005
2.525
2.521
2.517
2.516
2.5140000000000002
2.508
2.5050000000000003
2.5010000000000003
2.4989999999999997
2.498
2.5
2.499
2.499
2.499
2.4959999999999996
2.495
2.491
2.488
2.4840000000000004
2.478
2.4690000000000003
2.46
2.4499999999999997
2.4450000000000003
2.445
2.4419999999999997
2.439
2.435
2.4290000000000003
2.4260000000000006
2.4209999999999994
2.4210000000000003
2.419
2.416
2.414
2.4149999999999996
2.42
2.429
2.4410000000000003
2.454
2.467
2.4800000000000004
2.4930000000000003
2.508
2.523
2.54
2.555
2.574
2.594
2.6069999999999998
2.6229999999999998
2.638
2.6559999999999997
2.6780000000000004
2.7039999999999997
2.7300000000000004
2.7549999999999994
2.7849999999999997
2.817
2.8439999999999994
2.8719999999999994
2.9050000000000002
2.937
2.963
2.9880000000000004
3.0130000000000003
3.038
3.0620000000000003
3.082
3.105
3.127
3.149
3.171
3.1960000000000006
3.223
3.25
3.282
3.3020000000000005
3.3190000000000004
3.3380000000000005
3.359
3.3850000000000002
3.412
3.441
3.47
3.4960000000000004
3.52
3.5410000000000004
3.564
3.584
3.6020000000000003
3.6150000000000007
3.6300000000000003
3.644
3.653
3.664
3.6799999999999997
3.7
3.721
3.741
3.7599999999999993
3.7789999999999995
3.8
3.8190000000000004
3.84
3.8509999999999995
3.856
3.864
3.8680000000000003
3.875
3.8829999999999996
3.902
3.9210000000000007
3.9379999999999997
3.957
3.971
3.987
4.001
4.013
4.02
4.0249999999999995
4.0329999999999995
4.043
4.053
4.06
4.074
4.087
4.101999999999999
4.118
4.130999999999999
4.144
4.157
4.17
4.1739999999999995
4.176
4.183
4.191000000000001
4.195
4.199
4.208
4.215
4.226
4.24
4.247
4.254
4.261
4.274
4.271999999999999
4.267
4.267
4.263
4.2620000000000005
4.257000000000001
4.256
4.255
4.255000000000001
4.256
4.251
4.242
4.239
4.235
4.215999999999999
4.193999999999999
4.177
4.1610000000000005
4.146
4.132
4.122
4.114
4.106
4.099
4.09
4.083
4.074000000000001
4.063
4.045
4.021999999999999
4.013
4.007
4.003
3.999
3.995
3.991
3.9880000000000004
3.9839999999999995
3.981
3.979
3.9759999999999995
3.973
3.9730000000000003
3.97
3.973
3.975000000000001
3.982
3.9890000000000003
3.998
4.005000000000001
4.012
4.021
4.024
4.026
4.028
4.031
4.032000000000001
4.037
4.052
4.0680000000000005
4.086
4.105
4.1240000000000006
4.147
4.173
4.196999999999999
4.2170000000000005
4.23
4.246
4.259
4.268
4.282
4.292
4.298000000000001
4.305000000000001
4.313
4.324000000000001
4.338
4.352
4.369
4.378
4.384
4.386
4.391
4.388999999999999
4.384
4.388999999999999
4.393000000000001
4.4
4.407
4.422000000000001
4.44
4.4590000000000005
4.478999999999999
4.481
4.471
4.468
4.468
4.460999999999999
4.448
4.4430000000000005
4.4430000000000005
4.451
4.462
4.473999999999999
4.4879999999999995
4.507
4.527
4.532
4.534
4.536
4.539
4.534
4.5280000000000005
4.533
4.54
4.553
4.57
4.5889999999999995
4.609999999999999
4.6339999999999995
4.661
4.680000000000001
4.694
4.713
4.734000000000001
4.747
4.755999999999999
4.768
4.782
4.797
4.814
4.832999999999999
4.851
4.870000000000001
4.8919999999999995
4.9079999999999995
4.923
4.938000000000001
4.952999999999999
4.9639999999999995
4.97
4.973000000000001
4.981
4.991
5.0040000000000004
5.0089999999999995
5.013
5.018
5.021
5.021
5.018
5.018999999999999
5.022
5.021000000000001
5.018000000000001
5.018999999999999
5.016
5.019
5.025
5.0280000000000005
5.031000000000001
5.036999999999999
5.042
5.033
5.022
5.012
5.01
5.002000000000001
4.992999999999999
4.9879999999999995
4.979
4.99
5.008
5.029
5.049
5.071
5.093
5.106
5.115
5.121
5.125
5.128
5.128000000000001
5.138000000000001
5.154999999999999
5.177
5.205
5.224
5.243
5.26
5.275
5.278
5.275
5.278
5.289
5.295
5.298
5.311000000000001
5.324999999999999
5.343
5.359999999999999
5.3709999999999996
5.381000000000001
5.389
5.398000000000001
5.391
5.381
5.377999999999999
5.377
5.3790000000000004
5.384000000000001
5.397
5.415
5.437
5.460999999999999
5.486
5.509000000000001
5.531000000000001
5.554999999999999
5.567
5.568999999999999
5.568
5.568
5.565999999999999
5.559
5.5649999999999995
5.577
5.593
5.61
5.625000000000001
5.6419999999999995
5.657999999999999
5.675
5.679
5.672
5.6659999999999995
5.661
5.654999999999999
5.65
5.658
5.675000000000001
5.701
5.725
5.7459999999999996
5.763
5.784999999999999
5.813
5.8260000000000005
5.833
5.833
5.832
5.83
5.831
5.836000000000001
5.8420000000000005
5.846
5.8469999999999995
5.842000000000001
5.837000000000001
5.834
5.833
5.82
5.802
5.789000000000001
5.7780000000000005
5.772
5.765999999999999
5.769
5.778
5.791
5.806
5.814
5.819999999999999
5.818999999999999
5.819
5.805
5.783
5.765
5.748
5.74
5.735
5.735
5.738
5.742
5.744000000000001
5.744
5.742000000000001
5.744
5.746
5.735
5.72
5.7139999999999995
5.716000000000001
5.721000000000001
5.726
5.737
5.750000000000001
5.763
5.779000000000001
5.795
5.8100000000000005
5.823000000000001
5.834999999999999
5.830000000000001
5.8180000000000005
5.812999999999999
5.811
5.813
5.815
5.8199999999999985
5.821999999999999
5.822
5.82
5.814
5.810000000000001
5.801
5.791999999999999
5.769
5.736
5.710000000000001
5.6930000000000005
5.683999999999999
5.6819999999999995
5.682
5.685
5.689
5.693
5.699000000000001
5.707
5.715000000000002
5.718999999999999
5.709
5.694000000000001
5.689
5.691000000000001
5.695
5.698000000000001
5.707000000000001
5.719
5.728000000000001
5.735
5.739000000000001
5.747000000000001
5.751
5.753
5.737000000000001
5.716
5.707000000000001
5.704000000000001
5.71
5.720000000000001
5.734999999999999
5.747999999999999
5.763999999999999
5.781000000000001
5.801
5.828
5.852000000000001
5.872999999999999
5.883
5.884
5.889
5.898
5.910000000000001
5.921
5.932
5.940000000000001
5.946000000000001
5.949
5.952
5.954999999999999
5.9559999999999995
5.957000000000001
5.953
5.944000000000001
5.945000000000001
5.957
5.969
5.98
5.9910000000000005
6.009
6.031000000000001
6.051
6.073
6.095999999999999
6.112
6.1259999999999994
6.131999999999999
6.133000000000001
6.141
6.152000000000001
6.161
6.167
6.18
6.195000000000001
6.211
6.229
6.247999999999999
6.267
6.2860000000000005
6.31
6.323
6.332000000000001
6.347
6.362
6.376
6.387
6.4
6.418000000000001
6.4319999999999995
6.449000000000001
6.467
6.483999999999999
6.493
6.5009999999999994
6.495999999999999
6.485999999999999
6.4879999999999995
6.497999999999999
6.51
6.518999999999999
6.531000000000001
6.539
6.545
6.549999999999999
6.555
6.559
6.557999999999999
6.553000000000001
6.537
6.519
6.511
6.507
6.508
6.512
6.522
6.5329999999999995
6.543
6.551
6.56
6.570999999999999
6.5760000000000005
6.577000000000001
6.573
6.569
6.574
6.58
6.584999999999999
6.59
6.598
6.604
6.608
6.6129999999999995
6.617999999999999
6.623
6.6259999999999994
6.623
6.609999999999999
6.594
6.579999999999999
6.566
6.555000000000001
6.544999999999999
6.535
6.529
6.521000000000001
6.513000000000001
6.503
6.498
6.488
6.477
6.449999999999999
6.42
6.399000000000001
6.385
6.377
6.367999999999999
6.367
6.369999999999999
6.384
6.393
6.4030000000000005
6.415
6.419
6.42
6.406
6.386
6.366
6.348000000000001
6.337
6.3309999999999995
6.331
6.332999999999999
6.333000000000001
6.3309999999999995
6.33
6.324999999999999
6.309
6.290000000000001
6.256
6.208
6.173
6.139
6.118
6.107
6.103
6.101
6.106
6.11
6.116999999999999
6.122
6.121
6.121
6.116
6.106
6.107
6.111
6.119
6.127999999999999
6.139
6.153
6.17
6.187
6.202999999999999
6.221
6.24
6.2589999999999995
6.266
6.2700000000000005
6.277
6.292000000000001
6.314
6.339
6.366
6.396000000000001
6.425
6.454000000000001
6.481999999999999
6.509
6.537
6.5649999999999995
6.576
6.579
6.583
6.5859999999999985
6.5969999999999995
6.609
6.622999999999999
6.64
6.656000000000001
6.675
6.6899999999999995
6.702
6.7139999999999995
6.723
6.718999999999999
6.7090000000000005
6.7090000000000005
6.713
6.7250000000000005
6.744999999999999
6.766
6.788000000000001
6.812
6.834
6.857
6.882999999999999
6.902
6.913
6.914000000000001
6.908
6.914000000000001
6.925
6.938000000000001
6.951
6.960999999999999
6.969
6.981000000000001
6.994
6.9990000000000006
7.002999999999999
6.994
6.981999999999999
6.957
6.925
6.9110000000000005
6.902
6.904
6.91
6.918
6.9239999999999995
6.930000000000001
6.935
6.94
6.9460000000000015
6.942
6.938000000000001
6.928000000000001
6.915
6.912
6.912000000000001
6.913
6.917000000000001
6.921
6.921
6.9190000000000005
6.919999999999999
6.912
6.904
6.885
6.864000000000001
6.835
6.803
6.780000000000001
6.759999999999999
6.744
6.732
6.724
6.719
6.712000000000001
6.703
6.691
6.678
6.664000000000001
6.644000000000001
6.607
6.57
6.540000000000001
6.515000000000001
6.5
6.482
6.464
6.448
6.429
6.409
6.383000000000001
6.355
6.319
6.276999999999999
6.2170000000000005
6.152
6.101999999999999
6.059
6.027
6.001999999999999
5.979
5.9559999999999995
5.935999999999999
5.916
5.895
5.873
5.85
5.8260000000000005
5.779999999999999
5.731
5.695
5.664
5.642
5.628
5.6160000000000005
5.606
5.598
5.586
5.571
5.556
5.535
5.513
5.486999999999999
5.463
5.4479999999999995
5.4399999999999995
5.438
5.436
5.434
5.430000000000001
5.4270000000000005
5.421
5.405000000000001
5.386
5.361000000000001
5.337
5.307
5.270000000000001
5.246
5.230999999999999
5.223000000000001
5.216
5.206000000000001
5.194
5.178000000000001
5.1610000000000005
5.141
5.12
5.090000000000001
5.059
5.027
4.9910000000000005
4.968999999999999
4.952999999999999
4.943999999999999
4.943
4.946
4.951
4.957
4.965999999999999
4.973000000000001
4.979
4.984
4.987000000000001
4.987
4.986999999999999
4.993
5.007
5.027
5.047000000000001
5.067
5.084999999999999
5.098
5.108
5.117999999999999
5.1259999999999994
5.127000000000001
5.129
5.114000000000001
5.098000000000001
5.092
5.085
5.088
5.092
5.0969999999999995
5.105
5.109000000000001
5.113
5.112
5.108
5.095
5.082000000000001
5.065
5.05
5.047000000000001
5.045
5.050000000000001
5.057000000000001
5.064
5.071
5.078
5.084
5.085
5.083
5.079000000000001
5.076000000000001
5.071000000000001
5.067
5.085
5.109000000000001
5.139
5.169999999999999
5.199000000000001
5.222000000000001
5.242999999999999
5.261
5.276000000000002
5.29
5.297999999999999
5.302
5.300999999999999
5.296999999999999
5.3020000000000005
5.31
5.324
5.338000000000001
5.351
5.368
5.38
5.393
5.406
5.423
5.438000000000001
5.45
5.447
5.435
5.436999999999999
5.448
5.466
5.483
5.498999999999999
5.518999999999999
5.5360000000000005
5.559
5.578
5.595000000000001
5.610999999999999
5.629
5.6419999999999995
5.6499999999999995
5.663
5.678
5.692
5.703
5.715
5.727
5.7330000000000005
5.738
5.736000000000001
5.732
5.73
5.7269999999999985
5.72
5.71
5.708
5.710000000000001
5.7139999999999995
5.7170000000000005
5.723999999999999
5.7330000000000005
5.742999999999999
5.752999999999999
5.7589999999999995
5.760000000000001
5.764
5.771999999999999
5.768
5.759
5.766
5.776999999999999
5.790000000000001
5.802
5.808
5.814000000000001
5.817
5.816
5.819
5.817
5.819000000000001
5.818999999999999
5.821
5.827
5.848
5.869999999999999
5.89
5.911999999999999
5.934
5.958
5.978
5.9990000000000006
6.015
6.032
6.0489999999999995
6.065
6.072000000000001
6.07
6.074000000000001
6.077
6.078000000000001
6.076999999999999
6.071
6.068
6.063
6.056
6.045999999999999
6.035
6.023999999999999
6.0120000000000005
5.999
5.99
5.9879999999999995
5.986999999999999
5.986
5.981
5.976000000000001
5.969999999999999
5.962999999999999
5.95
5.941000000000001
5.929
5.914
5.896999999999999
5.8839999999999995
5.873
5.88
5.895000000000001
5.91
5.924000000000001
5.928
5.933
5.933
5.930000000000001
5.928
5.918999999999999
5.913000000000001
5.9079999999999995
5.894
5.876
5.869
5.868
5.869000000000001
5.873
5.875
5.876
5.8709999999999996
5.861000000000001
5.8469999999999995
5.828999999999999
5.814000000000001
5.799
5.777999999999999
5.756999999999999
5.744000000000001
5.731999999999999
5.716
5.694999999999999
5.677
5.655
5.627999999999999
5.601
5.57
5.541
5.516
5.494
5.468
5.4430000000000005
5.432
5.431
5.427999999999999
5.424
5.4159999999999995
5.4079999999999995
5.401
5.391
5.38
5.368
5.353
5.342
5.325
5.305
5.292
5.277
5.257
5.236000000000001
5.218
5.198
5.177
5.153
5.1290000000000004
5.101999999999999
5.077
5.054
5.02
4.982999999999999
4.9559999999999995
4.939
4.928000000000001
4.919
4.909999999999999
4.901999999999999
4.8919999999999995
4.878
4.865
4.853
4.842
4.832
4.817
4.800999999999999
4.784
4.7620000000000005
4.744000000000001
4.726
4.710999999999999
4.698
4.684
4.672000000000001
4.662
4.653
4.6450000000000005
4.641
4.635000000000001
4.633000000000001
4.627000000000001
4.622000000000001
4.6129999999999995
4.606
4.599
4.59
4.5889999999999995
4.585
4.582999999999999
4.582000000000001
4.5840000000000005
4.5889999999999995
4.589
4.589
4.5889999999999995
4.589
4.589000000000001
4.589
4.587
4.587000000000001
4.587
4.587999999999999
4.593000000000001
4.6000000000000005
4.615000000000001
4.636
4.651999999999999
4.663
4.676
4.688
4.696
4.706
4.7219999999999995
4.741
4.756
4.771
4.783
4.793
4.808999999999999
4.822
4.830000000000001
4.84
4.85
4.856999999999999
4.864999999999999
4.867
4.874
4.8870000000000005
4.901
4.9190000000000005
4.9319999999999995
4.945
4.96
4.978999999999999
4.997
5.011
5.027
5.047
5.064
5.077
5.09
5.106
5.12
5.136
5.146000000000001
5.156
5.1690000000000005
5.183
5.1979999999999995
5.215
5.238999999999999
5.2669999999999995
5.298000000000001
5.325
5.345000000000001
5.366
5.3790000000000004
5.387
5.394
5.401999999999999
5.4110000000000005
5.422000000000001
5.434
5.445999999999999
5.458999999999999
5.475
5.499
5.5280000000000005
5.558000000000001
5.590000000000001
5.614
5.64
5.654999999999999
5.663
5.671
5.682
5.6930000000000005
5.702999999999999
5.71
5.711
5.717
5.722000000000001
5.732000000000001
5.7410000000000005
5.747000000000001
5.755
5.7509999999999994
5.747
5.736
5.723000000000001
5.7090000000000005
5.694999999999999
5.678
5.659000000000002
5.65
5.643
5.64
5.641
5.641
5.639
5.627
5.614
5.5939999999999985
5.5729999999999995
5.552999999999999
5.5329999999999995
5.513
5.4990000000000006
5.492
5.485
5.4830000000000005
5.48
5.475
5.4719999999999995
5.464
5.45
5.438
5.425
5.411
5.398
5.385999999999999
5.3709999999999996
5.353999999999999
5.337999999999999
5.324
5.312
5.296
5.277
5.248000000000001
5.210000000000001
5.179
5.149
5.119999999999999
5.09
5.059000000000001
5.026999999999999
4.996
4.966
4.946
4.93
4.909
4.885000000000001
4.855
4.8229999999999995
4.795999999999999
4.773
4.75
4.728
4.705
4.678
4.657
4.636
4.615
4.593999999999999
4.5729999999999995
4.552
4.53
4.51
4.488
4.464
4.441
4.415
4.391
4.366
4.343999999999999
4.325
4.309
4.293
4.276
4.261
4.245
4.2250000000000005
4.213
4.204
4.193999999999999
4.181
4.168
4.152
4.140000000000001
4.1290000000000004
4.123
4.12
4.114
4.109
4.101
4.091
4.09
4.09
4.1000000000000005
4.111000000000001
4.119
4.125
4.136
4.1499999999999995
4.166
4.183
4.197
4.206
4.204000000000001
4.199
4.203
4.207
4.216
4.228000000000001
4.233
4.239
4.2490000000000006
4.259
4.268
4.276000000000001
4.28
4.285
4.284
4.281
4.281000000000001
4.284000000000001
4.291
4.299
4.303
4.309
4.318
4.325
4.335
4.344
4.353
4.362
4.364999999999999
4.3660000000000005
4.375
4.392
4.409
4.426
4.4399999999999995
4.453
4.463
4.473
4.4879999999999995
4.503
4.513
4.528
4.539000000000001
4.554
4.571
4.591
4.614000000000001
4.634
4.655
4.672000000000001
4.683000000000001
4.691
4.698
4.705000000000001
4.709
4.716
4.718
4.719
4.724
4.733
4.747
4.768
4.788
4.808
4.824
4.8389999999999995
4.859
4.877
4.896
4.919
4.939
4.952
4.968
4.984
5.003
5.0280000000000005
5.055
5.0809999999999995
5.1049999999999995
5.125
5.1419999999999995
5.161
5.178999999999999
5.197
5.211
5.220000000000001
5.227
5.234999999999999
5.247000000000001
5.262
5.273999999999999
5.287999999999999
5.298
5.307
5.318
5.3260000000000005
5.328999999999999
5.3309999999999995
5.3260000000000005
5.3180000000000005
5.318999999999999
5.322
5.3309999999999995
5.343
5.356
5.369
5.383
5.392
5.4
5.407
5.412
5.421
5.423000000000001
5.421000000000001
5.424
5.426
5.439
5.455000000000001
5.465
5.473999999999999
5.477
5.478000000000001
5.4799999999999995
5.483
5.484
5.485
5.4799999999999995
5.474
5.472
5.468000000000001
5.469
5.471
5.475
5.481
5.486999999999999
5.490000000000001
5.494000000000001
5.501
5.503
5.503
5.503000000000001
5.497999999999999
5.498999999999999
5.497000000000001
5.504
5.51
5.5150000000000015
5.518
5.515000000000001
5.51
5.512999999999999
5.516
5.516
5.516
5.511
5.5009999999999994
5.494
5.485
5.481999999999999
5.48
5.473000000000001
5.461
5.445
5.432
5.423000000000001
5.4140000000000015
5.399
5.383000000000001
5.361
5.3340000000000005
5.3100000000000005
5.288
5.271
5.258
5.244999999999999
5.226999999999999
5.205
5.184
5.16
5.138
5.119
5.099
5.073
5.044
5.0200000000000005
4.999999999999999
4.984999999999999
4.971
4.958
4.941999999999999
4.926
4.909
4.896999999999999
4.888000000000001
4.88
4.8709999999999996
4.853000000000001
4.835
4.817
4.803
4.79
4.7749999999999995
4.7589999999999995
4.742
4.7250000000000005
4.708
4.6960000000000015
4.686999999999999
4.678999999999999
4.671000000000001
4.6579999999999995
4.641
4.632
4.622
4.612
4.604
4.592
4.58
4.572
4.563
4.563000000000001
4.563
4.566
4.572
4.57
4.566
4.566
4.567
4.569000000000001
4.574
4.573
4.571000000000001
4.563
4.555000000000001
4.551
4.552
4.550000000000001
4.547000000000001
4.537
4.527
4.515
4.5
4.489
4.483
4.4670000000000005
4.449
4.4270000000000005
4.411
4.401
4.394
4.386
4.38
4.3709999999999996
4.3580000000000005
4.356
4.361
4.372
4.388
4.397
4.404
4.413
4.421
4.432
4.447
4.454000000000001
4.461
4.462
4.464
4.469
4.473999999999999
4.478
4.484
4.487
4.487
4.484999999999999
4.484
4.488
4.495
4.502
4.513000000000001
4.513999999999999
4.511
4.508
4.505000000000001
4.4990000000000006
4.488
4.474
4.459
4.441
4.4239999999999995
4.406
4.389
4.372999999999999
4.354
4.333
4.311
4.301
4.291
4.29
4.289
4.292
4.296
4.295
4.295
4.295
4.295999999999999
4.295
4.29
4.281
4.268
4.258
4.2490000000000006
4.239
4.231999999999999
4.23
4.228
4.2250000000000005
4.221
4.212000000000001
4.207
4.198
4.187
4.1659999999999995
4.143
4.127
4.116
4.106
4.095
4.087000000000001
4.081
4.077999999999999
4.071999999999999
4.071
4.069999999999999
4.063
4.051
4.0360000000000005
4.018
4.008
3.9989999999999997
3.9909999999999997
3.984
3.9769999999999994
3.9659999999999993
3.96
3.9570000000000007
3.9560000000000004
3.9480000000000004
3.938
3.9290000000000007
3.9140000000000006
3.898
3.888
3.883
3.873
3.8579999999999997
3.841
3.822
3.803
3.7840000000000007
3.766
3.75
3.737
3.718
3.7
3.6840000000000006
3.6730000000000005
3.662
3.6520000000000006
3.643
3.638
3.6340000000000003
3.63
3.6319999999999997
3.63
3.627
3.623
3.617
3.611
3.6060000000000003
3.608
3.6109999999999998
3.619
3.6280000000000006
3.643
3.6660000000000004
3.6850000000000005
3.703
3.7199999999999998
3.7349999999999994
3.7500000000000004
3.7690000000000006
3.784
3.7960000000000003
3.8030000000000004
3.809
3.8120000000000003
3.8160000000000003
3.8200000000000003
3.822
3.8219999999999996
3.8209999999999997
3.8219999999999996
3.8219999999999996
3.821
3.8179999999999996
3.8089999999999997
3.7990000000000004
3.7920000000000003
3.788
3.7829999999999995
3.775
3.77
3.7649999999999997
3.756
3.7439999999999998
3.734
3.725
3.718
3.7079999999999993
3.692
3.676
3.668
3.66
3.6529999999999996
3.643
3.6350000000000002
3.6270000000000002
3.6140000000000003
3.598
3.5850000000000004
3.5740000000000003
3.561
3.546
3.529
3.5120000000000005
3.5029999999999997
3.4970000000000003
3.4899999999999998
3.483
3.478
3.4750000000000005
3.4690000000000003
3.463
3.4590000000000005
3.453
3.446
3.4430000000000005
3.436
3.428
3.427
3.426
3.4240000000000004
3.4190000000000005
3.4139999999999997
3.4089999999999994
3.4009999999999994
3.3939999999999997
3.39
3.384000000000001
3.377
3.3680000000000003
3.3560000000000003
3.3440000000000003
3.3399999999999994
3.3339999999999996
3.3310000000000004
3.327
3.3229999999999995
3.3179999999999996
3.306
3.291
3.2799999999999994
3.265
3.2530000000000006
3.244
3.228
3.2130000000000005
3.2
3.1850000000000005
3.1700000000000004
3.1570000000000005
3.1430000000000002
3.13
3.113
3.091
3.079
3.069
3.057
3.048
3.0380000000000003
3.0210000000000004
3.0079999999999996
2.9990000000000006
2.9930000000000003
2.987
2.9829999999999997
2.9779999999999998
2.9719999999999995
2.9670000000000005
2.9629999999999996
2.959
2.9539999999999997
2.95
2.941
2.928
2.92
2.9130000000000003
2.906
2.8980000000000006
2.892
2.888
2.88
2.873
2.871
2.872
2.875
2.877
2.8789999999999996
2.883
2.893
2.9050000000000002
2.91
2.912
2.9179999999999993
2.923
2.923
2.92
2.924
2.9269999999999996
2.932
2.94
2.947
2.953
2.964
2.978
2.9879999999999995
2.9950000000000006
3.0049999999999994
3.014
3.0190000000000006
3.0230000000000006
3.031
3.0420000000000003
3.056
3.0700000000000007
3.0850000000000004
3.094
3.1060000000000003
3.121
3.1270000000000002
3.135
3.1430000000000002
3.1510000000000002
3.157
3.1599999999999997
3.1659999999999995
3.1699999999999995
3.1759999999999997
3.184
3.1919999999999997
3.1990000000000003
3.2039999999999997
3.2089999999999996
3.208
3.207
3.207
3.209
3.2079999999999997
3.2079999999999997
3.2110000000000003
3.2159999999999997
3.2230000000000003
3.23
3.2350000000000003
3.235
3.239
3.2409999999999997
3.2409999999999997
3.2420000000000004
3.247
3.2520000000000002
3.2489999999999997
3.248
3.2459999999999996
3.2430000000000003
3.239
3.2359999999999998
3.228
3.218
3.2119999999999997
3.207
3.1960000000000006
3.183
3.1710000000000003
3.162
3.1540000000000004
3.1469999999999994
3.1380000000000003
3.1270000000000002
3.113
3.103
3.0969999999999995
3.09
3.088
3.089
3.0869999999999997
3.087
3.0860000000000003
3.0859999999999994
3.0879999999999996
3.0889999999999995
3.0909999999999997
3.095
3.097
3.097
3.09
3.083
3.078
3.0709999999999997
3.0620000000000003
3.05
3.043
3.0409999999999995
3.0380000000000003
3.037
3.0389999999999997
3.041
3.0399999999999996
3.042
3.04
3.0370000000000004
3.036
3.035
3.0330000000000004
3.0280000000000005
3.029
3.032
3.0349999999999997
3.0400000000000005
3.0420000000000003
3.045
3.0450000000000004
3.042
3.035
3.028
3.0229999999999997
3.0280000000000005
3.027
3.022
3.019
3.011
3.006
3.007
3.0039999999999996
3.0029999999999997
3.002
3.002
2.9989999999999997
2.9929999999999994
2.9890000000000008
2.988
2.9819999999999998
2.9779999999999998
2.9759999999999995
2.9769999999999994
2.98
2.983
2.9789999999999996
2.9719999999999995
2.9659999999999997
2.959
2.9490000000000003
2.9370000000000003
2.928
2.923
2.914
2.9050000000000002
2.895
2.883
2.87
2.8560000000000003
2.844
2.829
2.814
2.801
2.7889999999999997
2.777
2.773
2.7699999999999996
2.763
2.758
2.7549999999999994
2.754
2.758
2.762
2.761
2.758
2.7539999999999996
2.753
2.753
2.7500000000000004
2.746
2.7429999999999994
2.7359999999999998
2.731
2.7259999999999995
2.7199999999999998
2.719
2.717
2.7110000000000003
2.707
2.708
2.706
2.702
2.699
2.6989999999999994
2.6979999999999995
2.6879999999999997
2.6790000000000007
2.672
2.664
2.6569999999999996
2.6490000000000005
2.64
2.6290000000000004
2.622
2.617
2.614
2.609
2.603
2.594
2.5829999999999997
2.5740000000000003
2.563
2.554
2.545
2.537
2.528
2.5180000000000002
2.5149999999999997
2.5109999999999997
2.5090000000000003
2.5069999999999997
2.5050000000000003
2.503
2.491
2.4739999999999998
2.4610000000000003
2.447
2.439
2.435
2.428
2.417
2.412
2.408
2.405
2.403
2.404
2.408
2.406
2.4
2.399
2.396
2.397
2.3970000000000002
2.393
2.387
2.3890000000000002
2.3920000000000003
2.3970000000000002
2.402
2.4019999999999997
2.403
2.3939999999999997
2.3810000000000002
2.3750000000000004
2.369
2.3670000000000004
2.365
2.3609999999999998
2.358
2.357
2.355
2.358
2.36
2.3569999999999998
2.352
2.3419999999999996
2.33
2.318
2.305
2.2969999999999997
2.289
2.277
2.265
2.2569999999999997
2.25
2.247
2.2430000000000003
2.242
2.2409999999999997
2.2359999999999998
2.23
2.2279999999999998
2.227
2.231
2.2369999999999997
2.2369999999999997
2.2359999999999998
2.2369999999999997
2.2379999999999995
2.236
2.234
2.231
2.2270000000000003
2.225
2.226
2.234
2.2419999999999995
2.254
2.268
2.275
2.28
2.285
2.2899999999999996
2.291
2.291
2.287
2.2830000000000004
2.28
2.2779999999999996
2.276
2.275
2.278
2.279
2.2749999999999995
2.2680000000000002
2.2609999999999997
2.252
2.2409999999999997
2.231
2.216
2.2009999999999996
2.184
2.166
2.1569999999999996
2.149
2.145
2.144
2.137
2.1289999999999996
2.1220000000000003
2.114
2.106
2.0980000000000003
2.087
2.073
2.058
2.042
2.028
2.016
2.006
1.997
1.983
1.968
1.956
1.9460000000000002
1.9380000000000002
1.9300000000000002
1.917
1.9040000000000001
1.896
1.889
1.889
1.893
1.895
1.8980000000000001
1.898
1.897
1.8980000000000004
1.8980000000000001
1.899
1.9000000000000001
1.8960000000000001
1.891
1.8860000000000001
1.8810000000000002
1.8769999999999998
1.873
1.87
1.8659999999999999
1.86
1.854
1.8510000000000002
1.848
1.8460000000000003
1.8430000000000002
1.8390000000000004
1.8350000000000004
1.83
1.8250000000000002
1.82
1.8150000000000002
1.811
1.804
1.797
1.79
1.787
1.7860000000000003
1.786
1.786
1.783
1.778
1.7770000000000001
1.776
1.771
1.7660000000000002
1.764
1.7610000000000001
1.752
1.7420000000000002
1.739
1.7360000000000002
1.7290000000000003
1.724
1.7169999999999999
1.7100000000000002
1.703
1.697
1.693
1.6880000000000002
1.6850000000000005
1.679
1.6710000000000003
1.666
1.665
1.668
1.668
1.6689999999999998
1.6719999999999997
1.6729999999999998
1.676
1.68
1.686
1.692
1.697
1.7000000000000002
1.701
1.702
1.709
1.716
1.7229999999999999
1.731
1.7259999999999998
1.7189999999999999
1.7139999999999997
1.7089999999999999
1.703
1.6969999999999998
1.6950000000000003
1.6940000000000002
1.694
1.6929999999999998
1.6960000000000002
1.698
1.6980000000000002
1.695
1.69
1.686
1.682
1.6779999999999997
1.674
1.6699999999999997
1.6689999999999998
1.6680000000000001
1.666
1.663
1.663
1.6640000000000001
1.667
1.6700000000000002
1.6749999999999998
1.682
1.6889999999999998
1.6960000000000002
1.708
1.721
1.7340000000000002
1.747
1.7579999999999998
1.7690000000000001
1.778
1.7860000000000003
1.792
1.798
1.8030000000000004
1.8089999999999997
1.8170000000000002
1.8250000000000002
1.834
1.8419999999999996
1.8500000000000003
1.8579999999999999
1.8610000000000002
1.8659999999999997
1.868
1.8679999999999997
1.866
1.8629999999999998
1.8599999999999999
1.8559999999999999
1.8530000000000002
1.8499999999999999
1.8430000000000002
1.836
1.829
1.8190000000000002
1.8079999999999998
1.7979999999999996
1.791
1.785
1.7739999999999998
1.7639999999999998
1.759
1.752
1.7459999999999998
1.7400000000000002
1.738
1.734
1.73
1.726
1.72
1.7129999999999999
1.7069999999999999
1.698
1.6880000000000002
1.6759999999999997
1.67
1.6629999999999998
1.6540000000000001
1.646
1.6410000000000002
1.6349999999999998
1.6249999999999998
1.6159999999999997
1.607
1.5989999999999998
1.5909999999999997
1.5809999999999997
1.5710000000000004
1.5609999999999997
1.55
1.5379999999999998
1.537
1.5379999999999998
1.54
1.5429999999999997
1.5450000000000002
1.5459999999999998
1.5470000000000002
1.547
1.5460000000000003
1.545
1.542
1.539
1.537
1.5359999999999998
1.534
1.531
1.5299999999999998
1.529
1.5250000000000001
1.5189999999999997
1.512
1.505
1.501
1.4979999999999998
1.494
1.488
1.4799999999999998
1.4729999999999999
1.4620000000000002
1.4489999999999998
1.437
1.4249999999999998
1.4090000000000003
1.3920000000000001
1.3790000000000002
1.3670000000000002
1.358
1.348
1.342
1.3370000000000002
1.332
1.326
1.3190000000000002
1.311
1.2990000000000002
1.2859999999999998
1.2690000000000001
1.253
1.241
1.228
1.2189999999999999
1.208
1.1989999999999998
1.19
1.183
1.1780000000000002
1.1700000000000002
1.161
1.153
1.147
1.142
1.137
1.133
1.131
1.1280000000000001
1.125
1.122
1.1199999999999999
1.122
1.125
1.123
1.121
1.1199999999999999
1.119
1.117
1.1150000000000002
1.114
1.1130000000000002
1.113
1.116
1.1179999999999999
1.1190000000000002
1.121
1.1230000000000002
1.1179999999999999
1.112
1.106
1.0999999999999999
1.0930000000000002
1.088
1.085
1.083
1.083
1.083
1.081
1.08
1.08
1.08
1.0779999999999998
1.077
1.0739999999999998
1.0699999999999998
1.065
1.0589999999999997
1.0539999999999998
1.049
1.044
1.041
1.036
1.031
1.027
1.0239999999999998
1.019
1.0139999999999998
1.007
0.999
0.9909999999999999
0.9819999999999999
0.977
0.9719999999999999
0.97
0.9659999999999999
0.955
0.9439999999999998
0.9339999999999998
0.926
0.918
0.9099999999999999
0.9039999999999999
0.8989999999999999
0.8959999999999999
0.8959999999999999
0.8979999999999999
0.899
0.901
0.903
0.903
0.903
0.902
0.9
0.897
0.894
0.89
0.886
0.885
0.884
0.883
0.881
0.88
0.881
0.879
0.8759999999999999
0.8739999999999999
0.8729999999999999
0.8719999999999999
0.868
0.863
0.8599999999999999
0.8589999999999999
0.8580000000000001
0.8540000000000001
0.85
0.848
0.844
0.839
0.834
0.831
0.828
0.825
0.821
0.82
0.822
0.824
0.827
0.828
0.829
0.829
0.83
0.831
0.83
0.833
0.837
0.838
0.838
0.842
0.847
0.853
0.858
0.862
0.863
0.866
0.867
0.867
0.866
0.8679999999999999
0.869
0.865
0.865
0.866
0.867
0.871
0.876
0.877
0.879
0.883
0.888
0.892
0.897
0.903
0.9099999999999999
0.9149999999999999
0.9179999999999999
0.9209999999999999
0.9229999999999999
0.9289999999999999
0.939
0.945
0.95
0.954
0.958
0.96
0.962
0.969
0.975
0.977
0.978
0.976
0.974
0.975
0.975
0.9730000000000001
0.968
0.964
0.96
0.955
0.949
0.9440000000000001
0.939
0.9309999999999999
0.9229999999999999
0.9159999999999999
0.909
0.9039999999999999
0.899
0.893
0.887
0.884
0.883
0.88
0.876
0.8739999999999999
0.873
0.872
0.87
0.866
0.862
0.861
0.858
0.855
0.851
0.848
0.845
0.841
0.837
0.834
0.83
0.824
0.817
0.8099999999999999
0.8029999999999999
0.7959999999999999
0.786
0.777
0.769
0.763
0.758
0.754
0.749
0.743
0.737
0.729
0.721
0.714
0.709
0.703
0.698
0.694
0.69
0.6859999999999999
0.6809999999999999
0.6769999999999999
0.6729999999999999
0.6669999999999999
0.6599999999999999
0.6519999999999999
0.6439999999999999
0.6399999999999999
0.6319999999999999
0.6269999999999999
0.6209999999999999
0.615
0.6090000000000001
0.6060000000000001
0.602
0.599
0.595
0.5900000000000001
0.583
0.577
0.573
0.5720000000000001
0.5740000000000001
0.5770000000000001
0.5810000000000001
0.583
0.583
0.582
0.582
0.582
0.583
0.583
0.583
0.582
0.582
0.586
0.59
0.595
0.6
0.601
0.602
0.602
0.604
0.6069999999999999
0.61
0.6089999999999999
0.608
0.6069999999999999
0.6069999999999999
0.611
0.616
0.62
0.624
0.628
0.633
0.634
0.635
0.636
0.635
0.634
0.633
0.632
0.631
0.629
0.628
0.628
0.629
0.629
0.63
0.631
0.632
0.636
0.641
0.646
0.651
0.655
0.659
0.665
0.671
0.675
0.6779999999999999
0.68
0.6819999999999999
0.684
0.6839999999999999
0.684
0.685
0.6829999999999999
0.681
0.6809999999999999
0.6819999999999999
0.6829999999999999
0.6839999999999999
0.6849999999999999
0.6839999999999999
0.6829999999999999
0.681
0.6759999999999999
0.671
0.6659999999999999
0.663
0.659
0.6559999999999999
0.653
0.6499999999999999
0.647
0.645
0.643
0.6420000000000001
0.6399999999999999
0.6379999999999999
0.6339999999999999
0.629
0.625
0.621
0.6159999999999999
0.611
0.6060000000000001
0.601
0.597
0.589
0.5800000000000001
0.569
0.556
0.5429999999999999
0.5289999999999999
0.514
0.504
0.494
0.48500000000000004
0.47600000000000003
0.4679999999999999
0.4599999999999999
0.453
0.445
0.437
0.429
0.422
0.414
0.406
0.398
0.392
0.384
0.375
0.366
0.363
0.36
0.358
0.356
0.351
0.345
0.34199999999999997
0.33899999999999997
0.33499999999999996
0.33
0.329
0.328
0.327
0.326
0.325
0.325
0.326
0.327
0.32699999999999996
0.32599999999999996
0.32599999999999996
0.325
0.325
0.324
0.321
0.319
0.317
0.314
0.311
0.308
0.30600000000000005
0.30400000000000005
0.30000000000000004
0.29700000000000004
0.29700000000000004
0.29700000000000004
0.29800000000000004
0.30000000000000004
0.30100000000000005
0.30300000000000005
0.30500000000000005
0.30600000000000005
0.30900000000000005
0.31200000000000006
0.31400000000000006
0.31500000000000006
0.31400000000000006
0.31200000000000006
0.31000000000000005
0.30800000000000005
0.30500000000000005
0.30300000000000005
0.30300000000000005
0.30300000000000005
0.30400000000000005
0.30400000000000005
0.304
0.303
0.303
0.303
0.304
0.304
0.303
0.302
0.3
0.298
0.298
0.298
0.299
0.301
0.301
0.301
0.302
0.302
0.301
0.3
0.30000000000000004
0.30000000000000004
0.30000000000000004
0.30100000000000005
0.30400000000000005
0.30700000000000005
0.311
0.315
0.317
0.319
0.32
0.321
0.322
0.324
0.323
0.322
0.321
0.32
0.321
0.322
0.324
0.326
0.328
0.33
0.328
0.326
0.323
0.31900000000000006
0.31800000000000006
0.31700000000000006
0.31400000000000006
0.31100000000000005
0.30900000000000005
0.30800000000000005
0.30800000000000005
0.30800000000000005
0.30800000000000005
0.30800000000000005
0.30800000000000005
0.30700000000000005
0.30700000000000005
0.30700000000000005
0.30600000000000005
0.30500000000000005
0.30300000000000005
0.302
0.3
0.298
0.297
0.296
0.295
0.295
0.296
0.299
0.30199999999999994
0.30599999999999994
0.312
0.318
0.322
0.326
0.329
0.33199999999999996
0.333
0.333
0.333
0.333
0.331
0.32900000000000007
0.32700000000000007
0.32500000000000007
0.325
0.327
0.32799999999999996
0.328
0.329
0.329
0.32699999999999996
0.32599999999999996
0.32499999999999996
0.32399999999999995
0.32199999999999995
0.32099999999999995
0.32099999999999995
0.32199999999999995
0.32199999999999995
0.32199999999999995
0.32199999999999995
0.322
0.32399999999999995
0.32599999999999996
0.32499999999999996
0.32499999999999996
0.32399999999999995
0.32300000000000006
0.32200000000000006
0.32100000000000006
0.32100000000000006
0.32099999999999995
0.31999999999999995
0.31899999999999995
0.31699999999999995
0.315
0.315
0.31300000000000006
0.31100000000000005
0.31000000000000005
0.308
0.30600000000000005
0.30400000000000005
0.30100000000000005
0.30000000000000004
0.29900000000000004
0.29800000000000004
0.29700000000000004
0.29800000000000004
0.29900000000000004
0.30100000000000005
0.30300000000000005
0.30300000000000005
0.30300000000000005
0.30300000000000005
0.30300000000000005
0.30200000000000005
0.30100000000000005
0.30200000000000005
0.30300000000000005
0.30500000000000005
0.30700000000000005
0.30800000000000005
0.311
0.315
0.32
0.325
0.329
0.33
0.331
0.33
0.33
0.33
0.329
0.325
0.321
0.319
0.317
0.316
0.314
0.312
0.31
0.308
0.305
0.302
0.298
0.294
0.288
0.282
0.27499999999999997
0.26799999999999996
0.25999999999999995
0.25299999999999995
0.24600000000000005
0.23900000000000005
0.23100000000000004
0.22600000000000003
0.22100000000000003
0.21600000000000003
0.21100000000000002
0.20700000000000002
0.203
0.199
0.197
0.195
0.192
0.191
0.191
0.19
0.189
0.188
0.187
0.187
0.188
0.189
0.189
0.188
0.186
0.185
0.186
0.188
0.189
0.189
0.189
0.189
0.188
0.188
0.188
0.19
0.192
0.193
0.195
0.197
0.2
0.202
0.20600000000000002
0.21200000000000002
0.21799999999999997
0.22199999999999998
0.22499999999999998
0.22799999999999998
0.23099999999999998
0.23399999999999999
0.237
0.24
0.244
0.246
0.249
0.251
0.253
0.253
0.253
0.254
0.256
0.257
0.25799999999999995
0.25999999999999995
0.26199999999999996
0.26299999999999996
0.26399999999999996
0.263
0.262
0.261
0.258
0.255
0.251
0.247
0.243
0.241
0.239
0.241
0.242
0.242
0.242
0.244
0.247
0.249
0.251
0.252
0.253
0.255
0.257
0.259
0.261
0.262
0.263
0.264
0.265
0.266
0.267
0.266
0.265
0.264
0.264
0.265
0.266
0.267
0.268
0.269
0.269
0.269
0.269
0.269
0.267
0.264
0.261
0.258
0.255
0.253
0.252
0.254
0.255
0.255
0.254
0.253
0.252
0.251
0.25
0.25
0.24800000000000003
0.24600000000000002
0.24400000000000002
0.24000000000000002
0.23600000000000002
0.23500000000000001
0.234
0.232
0.229
0.227
0.225
0.224
0.222
0.22
0.217
0.216
0.21300000000000002
0.20800000000000002
0.203
0.2
0.197
0.194
0.19100000000000003
0.18900000000000003
0.18800000000000003
0.18500000000000003
0.18200000000000002
0.18000000000000002
0.17600000000000002
0.17300000000000001
0.17
0.169
0.168
0.168
0.167
0.166
0.165
0.164
0.16399999999999998
0.16299999999999998
0.16199999999999998
0.16199999999999998
0.163
0.163
0.164
0.165
0.166
0.167
0.168
0.169
0.17
0.168
0.166
0.16399999999999998
0.16199999999999998
0.15999999999999998
0.157
0.155
0.153
0.15200000000000002
0.15100000000000002
0.15100000000000002
0.15100000000000002
0.15100000000000002
0.15100000000000002
0.15100000000000002
0.15100000000000002
0.15000000000000002
0.14900000000000002
0.14800000000000002
0.14700000000000002
0.14700000000000002
0.14700000000000002
0.14700000000000002
0.14600000000000002
0.14600000000000002
0.14600000000000002
0.14600000000000002
0.14600000000000002
0.14600000000000002
0.146
0.146
0.146
0.145
0.14400000000000002
0.14400000000000002
0.14400000000000002
0.145
0.146
0.147
0.147
0.146
0.145
0.14300000000000002
0.14100000000000001
0.14
0.139
0.138
0.137
0.136
0.135
0.134
0.133
0.134
0.135
0.136
0.137
0.138
0.139
0.138
0.137
0.135
0.13299999999999998
0.13199999999999998
0.131
0.129
0.127
0.125
0.123
0.121
0.119
0.11699999999999999
0.11499999999999999
0.11299999999999999
0.10999999999999999
0.10799999999999998
0.10499999999999998
0.10299999999999998
0.101
0.1
0.099
0.098
0.097
0.096
0.095
0.094
0.093
0.091
0.088
0.08600000000000002
0.08400000000000002
0.08200000000000002
0.07999999999999999
0.07900000000000001
0.07700000000000001
0.07500000000000001
0.07300000000000001
0.07200000000000001
0.07100000000000001
0.07
0.069
0.06799999999999999
0.06699999999999999
0.067
0.067
0.067
0.067
0.067
0.067
0.067
0.067
0.065
0.064
0.062000000000000006
0.060000000000000005
0.059000000000000004
0.058
0.058
0.058
0.058
0.059000000000000004
0.060000000000000005
0.061
0.062
0.064
0.065
0.066
0.067
0.068
0.067
0.066
0.065
0.064
0.064
0.064
0.065
0.066
0.066
0.066
0.066
0.066
0.066
0.066
0.067
0.068
0.068
0.068
0.068
0.07
0.07100000000000001
0.07200000000000001
0.07300000000000001
0.07400000000000001
0.075
0.076
0.077
0.078
0.079
0.08
0.08
0.08
0.08
0.08
0.08
0.081
0.083
0.085
0.08700000000000001
0.09
0.09299999999999999
0.09699999999999999
0.10099999999999999
0.105
0.108
0.11099999999999999
0.11399999999999999
0.11699999999999999
0.118
0.11900000000000001
0.12000000000000001
0.12100000000000001
0.122
0.123
0.123
0.12299999999999998
0.12299999999999998
0.12299999999999998
0.12399999999999999
0.12499999999999999
0.126
0.127
0.127
0.126
0.12499999999999999
0.12399999999999999
0.12299999999999998
0.12199999999999998
0.12000000000000001
0.11800000000000001
0.116
0.114
0.113
0.113
0.113
0.114
0.115
0.116
0.117
0.11800000000000001
0.11900000000000001
0.12000000000000001
0.12100000000000001
0.12100000000000001
0.12200000000000001
0.12300000000000001
0.12500000000000003
0.12700000000000003
0.12900000000000003
0.131
0.133
0.134
0.134
0.134
0.134
0.133
0.132
0.131
0.13
0.129
0.13
0.131
0.132
0.133
0.134
0.135
0.134
0.133
0.132
0.131
0.131
0.131
0.131
0.131
0.131
0.131
0.132
0.133
0.134
0.133
0.131
0.129
0.127
0.126
0.124
0.12200000000000003
0.12000000000000002
0.11800000000000002
0.11600000000000002
0.11400000000000002
0.11400000000000002
0.115
0.116
0.117
0.11800000000000001
0.11800000000000001
0.117
0.11599999999999999
0.11399999999999999
0.11099999999999999
0.10799999999999998
0.104
0.09999999999999999
0.096
0.093
0.09
0.087
0.08399999999999999
0.08199999999999999
0.08
0.078
0.076
0.07400000000000001
0.07200000000000001
0.07100000000000001
0.07
0.069
0.068
0.067
0.066
0.065
0.064
0.065
0.066
0.067
0.069
0.07100000000000001
0.07300000000000001
0.07400000000000001
0.07500000000000001
0.07500000000000001
0.07500000000000001
0.07500000000000001
0.07400000000000001
0.07400000000000001
0.07300000000000001
0.07200000000000001
0.07100000000000001
0.07100000000000001
0.07100000000000001
0.07100000000000001
0.07200000000000001
0.07400000000000001
0.07600000000000001
0.07500000000000001
0.07400000000000001
0.07200000000000001
0.07
0.068
0.066
0.064
0.062000000000000006
0.062000000000000006
0.062000000000000006
0.062000000000000006
0.062000000000000006
0.062000000000000006
0.062000000000000006
0.061000000000000006
0.06
0.060000000000000005
0.060000000000000005
0.062000000000000006
0.064
0.065
0.066
0.068
0.07
0.07
0.07
0.069
0.068
0.067
0.067
0.067
0.067
0.067
0.067
0.067
0.068
0.069
0.07
0.07
0.06899999999999999
0.06899999999999999
0.07
0.07100000000000001
0.07200000000000001
0.07400000000000001
0.07600000000000001
0.07800000000000001
0.07900000000000001
0.08000000000000002
0.08100000000000002
0.08200000000000002
0.08300000000000002
0.08200000000000002
0.08100000000000002
0.08100000000000002
0.08100000000000002
0.08100000000000002
0.08100000000000002
0.08100000000000002
0.08200000000000002
0.08300000000000002
0.08400000000000002
0.08500000000000002
0.08600000000000002
0.08700000000000001
0.08800000000000001
0.08800000000000001
0.08800000000000001
0.08800000000000001
0.08800000000000001
0.08800000000000001
0.08800000000000001
0.08800000000000001
0.08800000000000001
0.08800000000000001
0.08800000000000001
0.08800000000000001
0.08800000000000001
0.08700000000000001
0.08600000000000001
0.085
0.083
0.081
0.079
0.07800000000000001
0.07700000000000001
0.07700000000000001
0.07700000000000001
0.07700000000000001
0.07700000000000001
0.07600000000000001
0.07500000000000001
0.07400000000000001
0.07300000000000001
0.07100000000000001
0.069
0.067
0.064
0.061
0.057999999999999996
0.057999999999999996
0.057999999999999996
0.057999999999999996
0.057999999999999996
0.057999999999999996
0.057999999999999996
0.057999999999999996
0.057999999999999996
0.056999999999999995
0.05600000000000001
0.05500000000000001
0.054000000000000006
0.053000000000000005
0.052000000000000005
0.052000000000000005
0.052000000000000005
0.051000000000000004
0.05
0.047
0.044
0.04200000000000001
0.04000000000000001
0.038000000000000006
0.036000000000000004
0.038000000000000006
0.04
0.041
0.042
0.043000000000000003
0.043000000000000003
0.043000000000000003
0.043
0.042
0.041
0.04
0.038000000000000006
0.037000000000000005
0.036000000000000004
0.036000000000000004
0.037000000000000005
0.037000000000000005
0.036000000000000004
0.035
0.034
0.03200000000000001
0.030000000000000002
0.028
0.026
0.023999999999999997
0.022
0.02
0.019
0.019
0.019
0.019
0.019
0.019
0.019
0.019
0.018000000000000002
0.017
0.016
0.015
0.014000000000000002
0.013000000000000001
0.012
0.012
0.012
0.012
0.013000000000000001
0.014000000000000002
0.015
0.015
0.015
0.015
0.015
0.016
0.017
0.018000000000000002
0.019000000000000003
0.02
0.020999999999999998
0.020999999999999998
0.020999999999999998
0.020999999999999998
0.020999999999999998
0.020999999999999998
0.020999999999999998
0.020999999999999998
0.020999999999999998
0.020999999999999998
0.020999999999999998
0.020999999999999998
0.020999999999999998
0.020999999999999998
0.020999999999999998
0.020999999999999998
0.020999999999999998
0.020999999999999998
0.020999999999999998
0.020999999999999998
0.020999999999999998
0.020999999999999998
0.020999999999999998
0.020999999999999998
0.020999999999999998
0.023
0.024999999999999998
0.026999999999999996
0.028999999999999998
0.031
0.033
0.035
0.037
0.037
0.037
0.037
0.037
0.037
0.037
0.037
0.037
0.037
0.037
0.035
0.033
0.032
0.031
0.030000000000000002
0.029
0.028
0.027000000000000003
0.027000000000000003
0.028
0.030000000000000002
0.032
0.034
0.036000000000000004
0.038
0.039
0.041
0.043
0.045
0.047
0.047
0.047
0.047
0.047
0.047
0.047
0.047
0.046
0.046
0.046
0.046
0.046
0.046
0.046
0.046
0.046
0.046
0.046
0.047
0.048
0.049
0.05
0.051000000000000004
0.052
0.052
0.051
0.049999999999999996
0.048999999999999995
0.048999999999999995
0.048999999999999995
0.051
0.053
0.054
0.055
0.055
0.055
0.055
0.05500000000000001
0.05500000000000001
0.05500000000000001
0.05500000000000001
0.05500000000000001
0.05500000000000001
0.05600000000000001
0.05700000000000001
0.05800000000000001
0.05800000000000001
0.05800000000000001
0.05800000000000001
0.05800000000000001
0.05800000000000001
0.059
0.059
0.059
0.059
0.059
0.059
0.059
0.059
0.059
0.059
0.059
0.056999999999999995
0.05499999999999999
0.053
0.051
0.048999999999999995
0.047
0.045
0.043
0.043
0.043
0.043
0.043
0.043
0.043
0.043
0.043
0.043
0.043
0.043
0.043
0.043
0.043
0.043
0.043
0.043
0.043
0.043
0.04200000000000001
0.04000000000000001
0.038000000000000006
0.036000000000000004
0.034
0.032
0.030000000000000002
0.028
0.026000000000000002
0.024000000000000004
0.022000000000000002
0.022000000000000002
0.022000000000000002
0.022000000000000002
0.022000000000000002
0.022000000000000002
0.022000000000000002
0.022000000000000002
0.022000000000000002
0.022000000000000002
0.022000000000000002
0.022000000000000002
0.022000000000000002
0.022000000000000002
0.022000000000000002
0.022000000000000002
0.022000000000000002
0.022000000000000002
0.022000000000000002
0.021
0.02
0.019
0.018000000000000002
0.017
0.016
0.016
0.016
0.016
0.016
0.016
0.016
0.014000000000000002
0.012
0.010000000000000002
0.008
0.007
0.006
0.005
0.004
0.004
0.004
0.004
0.005
0.006
0.006
0.006
0.006
0.007
0.008
0.009000000000000001
0.009999999999999998
0.011
0.011
0.011
0.011
0.011
0.011
0.011
0.011
0.011
0.011
0.011
0.011
0.011
0.011
0.011
0.011
0.011
0.011
0.011
0.011
0.011
0.011
0.011
0.011
0.011
0.011
0.011
0.011
0.011
0.011
0.011
0.011
0.011
0.011
0.011
0.011
0.011
0.011
0.011
0.011
0.011
0.011
0.011
0.011
0.011
0.011
0.011
0.011
0.011
0.011
0.011
0.011
0.011
0.011
0.011
0.011
0.011
0.011
0.011
0.011
0.011
0.011
0.011
0.011
0.011
0.011
0.011
0.011
0.011
0.011
0.011
0.011
0.011
0.011
0.011
0.011
0.011
0.011
0.011
0.011
0.011
0.011
0.011
0.011
0.011
0.011
0.011
0.011
0.011
0.011
0.011
0.01
0.009
0.008
0.007000000000000001
0.006
0.005
0.004
0.003
0.002
0.001
0.0
0.0
0.0
0.0
0.0
0.0
0.0
0.0
0.0
0.0
0.0
0.0
0.0
0.0
0.0
0.0
0.0
0.0
0.0
0.0
0.0
0.0
0.0
0.0
0.0
0.0
0.0
0.0
0.0
0.0
0.0
0.0
0.0
0.0
0.0
0.0
0.0
0.0
0.001
0.002
0.003
0.004
0.006
0.008
0.010000000000000002
0.012
0.013999999999999999
0.016
0.018000000000000002
0.019
0.019999999999999997
0.020999999999999998
0.023
0.025
0.027
0.028
0.029
0.030000000000000002
0.031000000000000003
0.032
0.033
0.033
0.033
0.033
0.033
0.033
0.033
0.033
0.033
0.033
0.033
0.033
0.033
0.033
0.033
0.033
0.033
0.033
0.033
0.033
0.033
0.033
0.033
0.033
0.033
0.033
0.033
0.033
0.033
0.033
0.033
0.033
0.033
0.033
0.033
0.033
0.033
0.033
0.033
0.033
0.033
0.033
0.033
0.033
0.033
0.033
0.033
0.033
0.033
0.033
0.033
0.033
0.033
0.033
0.033
0.033
0.033
0.033
0.033
0.033
0.033
0.033
0.033
0.033
0.033
0.033
0.033
0.033
0.033
0.033
0.033
0.033
0.033
0.033
0.033
0.033
0.033
0.033
0.032
0.031
0.030000000000000002
0.029
0.027
0.024999999999999998
0.023
0.020999999999999998
0.019
0.017
0.015
0.013999999999999999
0.013
0.012
0.01
0.008
0.006
0.005
0.004
0.003
0.002
0.001
0.0
0.0
0.0
0.001
0.002
0.003
0.004
0.005
0.006
0.007000000000000001
0.008
0.009
0.01
0.01
0.01
0.01
0.01
0.01
0.01
0.01
0.01
0.01
0.01
0.01
0.01
0.01
0.01
0.01
0.01
0.01
0.01
0.01
0.01
0.01
0.01
0.01
0.01
0.01
0.01
0.01
0.01
0.01
0.01
0.01
0.01
0.01
0.01
0.01
0.01
0.01
0.01
0.011
0.012
0.013000000000000001
0.014
0.015
0.016
0.017
0.018000000000000002
0.018000000000000002
0.018000000000000002
0.018000000000000002
0.018000000000000002
0.018000000000000002
0.018000000000000002
0.018000000000000002
0.018000000000000002
0.018000000000000002
0.018000000000000002
0.018000000000000002
0.018000000000000002
0.018000000000000002
0.018000000000000002
0.018000000000000002
0.018000000000000002
0.018000000000000002
0.018000000000000002
0.018000000000000002
0.018000000000000002
0.018000000000000002
0.018000000000000002
0.018000000000000002
0.018000000000000002
0.018000000000000002
0.018000000000000002
0.018000000000000002
0.018000000000000002
0.018000000000000002
0.018000000000000002
0.018000000000000002
0.018000000000000002
0.018000000000000002
0.018000000000000002
0.018000000000000002
0.018000000000000002
0.018000000000000002
0.018000000000000002
0.018000000000000002
0.018000000000000002
0.018000000000000002
0.018000000000000002
0.018000000000000002
0.018000000000000002
0.017
0.016
0.015000000000000001
0.014
0.013000000000000001
0.012
0.011
0.01
0.009000000000000001
0.008
0.008
0.008
0.008
0.008
0.008
0.008
0.008
0.008
0.008
0.008
0.008
0.008
0.008
0.008
0.008
0.008
0.008
0.008
0.008
0.008
0.008
0.008
0.008
0.008
0.008
0.008
0.008
0.008
0.008
0.008
0.008
0.008
0.008
0.008
0.008
0.008
0.008
0.008
0.007000000000000001
0.006
0.005
0.004
0.003
0.002
0.001
0.0
0.0
0.0
0.0
0.0
0.0
0.0
0.0
0.0
0.0
0.0
0.0
0.0
0.0
0.0
0.0
0.0
0.0
0.0
0.0
0.0
0.0
0.0
0.0
0.0
0.0
0.0
0.0
0.0
0.0
0.0
0.0
0.0
0.0
0.0
0.0
0.0
0.0
0.0
0.0
0.0
0.0
0.0
0.0
0.0
0.0
0.0
0.0
0.0
0.0
0.0
0.0
0.0
0.0
0.0
0.0
0.0
0.0
0.0
0.0
0.0
0.0
0.0
0.0
0.0
0.0
0.0
0.0
0.0
0.0
0.0
0.0
0.0
0.0
0.0
0.0
0.0
0.0
0.0
0.0
0.0
0.0
0.0
0.001
0.002
0.003
0.004
0.005
0.006
0.007000000000000001
0.008
0.009
0.01
0.011
0.012
0.012
0.012
0.012
0.012
0.012
0.012
0.012
0.012
0.012
0.012
0.012
0.012
0.012
0.012
0.012
0.012
0.012
0.012
0.012
0.012
0.012
0.012
0.012
0.012
0.012
0.012
0.012
0.012
0.012
0.012
0.012
0.012
0.012
0.012
0.012
0.012
0.012
0.012
0.012
0.012
0.012
0.012
0.012
0.012
0.012
0.012
0.012
0.012
0.012
0.012
0.012
0.012
0.012
0.012
0.012
0.012
0.012
0.012
0.012
0.012
0.012
0.012
0.012
0.012
0.012
0.012
0.012
0.012
0.012
0.012
0.012
0.012
0.012
0.012
0.012
0.012
0.012
0.012
0.012
0.012
0.012
0.012
0.012
0.012
0.012
0.012
0.012
0.012
0.011
0.01
0.009
0.008
0.007000000000000001
0.006
0.005
0.004
0.003
0.002
0.001
0.0
0.0
0.0
0.0
0.0
0.0
0.0
0.0
0.0
0.0
0.0
0.0
0.0
0.0
0.0
0.0
0.0
0.0
0.0
0.0
0.0
0.0
0.0
0.0
0.0
0.0
0.0
0.0
0.0
0.0
0.0
0.0
0.0
0.0
0.0
0.0
0.0
0.0
0.0
0.0
0.0
0.0
0.0
0.0
0.0
0.0
0.0
0.0
0.0
0.0
0.0
0.0
0.0
0.0
0.0
0.0
0.0
0.0
0.0
0.0
0.0
0.0
0.0
0.0
0.0
0.0
0.0
0.0
0.0
0.0
0.0
0.0
0.0
0.0
0.0
0.0
0.0
0.0
0.0
0.0
0.0
0.0
0.0
0.0
0.0
0.0
0.0
0.0
0.0
0.0
0.0
0.0
0.0
0.0
0.0
0.0
0.0
0.0
0.0
0.0
0.0
0.0
0.0
0.0
0.0
0.0
0.0
0.0
0.0
0.0
0.0
0.0
0.0
0.0
0.0
0.0
0.0
0.0
0.0
0.0
0.0
0.0
0.0
0.0
0.0
0.0
0.0
0.0
0.0
0.0
0.0
0.0
0.0
0.0
0.0
0.0
0.0
0.0
0.0
0.0
0.0
0.0
0.0
0.0
0.0
0.0
0.0
0.0
0.0
0.0
0.0
0.0
0.0
0.0
0.0
0.0
0.0
0.0
