0.04200000000000001
0.04400000000000001
0.046000000000000006
0.046000000000000006
0.046000000000000006
0.046000000000000006
0.046000000000000006
0.046000000000000006
0.046000000000000006
0.046000000000000006
0.046000000000000006
0.046000000000000006
0.046000000000000006
0.046000000000000006
0.048
0.05
0.052000000000000005
0.052000000000000005
0.052000000000000005
0.054000000000000006
0.056
0.062
0.07
0.07800000000000001
0.086
0.094
0.10200000000000001
0.10800000000000001
0.11599999999999999
0.126
0.138
0.14200000000000002
0.14600000000000002
0.152
0.158
0.164
0.17
0.17600000000000002
0.18200000000000002
0.188
0.194
0.202
0.212
0.224
0.236
0.242
0.248
0.254
0.262
0.268
0.27399999999999997
0.282
0.29
0.3
0.31
0.32
0.33
0.33999999999999997
0.35
0.354
0.358
0.362
0.366
0.372
0.38
0.388
0.396
0.404
0.41400000000000003
0.42600000000000005
0.438
0.45
0.462
0.47400000000000003
0.486
0.502
0.52
0.54
0.5640000000000001
0.5800000000000001
0.5960000000000001
0.612
0.632
0.65
0.668
0.686
0.706
0.72
0.734
0.75
0.768
0.79
0.8140000000000001
0.8380000000000001
0.8640000000000001
0.8880000000000001
0.9120000000000001
0.9280000000000002
0.9420000000000001
0.9600000000000001
0.98
0.988
0.998
1.01
1.024
1.0379999999999998
1.052
1.0619999999999998
1.072
1.084
1.096
1.108
1.12
1.1360000000000001
1.1520000000000001
1.162
1.1760000000000002
1.194
1.2120000000000002
1.23
1.2480000000000002
1.2560000000000002
1.2600000000000002
1.266
1.2720000000000002
1.278
1.288
1.3
1.31
1.316
1.322
1.336
1.35
1.362
1.3760000000000001
1.38
1.3820000000000001
1.384
1.3900000000000001
1.396
1.4020000000000001
1.4080000000000004
1.416
1.4220000000000002
1.4300000000000002
1.444
1.4579999999999997
1.4739999999999998
1.49
1.494
1.496
1.496
1.498
1.5
1.502
1.506
1.512
1.516
1.52
1.53
1.542
1.556
1.572
1.582
1.59
1.604
1.622
1.6420000000000001
1.662
1.6840000000000002
1.7100000000000002
1.734
1.7560000000000002
1.7740000000000002
1.7919999999999998
1.8079999999999998
1.8239999999999998
1.826
1.8239999999999998
1.83
1.8399999999999999
1.8519999999999999
1.8599999999999999
1.87
1.8820000000000001
1.884
1.8820000000000001
1.884
1.8860000000000001
1.888
1.888
1.888
1.888
1.8899999999999997
1.8900000000000001
1.892
1.8940000000000001
1.908
1.928
1.936
1.94
1.956
1.972
1.9940000000000002
2.016
2.032
2.046
2.064
2.086
2.108
2.138
2.1700000000000004
2.202
2.2239999999999998
2.246
2.266
2.282
2.2960000000000003
2.3120000000000003
2.322
2.3320000000000003
2.3520000000000003
2.374
2.3979999999999997
2.4240000000000004
2.452
2.476
2.49
2.5020000000000002
2.518
2.532
2.546
2.564
2.5780000000000003
2.598
2.63
2.668
2.708
2.75
2.794
2.8399999999999994
2.8819999999999997
2.9219999999999997
2.952
2.978
3.0039999999999996
3.0359999999999996
3.0679999999999996
3.1019999999999994
3.152
3.2079999999999997
3.26
3.308
3.354
3.4000000000000004
3.4379999999999997
3.474
3.5100000000000002
3.546
3.5839999999999996
3.6199999999999997
3.656
3.694
3.74
3.7880000000000003
3.8259999999999996
3.86
3.896
3.9320000000000004
3.958
3.98
3.992
4.006
4.0280000000000005
4.05
4.0680000000000005
4.09
4.128
4.166
4.2059999999999995
4.24
4.274
4.308
4.344
4.384
4.4239999999999995
4.462
4.5040000000000004
4.552
4.596
4.644
4.69
4.734
4.779999999999999
4.8260000000000005
4.869999999999999
4.914
4.952
4.988
5.026
5.068
5.108
5.15
5.182
5.212
5.254
5.303999999999999
5.35
5.390000000000001
5.4319999999999995
5.469999999999999
5.506
5.545999999999999
5.5760000000000005
5.602
5.638
5.678
5.708
5.732
5.763999999999999
5.800000000000001
5.828
5.848000000000001
5.859999999999999
5.8740000000000006
5.895999999999999
5.9239999999999995
5.953999999999999
5.9879999999999995
6.018000000000001
6.0520000000000005
6.088
6.124
6.172000000000001
6.212
6.236
6.250000000000001
6.258
6.264
6.272
6.2780000000000005
6.272
6.268000000000001
6.272
6.284
6.298
6.3100000000000005
6.328
6.346
6.352
6.353999999999999
6.364000000000001
6.376000000000001
6.3919999999999995
6.414000000000001
6.428000000000001
6.438000000000001
6.456
6.478
6.5
6.526
6.552
6.584
6.609999999999999
6.630000000000001
6.656000000000001
6.683999999999999
6.714
6.752
6.782
6.805999999999999
6.837999999999999
6.874
6.9079999999999995
6.948
6.992
7.032
7.062
7.086
7.112
7.146000000000001
7.184
7.226
7.252
7.268000000000001
7.288
7.316000000000001
7.346000000000001
7.3740000000000006
7.41
7.444000000000001
7.468
7.5
7.53
7.56
7.594000000000001
7.632
7.661999999999999
7.688000000000001
7.718
7.748
7.784000000000001
7.818000000000001
7.862
7.91
7.944
7.965999999999999
7.982000000000001
7.999999999999999
8.018
8.034
8.042
8.05
8.076
8.114
8.156
8.200000000000001
8.256
8.322000000000001
8.363999999999999
8.394
8.418000000000001
8.45
8.485999999999999
8.517999999999999
8.54
8.55
8.569999999999999
8.591999999999999
8.623999999999999
8.658
8.706
8.758
8.796
8.838
8.89
8.943999999999999
9.001999999999999
9.06
9.094000000000001
9.116
9.154
9.192
9.242
9.296
9.356
9.426
9.474
9.518
9.556000000000001
9.588
9.611999999999998
9.646
9.656
9.654
9.668000000000001
9.690000000000001
9.708
9.722000000000001
9.738
9.752000000000002
9.754
9.746000000000002
9.738
9.741999999999999
9.752
9.766
9.772
9.767999999999999
9.778
9.802000000000001
9.836
9.872
9.911999999999999
9.956
9.991999999999999
10.022
10.048000000000002
10.08
10.113999999999999
10.15
10.168
10.176
10.2
10.226
10.265999999999998
10.306000000000001
10.347999999999999
10.396
10.44
10.488000000000001
10.546
10.597999999999999
10.654
10.719999999999999
10.771999999999998
10.808
10.856
10.909999999999998
10.982
11.058
11.136
11.22
11.292
11.358
11.432
11.514
11.606
11.698
11.777999999999999
11.854
11.943999999999999
12.034000000000002
12.126000000000001
12.212
12.3
12.384
12.446000000000002
12.496
12.552000000000001
12.613999999999999
12.686
12.764
12.828
12.882000000000001
12.938
13.001999999999999
13.068000000000001
13.132000000000001
13.202000000000002
13.274
13.340000000000002
13.404
13.468
13.524
13.580000000000002
13.642
13.684000000000001
13.718
13.77
13.834
13.906000000000002
13.98
14.046
14.111999999999998
14.156
14.18
14.21
14.234
14.274000000000001
14.325999999999999
14.368
14.396
14.444
14.506
14.572
14.642
14.72
14.806000000000001
14.874000000000002
14.936
14.982000000000001
15.02
15.066
15.106000000000002
15.142
15.18
15.224000000000002
15.277999999999999
15.336
15.391999999999998
15.450000000000001
15.510000000000002
15.558
15.597999999999999
15.624
15.64
15.669999999999998
15.706
15.732000000000001
15.749999999999998
15.782
15.831999999999999
15.882000000000001
15.942
15.995999999999999
16.052
16.087999999999997
16.12
16.144
16.162
16.182
16.206000000000003
16.226000000000003
16.234
16.253999999999998
16.28
16.306
16.334
16.34
16.344
16.324
16.29
16.256
16.218
16.190000000000005
16.166
16.152
16.152
16.162000000000003
16.18
16.198
16.222
16.244
16.258
16.27
16.28
16.3
16.328
16.374
16.421999999999997
16.462
16.494
16.54
16.606
16.68
16.758
16.834
16.914
16.966
16.992
16.994
16.982000000000003
16.976000000000003
16.988
17.004
17.014
17.041999999999998
17.07
17.104000000000003
17.142
17.168
17.196
17.212
17.214000000000002
17.228
17.25
17.290000000000003
17.343999999999998
17.395999999999997
17.448
17.518
17.588
17.658
17.728
17.784
17.832
17.874000000000002
17.913999999999998
17.962
18.017999999999997
18.105999999999998
18.212
18.316
18.412
18.503999999999998
18.59
18.664
18.727999999999998
18.778
18.817999999999998
18.842
18.862000000000002
18.88
18.894000000000002
18.932
18.986
19.04
19.094
19.164
19.240000000000002
19.322000000000003
19.386000000000003
19.442
19.486
19.524
19.554000000000002
19.584
19.6
19.616
19.628
19.637999999999998
19.647999999999996
19.662
19.683999999999997
19.7
19.718
19.738000000000003
19.766
19.804000000000002
19.828
19.868000000000002
19.91
19.961999999999996
20.025999999999996
20.086000000000002
20.148
20.214000000000002
20.27
20.326
20.379999999999995
20.416
20.442
20.468
20.5
20.522000000000002
20.535999999999998
20.560000000000002
20.59
20.628000000000004
20.677999999999997
20.744000000000003
20.824
20.91
20.996000000000002
21.06
21.102
21.135999999999996
21.146
21.162
21.192
21.234
21.292
21.352
21.408
21.474
21.552
21.61
21.657999999999998
21.7
21.746
21.796
21.844
21.91
21.985999999999997
22.07
22.152
22.225999999999996
22.3
22.372000000000003
22.438000000000002
22.486
22.52
22.560000000000002
22.592
22.637999999999998
22.694
22.744000000000003
22.786
22.833999999999996
22.886
22.938
22.986
23.028000000000002
23.072000000000003
23.107999999999997
23.138
23.168
23.194
23.232
23.274
23.310000000000002
23.343999999999998
23.378
23.413999999999994
23.445999999999998
23.468
23.488
23.502000000000002
23.509999999999998
23.516
23.516000000000002
23.534000000000002
23.562
23.6
23.644
23.704
23.785999999999998
23.882
23.990000000000002
24.116
24.228
24.334000000000003
24.426000000000002
24.514000000000003
24.608
24.704
24.802
24.894
24.974
25.062
25.147999999999996
25.240000000000002
25.32
25.389999999999997
25.448
25.489999999999995
25.508000000000003
25.528
25.544000000000004
25.560000000000002
25.594
25.648
25.696
25.745999999999995
25.790000000000003
25.840000000000003
25.898
25.954
26.003999999999998
26.055999999999997
26.118000000000002
26.174000000000003
26.226000000000003
26.273999999999994
26.359999999999996
26.476
26.589999999999996
26.712
26.832
26.947999999999997
27.052
27.153999999999996
27.246000000000002
27.326
27.387999999999998
27.439999999999998
27.517999999999997
27.618000000000002
27.724
27.848000000000006
27.95
28.046000000000003
28.134
28.22
28.304000000000002
28.386
28.46
28.518000000000004
28.58
28.646
28.723999999999997
28.828
28.936000000000003
29.048000000000002
29.156000000000002
29.246000000000002
29.330000000000002
29.412
29.502000000000002
29.586
29.672
29.743999999999996
29.808
29.87
29.939999999999998
30.008000000000003
30.088
30.174000000000003
30.249999999999996
30.330000000000002
30.419999999999998
30.506000000000004
30.589999999999996
30.662
30.733999999999998
30.812
30.886
30.961999999999996
31.034
31.103999999999996
31.186
31.269999999999996
31.339999999999996
31.397999999999996
31.427999999999997
31.426000000000002
31.418000000000003
31.4
31.380000000000003
31.349999999999998
31.338
31.323999999999998
31.322
31.323999999999998
31.317999999999998
31.322000000000003
31.308
31.28
31.253999999999998
31.227999999999998
31.201999999999998
31.162
31.125999999999998
31.092000000000002
31.068000000000005
31.060000000000002
31.054000000000002
31.034
30.996
30.942
30.878
30.798
30.729999999999997
30.669999999999995
30.628
30.595999999999997
30.561999999999998
30.528000000000006
30.496
30.465999999999998
30.433999999999997
30.401999999999997
30.380000000000003
30.352000000000004
30.298000000000002
30.226
30.176000000000002
30.144
30.134
30.146
30.176000000000002
30.201999999999998
30.242000000000004
30.28
30.316000000000003
30.35
30.360000000000003
30.346000000000004
30.322
30.284000000000002
30.264
30.25
30.242
30.242
30.24
30.24
30.248
30.268
30.291999999999998
30.303999999999995
30.312
30.298000000000002
30.270000000000003
30.232
30.198000000000004
30.174
30.165999999999997
30.177999999999997
30.169999999999995
30.158
30.124000000000002
30.080000000000002
30.03
29.99
29.950000000000003
29.914
29.880000000000003
29.85
29.839999999999996
29.836
29.844
29.861999999999995
29.896
29.942
29.973999999999997
29.996000000000002
30.016
30.031999999999996
30.037999999999997
30.036
30.028
30.0
29.964
29.918
29.887999999999998
29.880000000000003
29.875999999999998
29.886000000000003
29.892000000000003
29.906
29.932000000000002
29.964
30.002000000000002
30.042
30.096
30.144
30.196
30.247999999999998
30.302
30.36
30.43
30.522
30.614
30.701999999999998
30.798000000000002
30.894
31.004
31.130000000000003
31.287999999999997
31.474
31.642000000000003
31.790000000000003
31.914
32.028
32.136
32.244
32.352
32.455999999999996
32.556000000000004
32.654
32.733999999999995
32.806
32.866
32.934
33.004000000000005
33.088
33.152
33.202
33.236
33.256
33.272
33.3
33.331999999999994
33.384
33.436
33.49
33.576
33.674
33.772000000000006
33.85
33.912
33.965999999999994
34.012
34.042
34.077999999999996
34.116
34.154
34.21
34.266000000000005
34.333999999999996
34.426
34.546
34.676
34.821999999999996
34.961999999999996
35.098
35.226
35.34
35.472
35.612
35.788000000000004
35.986
36.178
36.344
36.492
36.636
36.762
36.882000000000005
36.971999999999994
37.038
37.096000000000004
37.138000000000005
37.172
37.206
37.260000000000005
37.338
37.41
37.476
37.55
37.629999999999995
37.708
37.8
37.914
38.048
38.19800000000001
38.358
38.52
38.684
38.862
39.058
39.232
39.403999999999996
39.556
39.690000000000005
39.809999999999995
39.918
40.02
40.114000000000004
40.196
40.28
40.344
40.394
40.47
40.55
40.618
40.68200000000001
40.748
40.815999999999995
40.879999999999995
40.93
41.007999999999996
41.094
41.199999999999996
41.308
41.418
41.526
41.636
41.76
41.858
41.926
41.978
42.016000000000005
42.054
42.086000000000006
42.106
42.106
42.102
42.104
42.114
42.124
42.138
42.158
42.168
42.16
42.174
42.188
42.196
42.224
42.264
42.315999999999995
42.386
42.476
42.552
42.622
42.672000000000004
42.718
42.768
42.81
42.846000000000004
42.884
42.912000000000006
42.934000000000005
42.955999999999996
42.978
43.012
43.076
43.141999999999996
43.202
43.25
43.279999999999994
43.28
43.274
43.285999999999994
43.316
43.358000000000004
43.418000000000006
43.484
43.558
43.656
43.769999999999996
43.861999999999995
43.94199999999999
44.013999999999996
44.081999999999994
44.132000000000005
44.166
44.196
44.23
44.260000000000005
44.298
44.31399999999999
44.322
44.322
44.32599999999999
44.316
44.3
44.298
44.29600000000001
44.284000000000006
44.268
44.263999999999996
44.275999999999996
44.318
44.397999999999996
44.474000000000004
44.556
44.658
44.778000000000006
44.903999999999996
45.0
45.098
45.194
45.262
45.324
45.379999999999995
45.412000000000006
45.42399999999999
45.432
45.42400000000001
45.397999999999996
45.376000000000005
45.37
45.361999999999995
45.34
45.306
45.276
45.25
45.228
45.224
45.248
45.308
45.403999999999996
45.512
45.628
45.778000000000006
45.946
46.122
46.288000000000004
46.446
46.604
46.762
46.892
46.998000000000005
47.104
47.188
47.262
47.321999999999996
47.354
47.376000000000005
47.396
47.408
47.408
47.426
47.459999999999994
47.504
47.556
47.611999999999995
47.657999999999994
47.72
47.792
47.85
47.894000000000005
47.92399999999999
47.940000000000005
47.946
47.928
47.91
47.89
47.873999999999995
47.861999999999995
47.842
47.81999999999999
47.79599999999999
47.78
47.769999999999996
47.744
47.709999999999994
47.663999999999994
47.614
47.56
47.522000000000006
47.504000000000005
47.50800000000001
47.519999999999996
47.54
47.568
47.602
47.646
47.698
47.748
47.824
47.914
48.008
48.094
48.188
48.278
48.343999999999994
48.402
48.434
48.434
48.42
48.38399999999999
48.324000000000005
48.238
48.176
48.122
48.065999999999995
48.013999999999996
47.967999999999996
47.932
47.914
47.908
47.9
47.888
47.882000000000005
47.904
47.93599999999999
47.966
48.006
48.07000000000001
48.13199999999999
48.204
48.284000000000006
48.372
48.489999999999995
48.61
48.716
48.79200000000001
48.879999999999995
48.974
49.05
49.114000000000004
49.172
49.22
49.244
49.25
49.25
49.248000000000005
49.238
49.238
49.214
49.192
49.176
49.147999999999996
49.123999999999995
49.108000000000004
49.102000000000004
49.12400000000001
49.152
49.178000000000004
49.218
49.25
49.29
49.346000000000004
49.39
49.428
49.45400000000001
49.470000000000006
49.471999999999994
49.458
49.461999999999996
49.484
49.507999999999996
49.544
49.566
49.57599999999999
49.582
49.596000000000004
49.598
49.587999999999994
49.59
49.604
49.616
49.626
49.644000000000005
49.674
49.71000000000001
49.772000000000006
49.830000000000005
49.888000000000005
49.962
50.04
50.10000000000001
50.142
50.176
50.204
50.246
50.29
50.334
50.37400000000001
50.406000000000006
50.419999999999995
50.412000000000006
50.39
50.346
50.298
50.254000000000005
50.217999999999996
50.202
50.202
50.230000000000004
50.274
50.33599999999999
50.406000000000006
50.474000000000004
50.548
50.614
50.672000000000004
50.744
50.834
50.91
50.96600000000001
51.032000000000004
51.108
51.196
51.284
51.372
51.45399999999999
51.540000000000006
51.622
51.684
51.716
51.732
51.751999999999995
51.762
51.772000000000006
51.808
51.862
51.906
51.938
51.962
51.983999999999995
51.998
52.007999999999996
52.012
52.022
52.042
52.082
52.128
52.162000000000006
52.220000000000006
52.272
52.352000000000004
52.45
52.540000000000006
52.618
52.684
52.73
52.754000000000005
52.766000000000005
52.751999999999995
52.734
52.694
52.634
52.587999999999994
52.546
52.518
52.498000000000005
52.48799999999999
52.488
52.494
52.516
52.534
52.542
52.566
52.608000000000004
52.645999999999994
52.688
52.75600000000001
52.858000000000004
52.976
53.108
53.234
53.352
53.454
53.55200000000001
53.629999999999995
53.664
53.686
53.690000000000005
53.68200000000001
53.662000000000006
53.653999999999996
53.656000000000006
53.669999999999995
53.698
53.717999999999996
53.744
53.77600000000001
53.82600000000001
53.873999999999995
53.924
53.994
54.086
54.22
54.372
54.519999999999996
54.666
54.812000000000005
54.943999999999996
55.054
55.146
55.227999999999994
55.315999999999995
55.368
55.388000000000005
55.379999999999995
55.362
55.324
55.286
55.258
55.25200000000001
55.248000000000005
55.25
55.246
55.245999999999995
55.25399999999999
55.282
55.312000000000005
55.344
55.379999999999995
55.426
55.474
55.528000000000006
55.568
55.598
55.60199999999999
55.593999999999994
55.574
55.534
55.50200000000001
55.468
55.428
55.39
55.36
55.33
55.286
55.230000000000004
55.178000000000004
55.136
55.096000000000004
55.07199999999999
55.044000000000004
55.01599999999999
55.014
55.04600000000001
55.09400000000001
55.135999999999996
55.184
55.238
55.316
55.4
55.482
55.55200000000001
55.617999999999995
55.678
55.72599999999999
55.778000000000006
55.82600000000001
55.864000000000004
55.891999999999996
55.902
55.93400000000001
55.988
56.054
56.12
56.2
56.272000000000006
56.32600000000001
56.38
56.42400000000001
56.462
56.522000000000006
56.608000000000004
56.69
56.757999999999996
56.836
56.916
57.004000000000005
57.105999999999995
57.192
57.29
57.38999999999999
57.49600000000001
57.608000000000004
57.714
57.82599999999999
57.924
58.012
58.068
58.114
58.14200000000001
58.168
58.17400000000001
58.147999999999996
58.102
58.05199999999999
57.992000000000004
57.938
57.885999999999996
57.842
57.79600000000001
57.745999999999995
57.682
57.646
57.636
57.666
57.706
57.75599999999999
57.806
57.852
57.894000000000005
57.92400000000001
57.942
57.95
57.95
57.94800000000001
57.934
57.92
57.902
57.907999999999994
57.928
57.961999999999996
58.008
58.056000000000004
58.10199999999999
58.14
58.172
58.184
58.19199999999999
58.182
58.164
58.144000000000005
58.11999999999999
58.092
58.054
58.01400000000001
57.968
57.912
57.84200000000001
57.76
57.67
57.57599999999999
57.476
57.37400000000001
57.260000000000005
57.13399999999999
57.036
56.956
56.902
56.864000000000004
56.843999999999994
56.846
56.861999999999995
56.882
56.914
56.962
57.012
57.06
57.116
57.174
57.236
57.29
57.326
57.34
57.336
57.303999999999995
57.269999999999996
57.234
57.178
57.114000000000004
57.024
56.91399999999999
56.788
56.668
56.55800000000001
56.464
56.402
56.349999999999994
56.30799999999999
56.294
56.28
56.256
56.227999999999994
56.199999999999996
56.160000000000004
56.114
56.065999999999995
56.018
55.986
55.97200000000001
55.994
56.007999999999996
56.025999999999996
56.044000000000004
56.066
56.096000000000004
56.138
56.18
56.236000000000004
56.284000000000006
56.34
56.396
56.467999999999996
56.544
56.650000000000006
56.744
56.82599999999999
56.908
56.97
57.038
57.11
57.16
57.2
57.221999999999994
57.233999999999995
57.24000000000001
57.233999999999995
57.220000000000006
57.218
57.20400000000001
57.192
57.166000000000004
57.116
57.072
57.032
56.99
56.946
56.93600000000001
56.934
56.952
56.97
56.988
57.012
57.038
57.081999999999994
57.14
57.214
57.315999999999995
57.428
57.544000000000004
57.672000000000004
57.800000000000004
57.944
58.074000000000005
58.19799999999999
58.314
58.406000000000006
58.489999999999995
58.56
58.608000000000004
58.64
58.672
58.711999999999996
58.754
58.786
58.8
58.818
58.837999999999994
58.861999999999995
58.873999999999995
58.868
58.85399999999999
58.836
58.824
58.814
58.828
58.85
58.858
58.858
58.849999999999994
58.836
58.827999999999996
58.806
58.79
58.77
58.742000000000004
58.7
58.64999999999999
58.576
58.482000000000006
58.38400000000001
58.282
58.16
58.016000000000005
57.870000000000005
57.726
57.581999999999994
57.444
57.300000000000004
57.150000000000006
56.988
56.842
56.71
56.602000000000004
56.504
56.41199999999999
56.32600000000001
56.238
56.138000000000005
56.044000000000004
55.955999999999996
55.87799999999999
55.782000000000004
55.668
55.518
55.348
55.17
54.976
54.782
54.572
54.352000000000004
54.154
53.96399999999999
53.80199999999999
53.644000000000005
53.480000000000004
53.336000000000006
53.202000000000005
53.059999999999995
52.908
52.74400000000001
52.582
52.422
52.26200000000001
52.111999999999995
51.980000000000004
51.848000000000006
51.72
51.608
51.48800000000001
51.356
51.22
51.084
50.94199999999999
50.8
50.666
50.534
50.395999999999994
50.266
50.144000000000005
50.016
49.904
49.786
49.676
49.568
49.47599999999999
49.38999999999999
49.304
49.22
49.132000000000005
49.04
48.94
48.836
48.714000000000006
48.594
48.468
48.336
48.168
47.976000000000006
47.775999999999996
47.580000000000005
47.396
47.224000000000004
47.054
46.88
46.70799999999999
46.548
46.418
46.30800000000001
46.227999999999994
46.174
46.102
46.038
45.971999999999994
45.902
45.83
45.742
45.64600000000001
45.57
45.504000000000005
45.446000000000005
45.394000000000005
45.36600000000001
45.364
45.366
45.362
45.366
45.352
45.343999999999994
45.32000000000001
45.3
45.276
45.244
45.205999999999996
45.164
45.116
45.053999999999995
44.998
44.95
44.894
44.834
44.75800000000001
44.668000000000006
44.576
44.482
44.412
44.372
44.362
44.382
44.41400000000001
44.449999999999996
44.506
44.588
44.674
44.757999999999996
44.838
44.896
44.94
44.978
45.019999999999996
45.058
45.096000000000004
45.134
45.16600000000001
45.186
45.206
45.238
45.264
45.284
45.28600000000001
45.296
45.3
45.296
45.28999999999999
45.278
45.266000000000005
45.244
45.218
45.181999999999995
45.141999999999996
45.112
45.074
45.035999999999994
44.98599999999999
44.936
44.88799999999999
44.844
44.798
44.738
44.67399999999999
44.614
44.544
44.467999999999996
44.39
44.29599999999999
44.2
44.092000000000006
44.016
43.952
43.902
43.864000000000004
43.824
43.778
43.732
43.702
43.669999999999995
43.634
43.584
43.522
43.43599999999999
43.346000000000004
43.27
43.19
43.11
43.04600000000001
42.99
42.943999999999996
42.904
42.862
42.81
42.75
42.678
42.592000000000006
42.504000000000005
42.425999999999995
42.344
42.256
42.187999999999995
42.128
42.068
41.986
41.898
41.81
41.714
41.616
41.514
41.400000000000006
41.27
41.132
40.994
40.86
40.739999999999995
40.65
40.56
40.461999999999996
40.36
40.246
40.112
39.97
39.83
39.692
39.544000000000004
39.394
39.216
39.038000000000004
38.87
38.712
38.552
38.406000000000006
38.27
38.142
38.024
37.92
37.80799999999999
37.684
37.548
37.416
37.278
37.138000000000005
37.013999999999996
36.89999999999999
36.788
36.68
36.576
36.476
36.366
36.272000000000006
36.158
36.04
35.92400000000001
35.814
35.69199999999999
35.554
35.432
35.31
35.174
35.028
34.885999999999996
34.748
34.63
34.52
34.418
34.302
34.2
34.120000000000005
34.034000000000006
33.940000000000005
33.852000000000004
33.766
33.674
33.574000000000005
33.472
33.366
33.272000000000006
33.178
33.076
32.958
32.846000000000004
32.748
32.635999999999996
32.502
32.366
32.236000000000004
32.114
31.983999999999998
31.86
31.749999999999996
31.651999999999997
31.561999999999998
31.47
31.363999999999997
31.268
31.188000000000002
31.098
31.010000000000005
30.933999999999997
30.861999999999995
30.794000000000004
30.720000000000002
30.668
30.639999999999997
30.625999999999998
30.628
30.625999999999998
30.616
30.606
30.61
30.590000000000003
30.543999999999997
30.488
30.414
30.334
30.238
30.166
30.104000000000006
30.051999999999996
30.013999999999996
29.976
29.932
29.894
29.87
29.832
29.768
29.721999999999994
29.68
29.644
29.614000000000004
29.6
29.582
29.564
29.548000000000002
29.518
29.468000000000004
29.438000000000002
29.424
29.39
29.332
29.266000000000002
29.204
29.156
29.107999999999997
29.074
29.035999999999998
29.008000000000003
28.979999999999997
28.951999999999998
28.915999999999997
28.908
28.922000000000004
28.93
28.912
28.894000000000002
28.880000000000003
28.849999999999998
28.826
28.816000000000003
28.810000000000002
28.810000000000002
28.810000000000002
28.791999999999998
28.758
28.724
28.704
28.686000000000003
28.65
28.628
28.619999999999997
28.606
28.599999999999998
28.598
28.598
28.608000000000004
28.625999999999998
28.632000000000005
28.634
28.651999999999997
28.68
28.707999999999995
28.720000000000002
28.738
28.764000000000003
28.799999999999997
28.840000000000003
28.882
28.922000000000004
28.962000000000003
28.996000000000002
29.004000000000005
28.992000000000004
28.982
28.986000000000004
28.991999999999997
28.990000000000002
28.980000000000004
28.96
28.94
28.916000000000004
28.880000000000003
28.85
28.817999999999998
28.778000000000002
28.726000000000003
28.653999999999996
28.583999999999996
28.524
28.454
28.384
28.338
28.312
28.29
28.279999999999998
28.264
28.24
28.194
28.156
28.087999999999997
27.99
27.9
27.816
27.728
27.630000000000003
27.546
27.476
27.412
27.352000000000004
27.292
27.234
27.18
27.118
27.048000000000002
26.962000000000003
26.881999999999998
26.828000000000003
26.754
26.664
26.588
26.523999999999997
26.486
26.448
26.41
26.370000000000005
26.344
26.33
26.292
26.24
26.188
26.137999999999998
26.061999999999998
25.966
25.851999999999997
25.732
25.61
25.492
25.382
25.264
25.146
25.036
24.915999999999997
24.794
24.675999999999995
24.564
24.458
24.358
24.264
24.182000000000002
24.104
24.026
23.950000000000003
23.875999999999998
23.8
23.723999999999997
23.624000000000002
23.508
23.378
23.244
23.102
22.954
22.796
22.647999999999996
22.516000000000002
22.396
22.282000000000004
22.168
22.052
21.946
21.830000000000002
21.712
21.605999999999998
21.51
21.418
21.326
21.222
21.118000000000002
21.022000000000002
20.936
20.848
20.758000000000003
20.663999999999998
20.56
20.444
20.323999999999998
20.204
20.1
19.997999999999998
19.887999999999998
19.79
19.69
19.606
19.534000000000002
19.47
19.406000000000002
19.352
19.310000000000002
19.266
19.215999999999998
19.182
19.162
19.138
19.112000000000002
19.086000000000002
19.054000000000002
19.022
18.993999999999996
18.956
18.912
18.862000000000002
18.811999999999998
18.742
18.662
18.561999999999998
18.458000000000002
18.354
18.232
18.12
18.024
17.942
17.875999999999998
17.802
17.722
17.642
17.576
17.492
17.401999999999997
17.322
17.244
17.174
17.096
17.03
16.966
16.924
16.908
16.892000000000003
16.874
16.86
16.854000000000003
16.84
16.82
16.79
16.762
16.734
16.712000000000003
16.694
16.67
16.651999999999997
16.64
16.62
16.6
16.578
16.542
16.5
16.450000000000003
16.394
16.34
16.298000000000002
16.258
16.214000000000002
16.177999999999997
16.162
16.15
16.146
16.144
16.148
16.156
16.144
16.112000000000002
16.06
15.988000000000001
15.918
15.854000000000001
15.8
15.744
15.703999999999997
15.677999999999999
15.649999999999999
15.618000000000002
15.592000000000002
15.568
15.543999999999999
15.518
15.489999999999998
15.458
15.425999999999998
15.386
15.347999999999999
15.318000000000001
15.292
15.264
15.222000000000001
15.17
15.112
15.054
14.998000000000001
14.938
14.873999999999999
14.802
14.735999999999999
14.676
14.624
14.576
14.526
14.476000000000003
14.414000000000001
14.341999999999999
14.277999999999999
14.218
14.162
14.102
14.040000000000001
13.982000000000001
13.948
13.925999999999998
13.906
13.888000000000002
13.870000000000001
13.852
13.831999999999999
13.806000000000001
13.782000000000002
13.764
13.739999999999998
13.698
13.652000000000001
13.608
13.572000000000001
13.55
13.524000000000001
13.506
13.49
13.48
13.457999999999998
13.426000000000002
13.402000000000001
13.386
13.37
13.350000000000001
13.322
13.288
13.272000000000002
13.262
13.248
13.224
13.196000000000002
13.175999999999998
13.154
13.129999999999999
13.112
13.096
13.076
13.052
13.021999999999998
12.982
12.956
12.938
12.920000000000002
12.899999999999999
12.879999999999999
12.866
12.834
12.792
12.742
12.69
12.622
12.54
12.454
12.376
12.329999999999998
12.306000000000001
12.284
12.259999999999998
12.234
12.22
12.198
12.169999999999998
12.148
12.124
12.088000000000001
12.052
12.008000000000001
11.954
11.904
11.86
11.821999999999997
11.782
11.742
11.696
11.639999999999999
11.578000000000001
11.518
11.464
11.418
11.37
11.312
11.252
11.214
11.192
11.168
11.146
11.124
11.1
11.076
11.05
11.037999999999998
11.032
11.020000000000001
11.001999999999999
10.967999999999998
10.918000000000001
10.876
10.84
10.798
10.756
10.712000000000002
10.674
10.626000000000001
10.566
10.51
10.456
10.392
10.319999999999999
10.241999999999999
10.178
10.126000000000001
10.078000000000001
10.026
9.97
9.91
9.842
9.765999999999998
9.682
9.604
9.524000000000001
9.437999999999999
9.344
9.252
9.159999999999998
9.088
9.026
8.958
8.888
8.826
8.77
8.716
8.658000000000001
8.588
8.512
8.438
8.362
8.284
8.216000000000001
8.16
8.116000000000001
8.06
7.998
7.932
7.868
7.808000000000002
7.735999999999999
7.668000000000001
7.602
7.536
7.474
7.414
7.362
7.338
7.32
7.292
7.260000000000002
7.236000000000001
7.216
7.1979999999999995
7.172000000000001
7.148
7.121999999999999
7.090000000000001
7.054
7.023999999999999
6.996
6.986000000000001
6.99
6.989999999999999
6.99
6.994
7.006
7.018
7.034000000000001
7.048
7.064
7.08
7.098000000000001
7.112
7.122
7.142000000000001
7.166
7.1739999999999995
7.1739999999999995
7.18
7.183999999999999
7.187999999999999
7.192
7.186000000000001
7.178
7.158
7.132
7.1
7.065999999999999
7.048
7.044
7.026
7.001999999999999
6.974
6.946
6.918
6.882
6.854
6.832000000000001
6.802
6.772
6.752
6.741999999999999
6.7379999999999995
6.7299999999999995
6.7120000000000015
6.683999999999999
6.656000000000001
6.634
6.616000000000001
6.601999999999999
6.598000000000001
6.596
6.598000000000001
6.6000000000000005
6.598000000000001
6.596
6.588000000000001
6.577999999999999
6.550000000000001
6.518
6.4879999999999995
6.462000000000001
6.434
6.406
6.372000000000001
6.335999999999999
6.305999999999999
6.276000000000001
6.242
6.212000000000001
6.188000000000001
6.161999999999999
6.138
6.111999999999999
6.103999999999999
6.1
6.1019999999999985
6.109999999999999
6.114
6.116
6.118
6.122000000000001
6.126
6.122000000000001
6.1240000000000006
6.13
6.119999999999999
6.1080000000000005
6.09
6.078
6.07
6.06
6.0520000000000005
6.0440000000000005
6.029999999999999
6.018000000000001
6.0
5.98
5.962
5.945999999999999
5.925999999999999
5.906000000000001
5.877999999999999
5.8420000000000005
5.805999999999999
5.763999999999999
5.724
5.678
5.638
5.596
5.55
5.498
5.449999999999999
5.41
5.367999999999999
5.326
5.2860000000000005
5.2459999999999996
5.206
5.168
5.126
5.084
5.052
5.02
4.9959999999999996
4.978
4.972
4.9719999999999995
4.97
4.9639999999999995
4.957999999999999
4.956
4.96
4.968
4.976
4.986000000000001
4.998
5.016000000000001
5.037999999999999
5.058
5.078
5.1
5.12
5.143999999999999
5.17
5.204000000000001
5.242
5.278
5.314
5.3500000000000005
5.378
5.404
5.426
5.446000000000001
5.474
5.5120000000000005
5.544
5.574
5.596
5.614
5.636000000000001
5.652
5.674
5.696
5.718
5.74
5.7540000000000004
5.766
5.78
5.7940000000000005
5.8
5.806
5.804
5.804
5.802
5.799999999999999
5.8020000000000005
5.806
5.803999999999999
5.802
5.804
5.808
5.809999999999999
5.814
5.811999999999999
5.805999999999999
5.798
5.786
5.786
5.788
5.782
5.776
5.766
5.754
5.747999999999999
5.736
5.734
5.742
5.744
5.747999999999999
5.736000000000001
5.722
5.720000000000001
5.726
5.724
5.720000000000001
5.712000000000001
5.7059999999999995
5.693999999999999
5.688000000000001
5.6899999999999995
5.699999999999999
5.703999999999999
5.702
5.6899999999999995
5.672000000000001
5.659999999999999
5.6499999999999995
5.640000000000001
5.626
5.613999999999999
5.602
5.58
5.558
5.534000000000001
5.505999999999999
5.4719999999999995
5.438
5.406000000000001
5.3759999999999994
5.3580000000000005
5.342
5.326
5.308
5.289999999999999
5.276
5.256
5.232
5.204
5.174
5.138
5.096
5.061999999999999
5.018
4.986
4.952
4.918000000000001
4.880000000000001
4.842
4.800000000000001
4.762
4.724
4.682
4.642
4.594
4.54
4.5
4.46
4.442
4.4319999999999995
4.422
4.416
4.406
4.396
4.384
4.368
4.35
4.332
4.312
4.292
4.284000000000001
4.28
4.274000000000001
4.266
4.2620000000000005
4.262
4.257999999999999
4.246
4.2299999999999995
4.215999999999999
4.192
4.168
4.146
4.122
4.104
4.087999999999999
4.078
4.074
4.072
4.07
4.072
4.074
4.072
4.07
4.064
4.0600000000000005
4.045999999999999
4.023999999999999
4.008
3.988
3.976
3.968
3.964
3.9659999999999997
3.972
3.984
3.9919999999999995
3.998
4.008
4.0200000000000005
4.0280000000000005
4.03
4.037999999999999
4.052
4.069999999999999
4.088
4.11
4.13
4.154
4.178
4.194
4.204
4.220000000000001
4.236
4.25
4.264
4.284
4.3100000000000005
4.332
4.352
4.376
4.4
4.424
4.452
4.476
4.492
4.5040000000000004
4.51
4.524
4.542
4.565999999999999
4.594
4.613999999999999
4.636
4.656000000000001
4.678
4.702
4.728
4.742
4.755999999999999
4.76
4.764
4.77
4.776
4.790000000000001
4.802
4.800000000000001
4.798
4.796
4.789999999999999
4.786
4.78
4.772
4.7620000000000005
4.747999999999999
4.734
4.7299999999999995
4.731999999999999
4.736
4.736000000000001
4.7219999999999995
4.698
4.682
4.672000000000001
4.66
4.648
4.634
4.624
4.62
4.61
4.604
4.594
4.584
4.5760000000000005
4.562
4.546
4.536
4.524
4.510000000000001
4.494
4.470000000000001
4.446000000000001
4.418
4.39
4.368
4.346
4.335999999999999
4.327999999999999
4.316
4.304
4.3020000000000005
4.294
4.288
4.2780000000000005
4.2620000000000005
4.24
4.216
4.188000000000001
4.17
4.15
4.138
4.128
4.116
4.1
4.0920000000000005
4.088
4.082
4.08
4.066
4.056
4.04
4.026000000000001
4.0120000000000005
4.0
3.992
3.986
3.974
3.9559999999999995
3.944
3.934
3.9219999999999997
3.908
3.8819999999999997
3.8500000000000005
3.8180000000000005
3.7859999999999996
3.7619999999999996
3.744
3.724
3.7
3.67
3.638
3.616
3.5940000000000003
3.57
3.548
3.52
3.49
3.464
3.4400000000000004
3.4240000000000004
3.412
3.4059999999999997
3.4
3.3859999999999997
3.372
3.364
3.358
3.352
3.348
3.3340000000000005
3.318
3.302
3.2840000000000003
3.2739999999999996
3.2660000000000005
3.258
3.25
3.2380000000000004
3.2259999999999995
3.224
3.226
3.234
3.2380000000000004
3.2319999999999998
3.224
3.2059999999999995
3.1839999999999997
3.166
3.158
3.1559999999999997
3.16
3.168
3.174
3.1839999999999997
3.1919999999999997
3.1980000000000004
3.208
3.21
3.206
3.2040000000000006
3.198
3.194
3.1899999999999995
3.188
3.186
3.182
3.178
3.178
3.176
3.176
3.176
3.1719999999999997
3.1639999999999997
3.1559999999999997
3.1500000000000004
3.148
3.152
3.1420000000000003
3.132
3.12
3.106
3.0940000000000003
3.082
3.064
3.046
3.02
2.992
2.9619999999999997
2.93
2.9120000000000004
2.896
2.876
2.858
2.8400000000000003
2.822
2.806
2.792
2.774
2.7560000000000002
2.734
2.716
2.7060000000000004
2.6959999999999997
2.692
2.692
2.6879999999999997
2.686
2.6820000000000004
2.678
2.6799999999999997
2.682
2.6799999999999997
2.682
2.676
2.664
2.6479999999999997
2.628
2.614
2.598
2.582
2.5620000000000003
2.542
2.5220000000000002
2.508
2.4939999999999998
2.48
2.466
2.442
2.416
2.392
2.368
2.35
2.334
2.322
2.308
2.292
2.272
2.256
2.242
2.226
2.2119999999999997
2.19
2.17
2.146
2.122
2.1160000000000005
2.112
2.1100000000000003
2.1020000000000003
2.096
2.088
2.072
2.0620000000000003
2.0520000000000005
2.0440000000000005
2.032
2.018
1.9980000000000002
1.9840000000000002
1.9740000000000002
1.9680000000000002
1.9680000000000002
1.97
1.9720000000000002
1.9740000000000002
1.9720000000000002
1.9720000000000002
1.97
1.9680000000000002
1.958
1.9480000000000002
1.928
1.9080000000000001
1.892
1.8760000000000001
1.864
1.85
1.8459999999999999
1.842
1.8359999999999999
1.8319999999999999
1.8280000000000003
1.8239999999999998
1.818
1.8119999999999998
1.8039999999999998
1.794
1.7919999999999998
1.79
1.7879999999999998
1.786
1.794
1.8000000000000003
1.8039999999999998
1.806
1.8079999999999998
1.81
1.814
1.818
1.818
1.818
1.8240000000000003
1.8319999999999999
1.8400000000000003
1.846
1.8560000000000003
1.8639999999999999
1.87
1.8760000000000003
1.8780000000000001
1.8780000000000001
1.8780000000000001
1.8720000000000003
1.8639999999999999
1.858
1.8599999999999999
1.866
1.8719999999999999
1.8780000000000001
1.8860000000000001
1.8960000000000001
1.9000000000000001
1.9040000000000001
1.9080000000000001
1.9140000000000001
1.922
1.928
1.936
1.948
1.964
1.9819999999999998
1.998
2.014
2.028
2.042
2.048
2.056
2.068
2.078
2.088
2.098
2.104
2.108
2.124
2.138
2.144
2.148
2.15
2.152
2.144
2.132
2.122
2.106
2.092
2.078
2.068
2.056
2.0580000000000003
2.06
2.064
2.0660000000000003
2.0660000000000003
2.068
2.064
2.062
2.0620000000000003
2.06
2.058
2.056
2.046
2.036
2.04
2.048
2.052
2.054
2.054
2.056
2.054
2.05
2.044
2.036
2.026
2.016
2.008
2.002
2.008
2.014
2.02
2.024
2.026
2.028
2.0220000000000002
2.018
2.014
2.0140000000000002
2.014
2.014
2.012
2.008
2.014
2.018
2.016
2.01
2.002
1.9939999999999998
1.984
1.972
1.958
1.944
1.932
1.92
1.904
1.89
1.886
1.886
1.884
1.882
1.882
1.8840000000000001
1.884
1.8840000000000001
1.8820000000000001
1.878
1.876
1.872
1.8679999999999999
1.864
1.8659999999999999
1.8659999999999999
1.8659999999999999
1.8639999999999999
1.8599999999999999
1.858
1.8559999999999999
1.854
1.846
1.8359999999999999
1.822
1.8119999999999998
1.802
1.79
1.786
1.7839999999999998
1.7759999999999998
1.766
1.7559999999999998
1.748
1.74
1.732
1.732
1.736
1.744
1.756
1.768
1.78
1.7940000000000003
1.808
1.818
1.8259999999999998
1.8299999999999998
1.8339999999999999
1.8379999999999999
1.8379999999999999
1.834
1.8259999999999998
1.82
1.818
1.8179999999999998
1.82
1.832
1.844
1.852
1.856
1.866
1.8779999999999997
1.8899999999999997
1.9
1.9019999999999997
1.902
1.9020000000000001
1.9
1.8960000000000001
1.894
1.8920000000000001
1.8900000000000001
1.886
1.8820000000000001
1.88
1.8780000000000001
1.876
1.8739999999999999
1.8639999999999999
1.8519999999999999
1.844
1.836
1.828
1.818
1.8079999999999998
1.798
1.7859999999999998
1.7719999999999998
1.7619999999999998
1.7539999999999998
1.7479999999999998
1.7419999999999998
1.734
1.7279999999999998
1.7259999999999998
1.7239999999999998
1.7179999999999997
1.7139999999999997
1.7099999999999997
1.7039999999999997
1.6979999999999997
1.6879999999999997
1.6779999999999997
1.6679999999999997
1.6579999999999997
1.648
1.636
1.6219999999999999
1.6159999999999999
1.6139999999999999
1.6059999999999999
1.5979999999999999
1.5899999999999999
1.5819999999999999
1.5739999999999998
1.5639999999999998
1.5539999999999998
1.5439999999999998
1.5339999999999998
1.5219999999999998
1.5019999999999998
1.4820000000000002
1.476
1.47
1.46
1.4460000000000002
1.432
1.4220000000000002
1.4100000000000001
1.3960000000000001
1.3860000000000001
1.3820000000000001
1.378
1.374
1.3679999999999999
1.362
1.356
1.35
1.342
1.33
1.314
1.296
1.274
1.252
1.236
1.22
1.2060000000000002
1.1920000000000002
1.1720000000000002
1.1520000000000001
1.1400000000000001
1.1320000000000001
1.1219999999999999
1.108
1.0859999999999999
1.064
1.0419999999999998
1.02
0.9999999999999999
0.984
0.9660000000000001
0.9460000000000001
0.924
0.902
0.89
0.88
0.872
0.868
0.866
0.864
0.866
0.868
0.87
0.8719999999999999
0.8719999999999999
0.8719999999999999
0.8680000000000001
0.8640000000000001
0.8700000000000001
0.8760000000000001
0.8760000000000001
0.8780000000000001
0.8760000000000001
0.8740000000000001
0.8720000000000001
0.872
0.874
0.876
0.878
0.88
0.876
0.872
0.872
0.87
0.862
0.856
0.85
0.84
0.832
0.826
0.82
0.814
0.8099999999999999
0.8059999999999999
0.7999999999999999
0.7919999999999999
0.7879999999999999
0.7839999999999999
0.7799999999999999
0.7739999999999999
0.7719999999999999
0.7719999999999999
0.7699999999999999
0.7679999999999999
0.7619999999999999
0.7579999999999999
0.7539999999999999
0.7519999999999999
0.748
0.744
0.744
0.746
0.75
0.756
0.768
0.78
0.792
0.802
0.808
0.812
0.8140000000000001
0.812
0.812
0.8099999999999999
0.814
0.818
0.82
0.8220000000000001
0.8240000000000001
0.8280000000000001
0.8339999999999999
0.8399999999999999
0.8399999999999999
0.8399999999999999
0.8399999999999999
0.8399999999999999
0.8399999999999999
0.8399999999999999
0.8459999999999999
0.8519999999999999
0.852
0.85
0.852
0.858
0.872
0.884
0.892
0.9
0.906
0.91
0.914
0.918
0.926
0.934
0.936
0.9380000000000001
0.9400000000000001
0.9400000000000001
0.9400000000000001
0.9380000000000001
0.93
0.92
0.9100000000000001
0.9000000000000001
0.8920000000000001
0.8840000000000001
0.8800000000000001
0.8760000000000001
0.8720000000000001
0.8700000000000001
0.8720000000000001
0.8700000000000001
0.8700000000000001
0.87
0.866
0.8620000000000001
0.856
0.8500000000000001
0.844
0.8380000000000001
0.836
0.8340000000000001
0.832
0.8300000000000001
0.834
0.84
0.846
0.856
0.8620000000000001
0.868
0.874
0.88
0.886
0.894
0.906
0.918
0.932
0.9460000000000001
0.9600000000000001
0.976
0.988
1.0
1.004
1.008
1.014
1.018
1.024
1.028
1.036
1.044
1.05
1.054
1.056
1.056
1.05
1.044
1.036
1.028
1.026
1.026
1.03
1.034
1.036
1.038
1.034
1.03
1.028
1.024
1.02
1.014
1.004
0.996
0.994
0.992
0.988
0.984
0.978
0.972
0.966
0.96
0.962
0.964
0.964
0.96
0.95
0.942
0.938
0.9359999999999999
0.938
0.94
0.942
0.944
0.942
0.94
0.944
0.948
0.952
0.956
0.958
0.96
0.964
0.968
0.972
0.98
0.986
0.994
0.996
0.996
0.996
0.996
0.998
1.0
1.002
1.004
1.01
1.0139999999999998
1.0179999999999998
1.0219999999999998
1.0259999999999998
1.0299999999999998
1.0299999999999998
1.032
1.036
1.04
1.044
1.044
1.0419999999999998
1.0379999999999998
1.0379999999999998
1.036
1.0339999999999998
1.032
1.0299999999999998
1.0259999999999998
1.0139999999999998
1.004
0.988
0.972
0.956
0.938
0.9259999999999999
0.9119999999999999
0.9059999999999999
0.8999999999999999
0.8959999999999999
0.8939999999999999
0.8899999999999999
0.8859999999999999
0.878
0.87
0.862
0.854
0.846
0.838
0.834
0.83
0.828
0.824
0.818
0.812
0.804
0.796
0.786
0.778
0.77
0.762
0.754
0.746
0.738
0.73
0.726
0.722
0.718
0.714
0.71
0.708
0.702
0.696
0.688
0.6799999999999999
0.6719999999999999
0.6639999999999999
0.6559999999999999
0.648
0.646
0.642
0.642
0.64
0.634
0.628
0.62
0.612
0.604
0.5960000000000001
0.5880000000000001
0.5800000000000001
0.5720000000000001
0.5640000000000001
0.558
0.552
0.546
0.542
0.538
0.53
0.52
0.508
0.502
0.49600000000000005
0.49000000000000005
0.48200000000000004
0.47200000000000003
0.462
0.454
0.446
0.438
0.43
0.422
0.414
0.40599999999999997
0.39799999999999996
0.39399999999999996
0.388
0.38
0.372
0.36600000000000005
0.36000000000000004
0.35800000000000004
0.35800000000000004
0.35800000000000004
0.358
0.354
0.35
0.344
0.33799999999999997
0.33599999999999997
0.33199999999999996
0.33199999999999996
0.33199999999999996
0.33199999999999996
0.33199999999999996
0.32999999999999996
0.32799999999999996
0.32599999999999996
0.32399999999999995
0.32199999999999995
0.31800000000000006
0.31400000000000006
0.31000000000000005
0.30800000000000005
0.306
0.304
0.302
0.3
0.298
0.296
0.296
0.296
0.296
0.294
0.292
0.29000000000000004
0.288
0.288
0.28600000000000003
0.28600000000000003
0.28600000000000003
0.28800000000000003
0.29000000000000004
0.29200000000000004
0.294
0.294
0.292
0.288
0.28400000000000003
0.28
0.274
0.272
0.27
0.272
0.274
0.274
0.274
0.274
0.274
0.272
0.27
0.262
0.254
0.248
0.242
0.238
0.23399999999999999
0.23199999999999998
0.23199999999999998
0.23199999999999998
0.23399999999999999
0.236
0.238
0.238
0.238
0.236
0.23399999999999999
0.23199999999999998
0.22999999999999998
0.22999999999999998
0.23199999999999998
0.23399999999999999
0.236
0.23399999999999999
0.23199999999999998
0.22999999999999998
0.22799999999999998
0.226
0.224
0.222
0.22
0.218
0.216
0.214
0.212
0.212
0.212
0.214
0.218
0.22
0.222
0.224
0.224
0.22
0.216
0.216
0.216
0.216
0.216
0.216
0.216
0.216
0.216
0.216
0.216
0.216
0.216
0.214
0.212
0.20800000000000002
0.20400000000000001
0.2
0.196
0.192
0.188
0.186
0.184
0.182
0.18
0.178
0.174
0.16999999999999998
0.16599999999999998
0.16399999999999998
0.16199999999999998
0.15999999999999998
0.15799999999999997
0.15799999999999997
0.15799999999999997
0.15799999999999997
0.15799999999999997
0.15600000000000003
0.15400000000000003
0.15200000000000002
0.15000000000000002
0.14800000000000002
0.14600000000000002
0.14600000000000002
0.14600000000000002
0.14600000000000002
0.14600000000000002
0.14600000000000002
0.14600000000000002
0.14400000000000002
0.14200000000000002
0.14
0.13999999999999999
0.13999999999999999
0.13999999999999999
0.138
0.136
0.136
0.136
0.136
0.136
0.136
0.14
0.144
0.14600000000000002
0.14600000000000002
0.14400000000000002
0.14200000000000002
0.14
0.138
0.136
0.138
0.138
0.138
0.138
0.138
0.136
0.134
0.132
0.132
0.134
0.136
0.138
0.14
0.14400000000000002
0.15
0.156
0.162
0.168
0.17200000000000001
0.17600000000000002
0.18
0.184
0.184
0.182
0.18
0.178
0.17400000000000002
0.17
0.168
0.166
0.166
0.166
0.168
0.16999999999999998
0.172
0.174
0.174
0.174
0.174
0.174
0.172
0.16999999999999998
0.16999999999999998
0.16999999999999998
0.16999999999999998
0.16999999999999998
0.16999999999999998
0.16999999999999998
0.16999999999999998
0.16999999999999998
0.16999999999999998
0.16999999999999998
0.16999999999999998
0.172
0.174
0.176
0.178
0.18
0.182
0.184
0.184
0.184
0.182
0.18
0.178
0.176
0.174
0.17200000000000001
0.17
0.168
0.168
0.168
0.168
0.168
0.168
0.168
0.168
0.168
0.168
0.168
0.168
0.166
0.164
0.162
0.162
0.162
0.164
0.166
0.168
0.17
0.17200000000000001
0.17
0.168
0.166
0.164
0.162
0.16
0.158
0.158
0.158
0.156
0.154
0.152
0.15000000000000002
0.14800000000000002
0.14600000000000002
0.14400000000000002
0.14200000000000002
0.14200000000000002
0.14
0.138
0.136
0.134
0.13
0.124
0.118
0.11200000000000002
0.10600000000000001
0.10200000000000001
0.098
0.092
0.086
0.08200000000000002
0.07800000000000001
0.07400000000000001
0.07
0.068
0.066
0.064
0.062000000000000006
0.058
0.054
0.05
0.046
0.042
0.038000000000000006
0.036000000000000004
0.036000000000000004
0.036000000000000004
0.036000000000000004
0.04
0.044
0.048
0.052
0.056
0.060000000000000005
0.060000000000000005
0.060000000000000005
0.060000000000000005
0.060000000000000005
0.060000000000000005
0.062000000000000006
0.064
0.064
0.064
0.064
0.064
0.064
0.064
0.064
0.064
0.064
0.064
0.064
0.064
0.064
0.064
0.064
0.064
0.064
0.064
0.064
0.064
0.064
0.064
0.064
0.064
0.066
0.068
0.07
0.07200000000000001
0.07400000000000001
0.07600000000000001
0.07800000000000001
0.07800000000000001
0.07800000000000001
0.07600000000000001
0.07400000000000001
0.07200000000000001
0.07
0.068
0.066
0.064
0.062
0.062
0.062
0.062
0.062
0.062
0.062
0.062
0.064
0.064
0.064
0.064
0.064
0.064
0.064
0.064
0.064
0.064
0.064
0.066
0.068
0.07
0.07200000000000001
0.07200000000000001
0.07400000000000001
0.076
0.078
0.08
0.08199999999999999
0.08399999999999999
0.086
0.088
0.09
0.092
0.094
0.094
0.094
0.094
0.094
0.094
0.094
0.094
0.094
0.094
0.092
0.09
0.088
0.08399999999999999
0.07999999999999999
0.076
0.07200000000000001
0.068
0.064
0.064
0.064
0.064
0.064
0.064
0.064
0.064
0.064
0.064
0.064
0.064
0.064
0.064
0.06399999999999999
0.06599999999999999
0.06999999999999999
0.074
0.078
0.07999999999999999
0.08399999999999999
0.086
0.088
0.09
0.092
0.092
0.092
0.092
0.092
0.092
0.092
0.094
0.094
0.094
0.094
0.094
0.094
0.094
0.094
0.094
0.094
0.094
0.094
0.094
0.094
0.094
0.094
0.094
0.094
0.096
0.098
0.1
0.10200000000000001
0.10200000000000001
0.10200000000000001
0.10400000000000001
0.104
0.106
0.108
0.108
0.108
0.108
0.108
0.108
0.108
0.108
0.108
0.106
0.104
0.10200000000000001
0.1
0.1
0.098
0.096
0.094
0.092
0.09
0.088
0.086
0.08399999999999999
0.08199999999999999
0.08
0.078
0.078
0.078
0.078
0.078
0.078
0.078
0.078
0.078
0.078
0.078
0.078
0.078
0.078
0.078
0.078
0.078
0.078
0.078
0.078
0.078
0.078
0.078
0.08
0.08
0.07999999999999999
0.07999999999999999
0.07999999999999999
0.08
0.078
0.076
0.074
0.074
0.074
0.07200000000000001
0.07
0.068
0.068
0.066
0.064
0.062000000000000006
0.060000000000000005
0.058
0.058
0.058
0.058
0.058
0.058
0.058
0.056
0.054000000000000006
0.052000000000000005
0.052000000000000005
0.052000000000000005
0.05199999999999999
0.049999999999999996
0.047999999999999994
0.047999999999999994
0.047999999999999994
0.047999999999999994
0.047999999999999994
0.047999999999999994
0.047999999999999994
0.049999999999999996
0.052
0.054
0.056
0.056
0.055999999999999994
0.05399999999999999
0.05399999999999999
0.055999999999999994
0.057999999999999996
0.057999999999999996
0.057999999999999996
0.05600000000000001
0.054000000000000006
0.054000000000000006
0.054000000000000006
0.054000000000000006
0.054000000000000006
0.054000000000000006
0.054000000000000006
0.054000000000000006
0.054000000000000006
0.054000000000000006
0.054000000000000006
0.054000000000000006
0.054000000000000006
0.054000000000000006
0.054000000000000006
0.054000000000000006
0.054000000000000006
0.054000000000000006
0.054000000000000006
0.054000000000000006
0.054000000000000006
0.05600000000000001
0.057999999999999996
0.06
0.062
0.064
0.066
0.068
0.07
0.07200000000000001
0.07400000000000001
0.07599999999999998
0.07799999999999999
0.07799999999999999
0.07799999999999999
0.07799999999999999
0.07799999999999999
0.07799999999999999
0.07799999999999999
0.07799999999999999
0.07799999999999999
0.07799999999999999
0.07799999999999999
0.07799999999999999
0.07999999999999999
0.08199999999999999
0.08399999999999999
0.08199999999999999
0.07999999999999999
0.078
0.076
0.074
0.072
0.072
0.072
0.074
0.074
0.074
0.074
0.074
0.074
0.072
0.06999999999999999
0.06999999999999999
0.06999999999999999
0.072
0.074
0.076
0.078
0.08
0.08199999999999999
0.08399999999999999
0.086
0.086
0.086
0.086
0.08399999999999999
0.08199999999999999
0.08
0.08
0.08
0.08
0.08
0.08
0.08
0.08
0.08
0.078
0.076
0.074
0.072
0.06999999999999999
0.06799999999999999
0.06799999999999999
0.066
0.064
0.062
0.06
0.057999999999999996
0.057999999999999996
0.057999999999999996
0.057999999999999996
0.06
0.06
0.06
0.06
0.06
0.06
0.06
0.06
0.06
0.06
0.06
0.06
0.06
0.06
0.06
0.06
0.06
0.06
0.06
0.058
0.056
0.054
0.052000000000000005
0.05
0.048
0.046000000000000006
0.044000000000000004
0.042
0.04
0.038000000000000006
0.036000000000000004
0.036000000000000004
0.036000000000000004
0.036000000000000004
0.036000000000000004
0.036000000000000004
0.036000000000000004
0.036000000000000004
0.036000000000000004
0.036000000000000004
0.036000000000000004
0.036000000000000004
0.036000000000000004
0.036000000000000004
0.036000000000000004
0.038000000000000006
0.04
0.042
0.044000000000000004
0.046000000000000006
0.048
0.05
0.054000000000000006
0.05600000000000001
0.058
0.056
0.054
0.052000000000000005
0.05
0.05
0.052
0.054
0.056
0.056
0.056
0.056
0.056
0.056
0.056
0.054
0.052
0.052
0.052
0.052
0.052
0.052
0.052
0.052
0.052
0.052
0.054
0.055999999999999994
0.057999999999999996
0.06
0.062
0.062
0.062
0.062
0.062
0.062
0.062
0.062
0.062
0.062
0.062
0.062
0.062
0.062
0.062
0.062
0.06
0.06
0.06
0.06
0.06
0.06
0.06
0.06
0.06
0.06
0.06
0.06
0.06
0.06
0.06
0.06
0.06
0.06
0.06
0.06
0.06
0.06
0.06
0.06
0.06
0.06
0.06
0.06
0.06
0.06
0.06
0.06
0.06
0.06
0.06
0.06
0.06
0.06
0.06
0.06
0.06
0.06
0.057999999999999996
0.056
0.054
0.052
0.05
0.048
0.046
0.044
0.042
0.04
0.036
0.03200000000000001
0.028000000000000004
0.028000000000000004
0.028000000000000004
0.028000000000000004
0.028000000000000004
0.028000000000000004
0.026000000000000002
0.024
0.022
0.02
0.018000000000000002
0.016
0.014
0.012
0.01
0.01
0.01
0.01
0.01
0.01
0.01
0.01
0.01
0.01
0.01
0.01
0.008
0.006
0.004
0.002
0.0
0.0
0.0
0.0
0.0
0.002
0.004
0.004
0.004
0.004
0.004
0.004
0.004
0.004
0.004
0.004
0.004
0.004
0.004
0.004
0.004
0.004
0.004
0.004
0.004
0.004
0.004
0.004
0.004
0.004
0.004
0.004
0.004
0.004
0.004
0.004
0.004
0.004
0.004
0.004
0.004
0.004
0.004
0.004
0.004
0.004
0.004
0.004
0.004
0.004
0.004
0.004
0.004
0.004
0.004
0.004
0.004
0.004
0.004
0.004
0.004
0.004
0.004
0.004
0.006
0.008
0.01
0.012
0.014
0.016
0.018000000000000002
0.02
0.022
0.022
0.022
0.022
0.022
0.022
0.022
0.022
0.022
0.022
0.024
0.024
0.024
0.024
0.024
0.024
0.024
0.024
0.024
0.024
0.024
0.024
0.024
0.024
0.024
0.024
0.024
0.024
0.024
0.024
0.024
0.024
0.024
0.022
0.019999999999999997
0.019999999999999997
0.019999999999999997
0.019999999999999997
0.019999999999999997
0.019999999999999997
0.019999999999999997
0.019999999999999997
0.019999999999999997
0.019999999999999997
0.019999999999999997
0.019999999999999997
0.019999999999999997
0.019999999999999997
0.019999999999999997
0.019999999999999997
0.019999999999999997
0.019999999999999997
0.019999999999999997
0.019999999999999997
0.019999999999999997
0.019999999999999997
0.019999999999999997
0.019999999999999997
0.019999999999999997
0.019999999999999997
0.019999999999999997
0.019999999999999997
0.019999999999999997
0.019999999999999997
0.019999999999999997
0.019999999999999997
0.019999999999999997
0.019999999999999997
0.019999999999999997
0.019999999999999997
0.019999999999999997
0.019999999999999997
0.019999999999999997
0.019999999999999997
0.019999999999999997
0.019999999999999997
0.019999999999999997
0.019999999999999997
0.019999999999999997
0.019999999999999997
0.019999999999999997
0.019999999999999997
0.019999999999999997
0.019999999999999997
0.019999999999999997
0.019999999999999997
0.019999999999999997
0.019999999999999997
0.019999999999999997
0.019999999999999997
0.019999999999999997
0.019999999999999997
0.018000000000000002
0.016
0.014
0.012
0.01
0.008
0.006
0.004
0.002
0.002
0.002
0.002
0.002
0.002
0.002
0.002
0.002
0.002
0.0
0.0
0.0
0.0
0.0
0.0
0.0
0.0
0.0
0.0
0.0
0.0
0.0
0.0
0.0
0.0
0.0
0.0
0.0
0.0
0.0
0.0
0.0
0.0
0.0
0.0
0.0
0.0
0.0
0.0
0.0
0.0
0.0
0.0
0.0
0.0
0.0
0.0
0.0
0.0
0.0
0.0
0.0
0.0
0.0
0.0
0.0
0.0
0.0
0.0
0.0
0.0
0.0
0.0
0.0
0.0
0.0
0.0
0.0
0.0
0.0
0.0
0.0
0.0
0.0
0.0
0.0
0.0
0.0
0.0
0.0
0.002
0.004
0.006
0.008
0.01
0.012
0.012
0.012
0.012
0.012
0.012
0.012
0.012
0.012
0.012
0.012
0.012
0.012
0.012
0.012
0.012
0.012
0.012
0.012
0.012
0.012
0.012
0.012
0.012
0.012
0.012
0.012
0.012
0.012
0.012
0.012
0.012
0.012
0.012
0.012
0.012
0.012
0.014
0.016
0.018000000000000002
0.02
0.022
0.024
0.024
0.024
0.024
0.024
0.024
0.024
0.024
0.024
0.024
0.024
0.024
0.024
0.024
0.024
0.024
0.024
0.024
0.024
0.024
0.024
0.026000000000000002
0.028
0.03
0.032
0.032
0.032
0.032
0.032
0.032
0.032
0.032
0.032
0.032
0.032
0.032
0.032
0.032
0.032
0.032
0.032
0.032
0.032
0.032
0.032
0.032
0.032
0.032
0.032
0.032
0.032
0.032
0.032
0.03
0.028
0.026000000000000002
0.024
0.022
0.02
0.02
0.02
0.02
0.02
0.02
0.02
0.02
0.02
0.02
0.02
0.02
0.02
0.02
0.02
0.02
0.02
0.02
0.02
0.02
0.02
0.02
0.02
0.02
0.02
0.02
0.02
0.02
0.02
0.02
0.02
0.02
0.02
0.02
0.02
0.02
0.02
0.018000000000000002
0.016
0.014
0.012
0.01
0.008
0.008
0.008
0.008
0.008
0.008
0.008
0.008
0.008
0.008
0.008
0.008
0.008
0.008
0.008
0.008
0.008
0.008
0.008
0.008
0.008
0.006
0.004
0.002
0.0
0.0
0.0
0.0
0.0
0.0
0.0
0.0
0.0
0.0
0.0
0.0
0.0
0.0
0.0
0.0
0.0
0.0
0.0
0.0
0.0
0.0
0.0
0.0
0.0
0.002
0.004
0.004
0.004
0.004
0.004
0.004
0.004
0.004
0.004
0.004
0.004
0.004
0.004
0.004
0.004
0.004
0.004
0.004
0.004
0.004
0.004
0.004
0.004
0.004
0.004
0.004
0.004
0.004
0.004
0.004
0.004
0.004
0.004
0.004
0.004
0.004
0.004
0.004
0.004
0.004
0.004
0.004
0.004
0.004
0.004
0.004
0.004
0.004
0.004
0.004
0.004
0.004
0.004
0.004
0.004
0.004
0.004
0.004
0.004
0.004
0.004
0.004
0.004
0.004
0.004
0.004
0.004
0.004
