1000, 5, 0, resulted: 11731.0 
2500, 5, 0, resulted: 114182.2 
1000, 5, 5, resulted: 12219.8 
2500, 5, 5, resulted: 78427.8 
1000, 5, 10, resulted: 12103.0 
1000, 5, 0, resulted: 11743.0 
1000, 5, 0, resulted: 11743.0 
2500, 5, 0, resulted: 112074.4 
1000, 5, 5, resulted: 11740.400000000001 
2500, 5, 5, resulted: 78877.0 
2500, 10, 20, resulted: 94943.4 
2500, 5, 5, resulted: 78877.0 
1000, 10, 10, resulted: 12432.900000000001 
2500, 10, 10, resulted: 121213.4 
2500, 10, 20, resulted: 94943.4 
1000, 10, 20, resulted: 11792.800000000001 
