0.022
0.022
0.022
0.022
0.022
0.022
0.022
0.022
0.022
0.023
0.024
0.025
0.026000000000000002
0.026000000000000002
0.026000000000000002
0.027000000000000003
0.028999999999999998
0.031
0.033
0.035
0.037
0.039
0.042
0.045
0.047999999999999994
0.049999999999999996
0.052
0.053
0.054
0.055
0.056
0.059
0.062
0.064
0.066
0.068
0.07100000000000001
0.07400000000000001
0.07800000000000001
0.08100000000000002
0.08400000000000002
0.08700000000000002
0.09
0.093
0.096
0.098
0.1
0.101
0.10300000000000001
0.10500000000000001
0.10800000000000001
0.11100000000000002
0.11400000000000002
0.11800000000000002
0.12200000000000003
0.127
0.133
0.13999999999999999
0.147
0.154
0.161
0.167
0.17400000000000002
0.18100000000000002
0.188
0.196
0.20299999999999999
0.209
0.215
0.222
0.23
0.23600000000000002
0.24200000000000002
0.248
0.254
0.262
0.271
0.279
0.288
0.294
0.3
0.306
0.315
0.325
0.335
0.34
0.34500000000000003
0.35200000000000004
0.35900000000000004
0.36700000000000005
0.376
0.385
0.394
0.403
0.41300000000000003
0.42200000000000004
0.43100000000000005
0.43899999999999995
0.44699999999999995
0.45299999999999996
0.45899999999999996
0.46399999999999997
0.469
0.473
0.48
0.488
0.496
0.504
0.512
0.516
0.521
0.524
0.527
0.531
0.535
0.54
0.545
0.55
0.555
0.561
0.5670000000000001
0.5710000000000001
0.5740000000000001
0.5760000000000001
0.5810000000000001
0.5870000000000001
0.5940000000000001
0.6030000000000001
0.6130000000000001
0.6230000000000001
0.633
0.641
0.649
0.6569999999999999
0.666
0.677
0.687
0.6960000000000001
0.7050000000000001
0.7140000000000001
0.7240000000000001
0.7350000000000001
0.7470000000000001
0.756
0.764
0.7730000000000001
0.7830000000000001
0.791
0.798
0.807
0.815
0.8210000000000001
0.8260000000000001
0.8320000000000001
0.8380000000000001
0.8440000000000001
0.8490000000000002
0.853
0.857
0.8640000000000001
0.8700000000000001
0.877
0.885
0.893
0.901
0.9079999999999999
0.9160000000000001
0.924
0.931
0.9380000000000001
0.9450000000000001
0.9520000000000002
0.9600000000000002
0.9670000000000002
0.9740000000000001
0.9790000000000001
0.9830000000000001
0.9890000000000001
0.9940000000000001
1.0030000000000001
1.0130000000000001
1.0190000000000001
1.022
1.026
1.031
1.038
1.045
1.0510000000000002
1.0580000000000003
1.066
1.073
1.08
1.088
1.094
1.098
1.101
1.1020000000000003
1.1040000000000003
1.107
1.11
1.113
1.118
1.1230000000000002
1.1270000000000002
1.128
1.1300000000000001
1.133
1.135
1.1390000000000002
1.1460000000000004
1.1540000000000001
1.1640000000000001
1.1760000000000002
1.187
1.199
1.209
1.219
1.2280000000000002
1.24
1.2510000000000001
1.262
1.275
1.2890000000000001
1.3030000000000002
1.3150000000000002
1.3250000000000002
1.3350000000000002
1.3430000000000002
1.35
1.36
1.371
1.379
1.3860000000000001
1.3940000000000001
1.404
1.408
1.4149999999999998
1.422
1.432
1.444
1.456
1.465
1.473
1.4860000000000002
1.503
1.5170000000000001
1.532
1.5539999999999998
1.5779999999999998
1.595
1.611
1.624
1.6370000000000002
1.6470000000000002
1.659
1.669
1.6799999999999997
1.6910000000000003
1.7049999999999998
1.7140000000000002
1.7259999999999998
1.7380000000000002
1.751
1.7610000000000001
1.773
1.7850000000000001
1.795
1.807
1.8199999999999998
1.8310000000000002
1.841
1.8530000000000002
1.864
1.8760000000000003
1.889
1.904
1.9200000000000002
1.927
1.931
1.9330000000000003
1.9349999999999998
1.9420000000000002
1.9489999999999998
1.956
1.962
1.971
1.9819999999999998
1.9929999999999999
2.004
2.013
2.025
2.034
2.0429999999999997
2.0460000000000003
2.0519999999999996
2.061
2.072
2.088
2.105
2.121
2.1370000000000005
2.1500000000000004
2.1639999999999997
2.183
2.204
2.219
2.233
2.243
2.25
2.258
2.2649999999999997
2.2729999999999997
2.282
2.29
2.2999999999999994
2.31
2.322
2.339
2.3529999999999998
2.365
2.378
2.3899999999999997
2.402
2.4149999999999996
2.431
2.447
2.463
2.479
2.4960000000000004
2.505
2.5140000000000002
2.5269999999999997
2.542
2.5530000000000004
2.5589999999999997
2.569
2.5780000000000003
2.592
2.6029999999999998
2.614
2.6250000000000004
2.6350000000000002
2.646
2.651
2.6519999999999997
2.657
2.661
2.658
2.653
2.646
2.6390000000000002
2.6369999999999996
2.637
2.6390000000000002
2.639
2.636
2.633
2.628
2.6220000000000003
2.6189999999999998
2.614
2.611
2.6060000000000003
2.602
2.5930000000000004
2.5829999999999997
2.5760000000000005
2.5700000000000003
2.5670000000000006
2.5620000000000007
2.5580000000000003
2.5500000000000003
2.545
2.5420000000000003
2.5410000000000004
2.5370000000000004
2.535000000000001
2.5380000000000003
2.5440000000000005
2.5490000000000004
2.556
2.5610000000000004
2.566
2.5700000000000003
2.5730000000000004
2.58
2.587
2.596
2.6069999999999998
2.618
2.626
2.6320000000000006
2.639
2.652
2.664
2.6720000000000006
2.6790000000000003
2.683
2.686
2.692
2.699
2.7090000000000005
2.7190000000000003
2.7220000000000004
2.724
2.723
2.723
2.73
2.7390000000000003
2.744
2.75
2.7560000000000002
2.761
2.7710000000000004
2.7800000000000002
2.79
2.7980000000000005
2.7990000000000004
2.8020000000000005
2.8080000000000003
2.8139999999999996
2.823
2.8329999999999997
2.839000000000001
2.8390000000000004
2.838
2.8350000000000004
2.8380000000000005
2.841
2.851
2.8600000000000003
2.862
2.8660000000000005
2.871
2.8780000000000006
2.8840000000000003
2.8890000000000002
2.8850000000000002
2.8800000000000003
2.8770000000000002
2.8749999999999996
2.877
2.879
2.887
2.8989999999999996
2.9059999999999997
2.911
2.9150000000000005
2.9219999999999997
2.9370000000000003
2.956
2.9759999999999995
2.993
3.011
3.0309999999999997
3.054
3.077
3.104
3.1319999999999997
3.1549999999999994
3.1809999999999996
3.2
3.2159999999999997
3.237
3.263
3.2849999999999997
3.308
3.331
3.357
3.386
3.4130000000000003
3.443
3.472000000000001
3.498
3.524
3.5460000000000003
3.5620000000000007
3.5820000000000003
3.601
3.616
3.625
3.6350000000000002
3.647
3.6549999999999994
3.6639999999999997
3.67
3.6750000000000003
3.6799999999999997
3.685
3.6920000000000006
3.7019999999999995
3.7160000000000006
3.729
3.74
3.7500000000000004
3.764
3.7809999999999997
3.7969999999999997
3.8170000000000006
3.833
3.848
3.861999999999999
3.8770000000000002
3.8940000000000006
3.9109999999999996
3.9359999999999995
3.962
3.9859999999999998
4.010999999999999
4.042
4.077
4.104
4.1290000000000004
4.142
4.1499999999999995
4.156
4.163
4.17
4.178
4.183999999999999
4.191
4.192
4.191999999999999
4.199
4.21
4.223999999999999
4.24
4.247
4.253000000000001
4.261
4.272
4.29
4.306
4.327
4.349
4.369
4.388
4.414000000000001
4.445
4.470999999999999
4.493
4.511
4.53
4.547
4.561
4.58
4.602
4.630999999999999
4.659000000000001
4.681000000000001
4.699999999999999
4.714
4.731
4.7410000000000005
4.7490000000000006
4.7540000000000004
4.758
4.759
4.76
4.761
4.759
4.76
4.764
4.763
4.762
4.764
4.766000000000001
4.763999999999999
4.76
4.753
4.747999999999999
4.742
4.741
4.74
4.738
4.741
4.751
4.757
4.764
4.774
4.787999999999999
4.799
4.807
4.812
4.814
4.815
4.819000000000001
4.8229999999999995
4.825
4.828
4.829
4.83
4.8309999999999995
4.834
4.835
4.833
4.829
4.819999999999999
4.804
4.7940000000000005
4.7860000000000005
4.779
4.776
4.778
4.78
4.779
4.776
4.7749999999999995
4.774
4.77
4.762
4.758
4.752
4.751
4.752999999999999
4.757
4.760000000000001
4.768999999999999
4.779
4.784999999999999
4.789000000000001
4.795999999999999
4.804
4.814
4.824999999999999
4.839
4.854
4.8759999999999994
4.898999999999999
4.913
4.926
4.938
4.954
4.96
4.957
4.95
4.942
4.931
4.914000000000001
4.900999999999999
4.89
4.886
4.884
4.877999999999999
4.874
4.865
4.856
4.839
4.819
4.806
4.793
4.782000000000001
4.7700000000000005
4.7620000000000005
4.756
4.755
4.755000000000001
4.758
4.758000000000001
4.758
4.759
4.758000000000001
4.754999999999999
4.755
4.754
4.758
4.765
4.779
4.792999999999999
4.812
4.832000000000001
4.847999999999999
4.856999999999998
4.866
4.875
4.875
4.865
4.848999999999999
4.830000000000001
4.82
4.8100000000000005
4.803
4.7989999999999995
4.805000000000001
4.818
4.826
4.829000000000001
4.83
4.829000000000001
4.825
4.820999999999999
4.809
4.801
4.795
4.792
4.795000000000001
4.8
4.814
4.8309999999999995
4.845999999999999
4.862
4.8740000000000006
4.885
4.883
4.876
4.867000000000001
4.861000000000001
4.852000000000001
4.841
4.831
4.822
4.8180000000000005
4.817
4.821
4.826
4.827000000000001
4.832000000000001
4.83
4.82
4.8100000000000005
4.799
4.796
4.795000000000001
4.785
4.7749999999999995
4.767000000000001
4.76
4.7540000000000004
4.753
4.758000000000001
4.764
4.7620000000000005
4.756
4.752000000000001
4.755000000000001
4.768999999999999
4.786
4.801
4.819
4.835
4.858
4.8790000000000004
4.898
4.917
4.9399999999999995
4.959000000000001
4.977
4.992
5.007
5.0169999999999995
5.028999999999999
5.040999999999999
5.053
5.066000000000001
5.081
5.102
5.127
5.146
5.162
5.177
5.191000000000001
5.198999999999999
5.208
5.22
5.233
5.242
5.247
5.247
5.244
5.244999999999999
5.245999999999999
5.248
5.249000000000001
5.2410000000000005
5.229000000000001
5.224
5.223
5.230000000000001
5.242
5.248999999999999
5.258
5.266
5.2749999999999995
5.285
5.296
5.309
5.324000000000001
5.337
5.358
5.378
5.398999999999999
5.426999999999999
5.452000000000001
5.477
5.502999999999999
5.526
5.551
5.565
5.5760000000000005
5.588
5.599000000000001
5.6129999999999995
5.626
5.644999999999999
5.664
5.6850000000000005
5.706
5.722
5.737
5.756000000000001
5.776
5.79
5.8020000000000005
5.809
5.814
5.824
5.832
5.840000000000001
5.857
5.883
5.914
5.941
5.964
5.997
6.032
6.050000000000001
6.061999999999999
6.063999999999999
6.0600000000000005
6.055000000000001
6.0489999999999995
6.045
6.0409999999999995
6.046000000000001
6.053999999999999
6.057
6.060999999999999
6.07
6.084
6.093999999999999
6.098000000000001
6.101000000000002
6.1049999999999995
6.114999999999999
6.123
6.142
6.16
6.1819999999999995
6.205
6.225000000000001
6.2459999999999996
6.268
6.2909999999999995
6.311
6.324000000000001
6.331000000000001
6.334000000000001
6.343999999999999
6.3580000000000005
6.379999999999999
6.398999999999999
6.428000000000002
6.459999999999999
6.482000000000001
6.501999999999999
6.522
6.542
6.559
6.574000000000001
6.58
6.587000000000001
6.6000000000000005
6.616999999999999
6.64
6.665000000000001
6.690999999999999
6.719
6.747000000000001
6.774999999999999
6.800000000000001
6.827000000000001
6.847999999999999
6.863
6.871999999999999
6.877
6.889
6.906000000000001
6.9239999999999995
6.936
6.944000000000001
6.95
6.956000000000001
6.960999999999999
6.968
6.974000000000001
6.974
6.97
6.973000000000001
6.982000000000001
6.992999999999999
7.004
7.014
7.019
7.026000000000001
7.035000000000001
7.041999999999999
7.048
7.063000000000001
7.082999999999999
7.096000000000001
7.105
7.1129999999999995
7.121
7.136000000000001
7.157000000000001
7.1739999999999995
7.189000000000001
7.204000000000001
7.213
7.215
7.212
7.205
7.198000000000001
7.185
7.168
7.162
7.155999999999999
7.157000000000001
7.162000000000001
7.1659999999999995
7.168
7.172000000000001
7.173
7.167
7.157
7.148999999999999
7.141
7.1290000000000004
7.111000000000001
7.098000000000001
7.086
7.076999999999999
7.067
7.0619999999999985
7.058000000000001
7.050000000000001
7.039
7.027
7.016000000000002
7.011
7.002999999999999
6.997
6.991999999999999
6.981
6.975
6.9719999999999995
6.970999999999998
6.974
6.978
6.973999999999998
6.9750000000000005
6.965000000000001
6.9510000000000005
6.941999999999999
6.932999999999999
6.926
6.921
6.914
6.911
6.914
6.914000000000001
6.914
6.916
6.917999999999999
6.9209999999999985
6.924
6.9270000000000005
6.925000000000001
6.922
6.919
6.915
6.914
6.92
6.931
6.9430000000000005
6.953999999999999
6.962
6.967
6.974
6.975
6.97
6.965999999999999
6.964
6.957
6.949999999999999
6.943
6.934
6.927000000000001
6.919
6.912
6.906
6.896000000000001
6.885000000000001
6.865
6.845999999999999
6.836000000000001
6.826999999999999
6.814
6.802000000000001
6.793000000000001
6.785
6.787
6.792
6.8
6.807
6.807999999999999
6.809
6.81
6.813000000000001
6.817999999999999
6.824
6.83
6.837000000000001
6.845999999999999
6.854000000000001
6.863999999999999
6.878000000000001
6.893999999999999
6.91
6.924
6.937
6.95
6.965
6.987
7.0120000000000005
7.038000000000001
7.064
7.091000000000001
7.111000000000001
7.126000000000001
7.138999999999999
7.149
7.164
7.165
7.1610000000000005
7.154999999999999
7.152
7.154999999999999
7.154
7.152
7.154000000000001
7.146
7.133
7.127999999999999
7.127000000000001
7.121999999999999
7.116
7.101999999999999
7.085999999999999
7.07
7.054
7.049
7.045
7.045000000000001
7.048999999999999
7.048999999999999
7.045
7.042
7.039
7.033000000000001
7.025
7.016
7.006999999999999
6.997000000000001
6.986
6.975999999999999
6.967999999999998
6.97
6.974000000000001
6.978
6.978000000000001
6.978
6.973
6.961
6.948000000000001
6.931000000000001
6.914000000000001
6.896
6.874
6.862000000000001
6.856
6.85
6.8389999999999995
6.830000000000001
6.821999999999999
6.821000000000001
6.824
6.825
6.824999999999999
6.822000000000001
6.819000000000002
6.819000000000001
6.819
6.8309999999999995
6.85
6.859999999999999
6.866999999999999
6.873000000000001
6.875
6.88
6.885999999999998
6.8870000000000005
6.888999999999999
6.8839999999999995
6.876999999999999
6.872999999999999
6.869
6.8629999999999995
6.855999999999999
6.846
6.8340000000000005
6.822
6.810999999999999
6.800999999999999
6.795999999999999
6.793
6.791
6.788
6.7829999999999995
6.774000000000001
6.765000000000001
6.757000000000001
6.746
6.726
6.704
6.678999999999999
6.651000000000001
6.626
6.608999999999999
6.5969999999999995
6.59
6.582
6.568
6.562
6.5600000000000005
6.561000000000001
6.561
6.556000000000002
6.557
6.559
6.559
6.57
6.585000000000001
6.602
6.611
6.621
6.63
6.640000000000001
6.652
6.670000000000001
6.685999999999998
6.698999999999999
6.715
6.728
6.735999999999999
6.755000000000001
6.782
6.809
6.8340000000000005
6.856000000000001
6.88
6.906000000000001
6.926
6.9449999999999985
6.96
6.973
6.984999999999999
6.994
7.001
7.010999999999999
7.024999999999999
7.0440000000000005
7.067
7.094
7.1209999999999996
7.15
7.179
7.209999999999999
7.243
7.271999999999999
7.302
7.327999999999999
7.353999999999999
7.383
7.41
7.425000000000001
7.434
7.447
7.460000000000001
7.468
7.472
7.471000000000001
7.469
7.465
7.457
7.451
7.449
7.450999999999999
7.455
7.446999999999999
7.433000000000001
7.417000000000001
7.399
7.374999999999999
7.348000000000002
7.327
7.306000000000001
7.292999999999999
7.284999999999998
7.282
7.284000000000001
7.290000000000001
7.295
7.286999999999999
7.274
7.256
7.238
7.217
7.199000000000001
7.182
7.165000000000001
7.15
7.138
7.135000000000001
7.136
7.138000000000001
7.143
7.1419999999999995
7.136
7.1240000000000006
7.114
7.104
7.1000000000000005
7.09
7.077
7.063
7.055999999999999
7.057
7.060000000000001
7.063
7.072
7.07
7.063000000000001
7.052
7.0470000000000015
7.045
7.046
7.041
7.033
7.024
7.019
7.022999999999999
7.0249999999999995
7.029
7.035
7.0219999999999985
6.996000000000001
6.974
6.95
6.925
6.902
6.868999999999999
6.839
6.81
6.7860000000000005
6.766000000000001
6.7459999999999996
6.726
6.709
6.686
6.6579999999999995
6.628
6.598000000000001
6.572000000000001
6.5489999999999995
6.526000000000001
6.499999999999999
6.474
6.449
6.428999999999999
6.407
6.391
6.383000000000001
6.365
6.345000000000001
6.328
6.313000000000001
6.296
6.279
6.2650000000000015
6.249999999999999
6.242
6.238999999999999
6.236
6.23
6.23
6.23
6.220999999999999
6.204000000000001
6.194
6.189000000000001
6.188
6.196000000000001
6.212
6.226999999999999
6.245000000000001
6.262
6.273999999999999
6.279999999999999
6.287
6.2940000000000005
6.288
6.2780000000000005
6.276
6.274000000000001
6.279
6.284
6.2829999999999995
6.279
6.281000000000001
6.287
6.286999999999999
6.284000000000001
6.2780000000000005
6.272
6.267000000000001
6.260000000000001
6.257
6.262
6.276000000000001
6.287999999999999
6.296
6.295000000000001
6.295999999999999
6.295000000000001
6.298000000000001
6.297000000000001
6.292999999999999
6.289000000000001
6.285
6.277
6.270000000000001
6.265
6.263999999999999
6.266000000000001
6.258
6.25
6.25
6.258000000000001
6.257000000000001
6.242999999999999
6.223
6.204
6.1819999999999995
6.155
6.138
6.128
6.118
6.111000000000001
6.1049999999999995
6.095999999999999
6.101
6.105
6.1129999999999995
6.124
6.133
6.146999999999999
6.159000000000001
6.167999999999999
6.177
6.185
6.195
6.202999999999999
6.195000000000001
6.180000000000001
6.167
6.157
6.1530000000000005
6.149
6.146
6.148000000000001
6.148000000000001
6.143
6.141000000000001
6.141
6.146
6.156000000000001
6.151
6.1450000000000005
6.142000000000001
6.142
6.1419999999999995
6.143
6.145
6.155999999999999
6.164999999999999
6.173
6.182
6.1979999999999995
6.215
6.234999999999999
6.239999999999999
6.235
6.2299999999999995
6.23
6.221
6.213
6.212
6.2170000000000005
6.22
6.226999999999999
6.242000000000001
6.263
6.285
6.309
6.311999999999999
6.312
6.317
6.319999999999999
6.3180000000000005
6.313000000000001
6.317
6.327999999999999
6.344
6.36
6.3740000000000006
6.390999999999999
6.4110000000000005
6.431
6.442
6.446
6.46
6.477000000000001
6.495
6.515
6.534000000000001
6.552
6.572
6.588
6.596
6.599
6.608999999999999
6.623000000000001
6.625
6.616999999999999
6.614
6.608
6.596
6.5760000000000005
6.568
6.573
6.582000000000001
6.593
6.593999999999999
6.5920000000000005
6.5889999999999995
6.587
6.575
6.558
6.543
6.531000000000001
6.514999999999999
6.499
6.49
6.4780000000000015
6.467000000000001
6.455
6.438000000000001
6.420999999999999
6.410999999999999
6.406000000000001
6.396
6.383
6.3839999999999995
6.39
6.389
6.384
6.3820000000000014
6.381
6.377999999999999
6.370000000000001
6.3549999999999995
6.343
6.337999999999999
6.336999999999999
6.327
6.313
6.314
6.315
6.313999999999999
6.313
6.313
6.314000000000001
6.316
6.311
6.301999999999999
6.2940000000000005
6.294999999999999
6.299999999999999
6.294
6.2780000000000005
6.273
6.2700000000000005
6.262
6.252000000000001
6.2509999999999994
6.25
6.246999999999999
6.241999999999999
6.228000000000001
6.206999999999999
6.1899999999999995
6.175999999999999
6.159
6.138999999999999
6.1370000000000005
6.139
6.1450000000000005
6.150999999999999
6.165
6.178999999999999
6.190000000000001
6.198
6.198000000000001
6.202000000000001
6.212
6.224
6.216000000000001
6.194
6.175
6.162
6.1370000000000005
6.109
6.084
6.06
6.033
6.007000000000001
5.970000000000001
5.932
5.903999999999999
5.881
5.85
5.814
5.789
5.768
5.744999999999999
5.7200000000000015
5.7
5.6850000000000005
5.6659999999999995
5.646
5.613999999999999
5.581999999999999
5.561
5.549
5.532000000000001
5.511
5.502000000000001
5.498
5.497
5.495
5.492
5.49
5.481999999999999
5.474999999999999
5.453
5.424
5.401
5.379
5.351
5.3180000000000005
5.290000000000001
5.266000000000001
5.242
5.217
5.199999999999999
5.187
5.167
5.143
5.114000000000001
5.085
5.066
5.0440000000000005
5.013999999999999
4.981
4.9590000000000005
4.939
4.919
4.8999999999999995
4.886
4.8740000000000006
4.859999999999999
4.844
4.8229999999999995
4.802999999999999
4.786999999999999
4.77
4.7410000000000005
4.705
4.685
4.674
4.668
4.661
4.662
4.662
4.661
4.659
4.649
4.634
4.632
4.633
4.626
4.615
4.612
4.6129999999999995
4.615
4.6160000000000005
4.6129999999999995
4.612
4.613
4.616
4.607
4.593000000000001
4.586
4.5809999999999995
4.557
4.523000000000001
4.505
4.497999999999999
4.496
4.4910000000000005
4.489
4.494000000000001
4.5009999999999994
4.507
4.504999999999999
4.497
4.4959999999999996
4.499999999999999
4.498
4.493
4.499
4.509
4.5200000000000005
4.534
4.552
4.574000000000001
4.593999999999999
4.614000000000001
4.633
4.649
4.676
4.702000000000001
4.712
4.714
4.726
4.744
4.765
4.785
4.799
4.811000000000001
4.8229999999999995
4.836
4.846000000000001
4.854
4.878000000000001
4.904999999999999
4.921
4.932
4.951000000000001
4.975
5.0
5.024
5.051000000000001
5.079
5.103999999999999
5.131000000000001
5.151000000000001
5.168
5.194999999999999
5.2250000000000005
5.2410000000000005
5.255999999999999
5.2749999999999995
5.295
5.311000000000002
5.327
5.335
5.341
5.344
5.3469999999999995
5.348999999999999
5.351000000000001
5.359999999999999
5.372
5.374
5.3709999999999996
5.381
5.396000000000001
5.406000000000001
5.414
5.414999999999999
5.416
5.413
5.413
5.4030000000000005
5.3919999999999995
5.391
5.393000000000001
5.383
5.369
5.362
5.354
5.348
5.34
5.328999999999999
5.319000000000001
5.311999999999999
5.305
5.286
5.264
5.253999999999999
5.250000000000001
5.236
5.213
5.2059999999999995
5.2059999999999995
5.208000000000001
5.211
5.209
5.205
5.206
5.202
5.183
5.163
5.1530000000000005
5.149
5.143
5.133000000000001
5.130000000000001
5.13
5.13
5.129
5.128
5.123
5.12
5.113999999999999
5.099
5.075000000000001
5.053
5.032
5.007000000000001
4.978
4.968
4.971
4.9719999999999995
4.968999999999999
4.96
4.952
4.9510000000000005
4.954
4.9430000000000005
4.927
4.918
4.908
4.888
4.867
4.859
4.859
4.859
4.857
4.851
4.843999999999999
4.835
4.824000000000001
4.800000000000001
4.77
4.747
4.728000000000001
4.702
4.6739999999999995
4.658
4.647
4.642
4.636000000000001
4.629
4.622
4.621
4.619999999999999
4.6160000000000005
4.612
4.611
4.611
4.606999999999999
4.602
4.608
4.617
4.626
4.636
4.636000000000001
4.633
4.637
4.647
4.655
4.656
4.664
4.6770000000000005
4.683
4.689
4.704
4.720000000000001
4.739000000000001
4.758
4.763
4.763
4.765
4.763999999999999
4.765
4.765
4.776000000000001
4.790999999999999
4.805
4.817
4.832
4.846
4.859
4.871
4.865
4.848
4.829
4.811
4.788
4.767
4.760000000000001
4.755
4.7540000000000004
4.7509999999999994
4.747
4.743
4.739
4.734999999999999
4.723
4.712
4.698
4.692
4.677999999999999
4.661999999999999
4.655999999999999
4.656000000000001
4.657
4.66
4.661999999999999
4.665
4.665
4.663
4.654999999999999
4.648
4.642
4.638999999999999
4.632000000000001
4.622
4.6259999999999994
4.635000000000001
4.64
4.649
4.66
4.670000000000001
4.683000000000001
4.694
4.6930000000000005
4.686
4.686
4.688
4.688
4.687
4.7
4.7139999999999995
4.728
4.747
4.764
4.779
4.798
4.813
4.824000000000001
4.8340000000000005
4.848
4.861
4.87
4.883
4.9
4.9159999999999995
4.93
4.941999999999999
4.951
4.956
4.961
4.969
4.968
4.959
4.961
4.968999999999999
4.969
4.960000000000001
4.954000000000001
4.955
4.957000000000001
4.9590000000000005
4.952
4.938
4.9239999999999995
4.9110000000000005
4.892999999999999
4.8759999999999994
4.867000000000001
4.867000000000001
4.861000000000001
4.854
4.848000000000001
4.843
4.836
4.827
4.811999999999999
4.8
4.793
4.79
4.782
4.773
4.784
4.81
4.838
4.865
4.896
4.925999999999999
4.956
4.987
4.998
5.0059999999999985
5.021
5.037999999999999
5.049
5.056000000000001
5.07
5.085999999999999
5.098
5.102
5.116
5.133
5.156000000000001
5.1819999999999995
5.192
5.197
5.205
5.216
5.224
5.2250000000000005
5.235
5.245
5.249
5.247999999999999
5.2490000000000006
5.252000000000001
5.255999999999999
5.259
5.257000000000001
5.25
5.249
5.251
5.242999999999999
5.230999999999999
5.223999999999999
5.225
5.219
5.212
5.202999999999999
5.197
5.191999999999999
5.189
5.179000000000001
5.1610000000000005
5.151
5.146
5.130000000000001
5.115
5.102
5.091
5.079000000000001
5.069
5.064
5.058000000000001
5.05
5.042000000000001
5.023000000000001
5.0
4.982
4.964
4.943999999999999
4.924
4.910000000000001
4.901999999999999
4.891
4.8790000000000004
4.873
4.874
4.876
4.8790000000000004
4.875
4.867
4.8709999999999996
4.886
4.898
4.912
4.924
4.9350000000000005
4.942
4.945
4.952
4.964
4.973000000000001
4.981
4.968
4.946
4.932
4.916
4.894
4.87
4.851999999999999
4.834
4.808999999999999
4.779
4.753
4.73
4.708
4.688
4.656
4.621
4.603
4.59
4.5729999999999995
4.553999999999999
4.537000000000001
4.522
4.5089999999999995
4.495
4.491
4.487
4.4799999999999995
4.473999999999999
4.452999999999999
4.428000000000001
4.42
4.415000000000001
4.4
4.3790000000000004
4.361
4.346
4.324999999999999
4.302
4.286
4.27
4.257
4.246
4.223
4.197
4.1770000000000005
4.16
4.143
4.126
4.114000000000001
4.106
4.102
4.096
4.093
4.0920000000000005
4.095
4.097999999999999
4.079
4.055
4.041
4.029999999999999
4.016
3.9999999999999996
3.9890000000000003
3.98
3.97
3.959
3.9519999999999995
3.9459999999999997
3.940000000000001
3.9330000000000003
3.912
3.888
3.879
3.8739999999999997
3.8689999999999998
3.864
3.8589999999999995
3.853
3.846
3.8419999999999996
3.839
3.833
3.8280000000000003
3.8230000000000004
3.803
3.7720000000000002
3.7490000000000006
3.73
3.7110000000000003
3.686
3.6640000000000006
3.6390000000000002
3.6199999999999997
3.603
3.59
3.5759999999999996
3.5629999999999993
3.5500000000000003
3.5220000000000002
3.4920000000000004
3.4820000000000007
3.4819999999999998
3.481
3.478
3.478
3.479
3.4779999999999998
3.477
3.4770000000000003
3.476
3.471
3.4640000000000004
3.443
3.42
3.4069999999999996
3.3970000000000002
3.385
3.373
3.3619999999999997
3.353
3.348
3.342
3.324
3.3070000000000004
3.286
3.2650000000000006
3.24
3.213
3.1949999999999994
3.1780000000000004
3.157
3.1380000000000003
3.1300000000000003
3.126
3.1229999999999998
3.121
3.116
3.113
3.1079999999999997
3.105
3.0969999999999995
3.0839999999999996
3.0809999999999995
3.0800000000000005
3.0780000000000003
3.0770000000000004
3.0770000000000004
3.0749999999999997
3.071
3.0630000000000006
3.049
3.033
3.019
3.002
2.9789999999999996
2.956
2.955
2.958
2.9599999999999995
2.9619999999999997
2.965
2.97
2.978
2.9819999999999998
2.9759999999999995
2.969
2.9599999999999995
2.95
2.941
2.9299999999999997
2.9310000000000005
2.934
2.934
2.9370000000000003
2.939000000000001
2.9420000000000006
2.946
2.9510000000000005
2.951
2.945
2.94
2.9359999999999995
2.929
2.9170000000000003
2.919
2.928
2.9370000000000003
2.9419999999999997
2.9419999999999997
2.9429999999999996
2.9440000000000004
2.9450000000000003
2.9390000000000005
2.927
2.9170000000000003
2.908
2.898
2.885
2.8820000000000006
2.878
2.8740000000000006
2.8690000000000007
2.8630000000000004
2.859
2.857
2.8549999999999995
2.8480000000000008
2.8369999999999997
2.8299999999999996
2.8229999999999995
2.8190000000000004
2.817
2.8280000000000003
2.84
2.8520000000000003
2.862
2.8689999999999998
2.8749999999999996
2.8830000000000005
2.8880000000000003
2.8850000000000002
2.882
2.8880000000000003
2.893
2.897
2.9019999999999997
2.907
2.9149999999999996
2.9230000000000005
2.931
2.936
2.937
2.9349999999999996
2.932
2.9250000000000003
2.9169999999999994
2.917
2.9159999999999995
2.9170000000000003
2.9189999999999996
2.918
2.9210000000000003
2.9250000000000003
2.928
2.932000000000001
2.9340000000000006
2.9370000000000003
2.942
2.9450000000000003
2.948
2.9570000000000003
2.968
2.9759999999999995
2.987
2.9890000000000003
2.987
2.98
2.974
2.9640000000000004
2.9539999999999997
2.946
2.9359999999999995
2.923
2.911
2.9090000000000003
2.907
2.9059999999999997
2.905
2.898
2.892
2.8890000000000002
2.8859999999999997
2.8810000000000002
2.872
2.8629999999999995
2.854
2.84
2.8259999999999996
2.819
2.813
2.8080000000000003
2.805
2.796
2.787
2.774
2.763
2.749
2.734
2.7239999999999998
2.715
2.705
2.6959999999999997
2.691
2.689
2.688
2.6870000000000003
2.6770000000000005
2.6629999999999994
2.656
2.654
2.645
2.6359999999999997
2.6280000000000006
2.6209999999999996
2.611
2.6
2.593
2.591
2.5899999999999994
2.5879999999999996
2.5799999999999996
2.57
2.5599999999999996
2.551
2.54
2.529
2.521
2.513
2.508
2.505
2.5060000000000002
2.507
2.508
2.507
2.497
2.4869999999999997
2.4779999999999998
2.468
2.455
2.4400000000000004
2.4320000000000004
2.4259999999999997
2.4240000000000004
2.422
2.422
2.42
2.415
2.413
2.41
2.4090000000000003
2.4099999999999997
2.4090000000000007
2.3990000000000005
2.391
2.382
2.3760000000000003
2.371
2.364
2.3569999999999998
2.351
2.346
2.341
2.331
2.3200000000000003
2.3219999999999996
2.328
2.331
2.331
2.335
2.343
2.351
2.3589999999999995
2.3640000000000003
2.37
2.38
2.3909999999999996
2.3979999999999997
2.403
2.41
2.4210000000000003
2.4239999999999995
2.427
2.433
2.4400000000000004
2.451
2.462
2.467
2.4670000000000005
2.465
2.4619999999999997
2.4570000000000003
2.449
2.448
2.451
2.452
2.452
2.4560000000000004
2.4610000000000003
2.4690000000000003
2.4769999999999994
2.4799999999999995
2.482
2.482
2.484
2.485
2.4859999999999998
2.495
2.5070000000000006
2.514
2.5169999999999995
2.5260000000000002
2.5359999999999996
2.5479999999999996
2.5589999999999997
2.5599999999999996
2.561
2.5639999999999996
2.5679999999999996
2.5690000000000004
2.569
2.5730000000000004
2.577
2.5789999999999997
2.579
2.5810000000000004
2.583
2.5860000000000003
2.589
2.583
2.575
2.5700000000000003
2.565
2.5580000000000003
2.551
2.5549999999999997
2.5600000000000005
2.5639999999999996
2.565
2.569
2.575
2.582
2.589
2.591
2.5909999999999997
2.592
2.598
2.5999999999999996
2.6
2.6
2.5999999999999996
2.599
2.598
2.6039999999999996
2.609
2.615
2.6189999999999998
2.616
2.6180000000000003
2.624
2.633
2.637
2.641
2.6510000000000002
2.6599999999999997
2.661
2.6590000000000003
2.659
2.659
2.66
2.658
2.647
2.634
2.628
2.6209999999999996
2.6050000000000004
2.589
2.575
2.5630000000000006
2.5500000000000003
2.531
2.515
2.498
2.482
2.465
2.444
2.425
2.4160000000000004
2.409
2.402
2.396
2.391
2.388
2.3850000000000002
2.379
2.379
2.379
2.378
2.379
2.371
2.362
2.3609999999999998
2.362
2.358
2.3520000000000003
2.344
2.3369999999999997
2.329
2.321
2.315
2.3099999999999996
2.3070000000000004
2.302
2.294
2.286
2.2910000000000004
2.2959999999999994
2.2960000000000003
2.2920000000000003
2.286
2.2790000000000004
2.2720000000000002
2.266
2.2599999999999993
2.253
2.246
2.238
2.2279999999999998
2.219
2.215
2.212
2.209
2.206
2.206
2.2059999999999995
2.2020000000000004
2.198
2.192
2.186
2.1810000000000005
2.176
2.1689999999999996
2.1609999999999996
2.158
2.1590000000000003
2.1599999999999997
2.157
2.1550000000000007
2.153
2.1470000000000002
2.1350000000000007
2.1270000000000002
2.118
2.1120000000000005
2.105
2.095
2.0840000000000005
2.077
2.0660000000000003
2.056
2.044
2.034
2.025
2.014
2.002
1.9929999999999999
1.984
1.978
1.974
1.9669999999999999
1.959
1.9569999999999996
1.956
1.9549999999999998
1.9539999999999997
1.9569999999999999
1.96
1.9649999999999999
1.971
1.9780000000000002
1.988
2.0020000000000002
2.017
2.0220000000000002
2.025
2.025
2.0229999999999997
2.0200000000000005
2.016
2.013
2.01
2.008
2.004
2.0000000000000004
1.996
1.9909999999999999
1.9859999999999998
1.9739999999999998
1.962
1.952
1.9419999999999997
1.9289999999999998
1.914
1.9069999999999998
1.9020000000000001
1.8969999999999998
1.893
1.8879999999999997
1.8820000000000001
1.876
1.8740000000000003
1.865
1.86
1.855
1.853
1.849
1.848
1.852
1.8590000000000002
1.8709999999999998
1.8850000000000002
1.895
1.9059999999999997
1.917
1.9289999999999998
1.939
1.9489999999999998
1.9570000000000005
1.9629999999999999
1.9660000000000004
1.967
1.9640000000000004
1.96
1.958
1.958
1.957
1.955
1.957
1.961
1.9650000000000003
1.97
1.968
1.965
1.9579999999999997
1.9480000000000004
1.9369999999999998
1.9289999999999998
1.927
1.925
1.919
1.915
1.91
1.9049999999999998
1.8969999999999998
1.891
1.8849999999999998
1.8800000000000003
1.8730000000000002
1.866
1.858
1.8489999999999998
1.841
1.8319999999999999
1.82
1.807
1.7980000000000003
1.79
1.7830000000000001
1.7759999999999998
1.7720000000000002
1.7680000000000002
1.763
1.7590000000000001
1.7520000000000002
1.745
1.7400000000000002
1.736
1.73
1.7229999999999999
1.714
1.7040000000000002
1.693
1.683
1.6769999999999998
1.675
1.676
1.676
1.6690000000000003
1.6620000000000001
1.6560000000000004
1.6489999999999998
1.6380000000000001
1.628
1.618
1.607
1.5970000000000002
1.587
1.582
1.575
1.5730000000000002
1.5720000000000003
1.566
1.5600000000000003
1.5530000000000002
1.5450000000000002
1.534
1.5210000000000001
1.5110000000000001
1.5030000000000001
1.4960000000000002
1.4860000000000002
1.483
1.477
1.475
1.4690000000000003
1.4620000000000002
1.45
1.439
1.427
1.411
1.3940000000000001
1.3810000000000002
1.366
1.354
1.342
1.334
1.327
1.323
1.319
1.317
1.3159999999999998
1.318
1.323
1.323
1.3249999999999997
1.331
1.3370000000000002
1.343
1.3479999999999999
1.347
1.346
1.354
1.363
1.371
1.379
1.387
1.392
1.392
1.3920000000000001
1.4020000000000001
1.411
1.4210000000000003
1.432
1.443
1.453
1.4660000000000002
1.4780000000000002
1.4860000000000002
1.493
1.499
1.5050000000000001
1.5100000000000002
1.513
1.517
1.5230000000000001
1.529
1.537
1.541
1.5439999999999998
1.5459999999999998
1.55
1.5540000000000003
1.5559999999999998
1.5590000000000002
1.5619999999999998
1.5629999999999997
1.561
1.56
1.559
1.5619999999999998
1.564
1.565
1.563
1.568
1.5719999999999998
1.5719999999999998
1.573
1.5779999999999998
1.583
1.586
1.589
1.5959999999999999
1.603
1.6099999999999999
1.618
1.6260000000000001
1.635
1.646
1.657
1.663
1.6710000000000005
1.6830000000000003
1.694
1.703
1.714
1.7249999999999999
1.734
1.7440000000000002
1.754
1.7620000000000002
1.7700000000000005
1.778
1.7850000000000001
1.7840000000000003
1.7830000000000004
1.7799999999999998
1.7780000000000002
1.775
1.7720000000000002
1.7700000000000005
1.77
1.771
1.7730000000000001
1.774
1.7759999999999998
1.7760000000000002
1.775
1.7710000000000001
1.7680000000000002
1.761
1.7520000000000002
1.7420000000000002
1.73
1.7209999999999999
1.7080000000000002
1.695
1.6829999999999998
1.672
1.6610000000000003
1.657
1.651
1.637
1.6229999999999998
1.6090000000000002
1.5959999999999999
1.5850000000000002
1.5739999999999998
1.565
1.556
1.544
1.532
1.52
1.5070000000000001
1.494
1.48
1.464
1.447
1.437
1.4269999999999998
1.419
1.412
1.4060000000000001
1.402
1.4009999999999998
1.399
1.3979999999999997
1.395
1.3929999999999998
1.391
1.387
1.3809999999999998
1.376
1.3719999999999999
1.369
1.3649999999999998
1.359
1.3539999999999999
1.349
1.343
1.337
1.334
1.33
1.327
1.3199999999999998
1.313
1.31
1.307
1.307
1.307
1.3039999999999998
1.3019999999999998
1.298
1.294
1.291
1.288
1.283
1.2760000000000002
1.264
1.2510000000000001
1.24
1.226
1.213
1.201
1.19
1.176
1.1629999999999998
1.153
1.143
1.132
1.1219999999999999
1.111
1.1019999999999999
1.093
1.088
1.084
1.083
1.0819999999999999
1.0799999999999998
1.077
1.0719999999999998
1.066
1.061
1.056
1.049
1.0410000000000001
1.032
1.024
1.016
1.008
1.005
1.007
1.008
1.008
1.0070000000000001
1.006
1.0050000000000001
1.002
0.998
0.995
0.99
0.9870000000000001
0.9860000000000001
0.9860000000000001
0.9880000000000001
0.991
0.9960000000000001
1.001
1.005
1.008
1.0100000000000002
1.012
1.014
1.0190000000000001
1.0230000000000001
1.0270000000000001
1.0290000000000001
1.0310000000000001
1.0310000000000001
1.0310000000000001
1.031
1.0310000000000001
1.028
1.026
1.021
1.016
1.01
1.004
1.0
0.9959999999999999
0.992
0.9879999999999999
0.9829999999999999
0.979
0.974
0.97
0.969
0.968
0.9689999999999999
0.9699999999999998
0.972
0.971
0.9729999999999999
0.975
0.976
0.975
0.9759999999999999
0.9769999999999999
0.9769999999999999
0.9769999999999999
0.9789999999999999
0.9799999999999998
0.9809999999999998
0.9809999999999999
0.981
0.98
0.978
0.9769999999999999
0.9799999999999999
0.985
0.99
0.995
0.999
1.003
1.008
1.013
1.017
1.0199999999999998
1.021
1.023
1.027
1.0319999999999998
1.034
1.0359999999999998
1.0409999999999997
1.0459999999999998
1.051
1.057
1.062
1.067
1.0739999999999998
1.081
1.087
1.0919999999999999
1.0959999999999999
1.099
1.102
1.1039999999999999
1.1090000000000002
1.113
1.1159999999999999
1.1169999999999998
1.1179999999999999
1.1209999999999998
1.1210000000000002
1.1229999999999998
1.125
1.128
1.127
1.126
1.125
1.123
1.1239999999999999
1.1239999999999999
1.1239999999999999
1.123
1.1199999999999999
1.117
1.1139999999999999
1.112
1.1079999999999999
1.1070000000000002
1.1019999999999999
1.094
1.0879999999999999
1.0830000000000002
1.083
1.084
1.0839999999999999
1.084
1.083
1.0810000000000002
1.081
1.078
1.076
1.074
1.0699999999999998
1.067
1.0639999999999998
1.061
1.059
1.058
1.058
1.057
1.056
1.055
1.054
1.053
1.05
1.0459999999999998
1.038
1.031
1.024
1.017
1.012
1.0090000000000001
1.0050000000000001
1.0
0.993
0.99
0.986
0.982
0.98
0.978
0.9730000000000001
0.9670000000000001
0.962
0.958
0.9530000000000001
0.9470000000000001
0.9430000000000001
0.9390000000000001
0.9319999999999999
0.925
0.917
0.909
0.9039999999999999
0.8999999999999999
0.8959999999999999
0.893
0.887
0.883
0.8799999999999999
0.8779999999999999
0.8749999999999999
0.8709999999999999
0.8659999999999999
0.859
0.8529999999999999
0.847
0.84
0.8339999999999999
0.8270000000000001
0.82
0.814
0.808
0.803
0.7989999999999999
0.795
0.7909999999999999
0.786
0.779
0.773
0.7659999999999999
0.7619999999999999
0.7559999999999999
0.75
0.744
0.741
0.737
0.7330000000000001
0.728
0.7230000000000001
0.718
0.7110000000000001
0.704
0.6970000000000001
0.69
0.6839999999999999
0.677
0.6719999999999999
0.665
0.66
0.6560000000000001
0.6510000000000001
0.645
0.6370000000000001
0.629
0.623
0.6170000000000001
0.6120000000000001
0.6070000000000001
0.6030000000000001
0.6000000000000001
0.5970000000000001
0.5940000000000001
0.593
0.591
0.591
0.591
0.591
0.5899999999999999
0.5899999999999999
0.591
0.593
0.595
0.596
0.597
0.597
0.598
0.601
0.604
0.601
0.598
0.595
0.591
0.584
0.577
0.573
0.565
0.5589999999999999
0.5529999999999999
0.5459999999999999
0.5389999999999999
0.535
0.532
0.529
0.524
0.52
0.516
0.512
0.509
0.511
0.513
0.516
0.52
0.524
0.527
0.531
0.533
0.531
0.526
0.519
0.5109999999999999
0.504
0.497
0.492
0.488
0.484
0.481
0.48
0.478
0.477
0.476
0.474
0.472
0.472
0.472
0.472
0.472
0.473
0.475
0.477
0.478
0.479
0.482
0.484
0.485
0.485
0.487
0.489
0.493
0.497
0.501
0.505
0.509
0.51
0.511
0.512
0.513
0.515
0.516
0.517
0.518
0.52
0.522
0.526
0.53
0.533
0.536
0.538
0.54
0.541
0.5429999999999999
0.546
0.55
0.5509999999999999
0.5529999999999999
0.5529999999999999
0.554
0.5549999999999999
0.556
0.556
0.555
0.553
0.55
0.544
0.538
0.534
0.529
0.524
0.518
0.518
0.518
0.518
0.519
0.5219999999999999
0.525
0.5279999999999999
0.533
0.5369999999999999
0.5409999999999999
0.5449999999999999
0.5489999999999999
0.5499999999999999
0.5529999999999999
0.5559999999999999
0.5609999999999999
0.565
0.5700000000000001
0.5740000000000001
0.577
0.5780000000000001
0.5790000000000001
0.5790000000000002
0.5780000000000001
0.5770000000000001
0.5750000000000001
0.5730000000000001
0.5710000000000001
0.5750000000000001
0.5790000000000001
0.583
0.587
0.588
0.589
0.5890000000000001
0.589
0.5910000000000001
0.5920000000000001
0.5930000000000001
0.5940000000000001
0.594
0.594
0.596
0.599
0.6
0.601
0.601
0.601
0.601
0.602
0.603
0.605
0.606
0.605
0.6040000000000001
0.6040000000000001
0.6060000000000001
0.6060000000000001
0.6040000000000001
0.599
0.5930000000000001
0.5870000000000001
0.5830000000000001
0.5800000000000001
0.5790000000000001
0.5780000000000001
0.5760000000000001
0.5740000000000001
0.5720000000000001
0.5700000000000001
0.5690000000000001
0.5670000000000001
0.5640000000000001
0.562
0.556
0.55
0.545
0.54
0.535
0.53
0.526
0.521
0.516
0.51
0.507
0.503
0.499
0.494
0.488
0.482
0.478
0.474
0.47
0.46599999999999997
0.46399999999999997
0.463
0.461
0.459
0.458
0.457
0.455
0.453
0.449
0.44400000000000006
0.43900000000000006
0.43400000000000005
0.42900000000000005
0.42200000000000004
0.41600000000000004
0.41000000000000003
0.404
0.398
0.394
0.388
0.383
0.376
0.37
0.363
0.357
0.35100000000000003
0.34600000000000003
0.3410000000000001
0.3360000000000001
0.33100000000000007
0.32600000000000007
0.32100000000000006
0.31700000000000006
0.31300000000000006
0.30800000000000005
0.30300000000000005
0.29800000000000004
0.29300000000000004
0.29000000000000004
0.28700000000000003
0.28500000000000003
0.28300000000000003
0.279
0.275
0.271
0.267
0.265
0.264
0.263
0.261
0.261
0.26
0.259
0.257
0.256
0.254
0.25
0.245
0.241
0.237
0.23300000000000004
0.22800000000000004
0.22400000000000003
0.22000000000000003
0.21800000000000003
0.21699999999999997
0.21599999999999997
0.21499999999999997
0.21499999999999997
0.21399999999999997
0.21300000000000002
0.21300000000000002
0.21400000000000002
0.21500000000000002
0.21600000000000003
0.21700000000000003
0.22000000000000003
0.22300000000000003
0.22600000000000003
0.22900000000000004
0.23399999999999999
0.239
0.244
0.249
0.253
0.258
0.263
0.268
0.273
0.278
0.281
0.28400000000000003
0.28700000000000003
0.29000000000000004
0.29400000000000004
0.29800000000000004
0.30000000000000004
0.30200000000000005
0.30200000000000005
0.30300000000000005
0.30300000000000005
0.30200000000000005
0.302
0.302
0.3
0.298
0.296
0.294
0.294
0.295
0.296
0.297
0.297
0.297
0.296
0.295
0.294
0.294
0.294
0.294
0.29500000000000004
0.29600000000000004
0.29600000000000004
0.29600000000000004
0.29700000000000004
0.29900000000000004
0.30100000000000005
0.30300000000000005
0.305
0.308
0.308
0.307
0.306
0.305
0.304
0.303
0.302
0.301
0.3
0.299
0.298
0.297
0.297
0.297
0.297
0.297
0.294
0.29
0.286
0.282
0.27599999999999997
0.26999999999999996
0.26499999999999996
0.26099999999999995
0.25599999999999995
0.25099999999999995
0.24799999999999994
0.24499999999999994
0.242
0.239
0.237
0.235
0.23299999999999998
0.23099999999999998
0.22799999999999998
0.22499999999999998
0.22299999999999998
0.22099999999999997
0.218
0.215
0.212
0.208
0.206
0.204
0.20199999999999999
0.19999999999999996
0.196
0.193
0.189
0.185
0.18
0.175
0.16999999999999998
0.16499999999999998
0.16099999999999998
0.156
0.151
0.148
0.145
0.142
0.141
0.13999999999999999
0.139
0.139
0.139
0.14100000000000001
0.14300000000000002
0.14500000000000002
0.148
0.15
0.154
0.15799999999999997
0.16099999999999998
0.16399999999999998
0.16899999999999998
0.175
0.179
0.183
0.188
0.193
0.198
0.203
0.20800000000000002
0.21500000000000002
0.22300000000000003
0.23100000000000004
0.23900000000000005
0.246
0.253
0.26
0.264
0.26799999999999996
0.272
0.276
0.278
0.279
0.277
0.275
0.274
0.273
0.275
0.278
0.28
0.28200000000000003
0.28200000000000003
0.28300000000000003
0.28300000000000003
0.28400000000000003
0.28500000000000003
0.28600000000000003
0.28600000000000003
0.28500000000000003
0.28300000000000003
0.281
0.28
0.279
0.28
0.281
0.28200000000000003
0.28400000000000003
0.28600000000000003
0.28800000000000003
0.29000000000000004
0.29200000000000004
0.29500000000000004
0.29800000000000004
0.30100000000000005
0.30400000000000005
0.30500000000000005
0.30600000000000005
0.30700000000000005
0.30800000000000005
0.30800000000000005
0.30800000000000005
0.30800000000000005
0.30800000000000005
0.30800000000000005
0.30800000000000005
0.30800000000000005
0.30800000000000005
0.30800000000000005
0.30800000000000005
0.30600000000000005
0.30400000000000005
0.30200000000000005
0.30000000000000004
0.29800000000000004
0.29600000000000004
0.29600000000000004
0.29700000000000004
0.29900000000000004
0.30100000000000005
0.30100000000000005
0.30100000000000005
0.30000000000000004
0.29900000000000004
0.29800000000000004
0.29500000000000004
0.29200000000000004
0.29000000000000004
0.28800000000000003
0.28700000000000003
0.28700000000000003
0.28600000000000003
0.28600000000000003
0.28400000000000003
0.28200000000000003
0.28
0.279
0.278
0.277
0.276
0.272
0.268
0.263
0.259
0.257
0.25500000000000006
0.25200000000000006
0.24800000000000005
0.24400000000000005
0.24000000000000002
0.23700000000000002
0.232
0.227
0.222
0.21600000000000003
0.21200000000000002
0.20800000000000002
0.20400000000000001
0.20299999999999999
0.20199999999999999
0.20099999999999996
0.19999999999999996
0.196
0.192
0.19
0.188
0.186
0.184
0.182
0.18
0.178
0.176
0.177
0.177
0.178
0.178
0.176
0.174
0.173
0.173
0.174
0.175
0.175
0.175
0.175
0.175
0.174
0.172
0.16999999999999998
0.16799999999999998
0.16599999999999998
0.16399999999999998
0.161
0.158
0.155
0.152
0.151
0.15
0.149
0.148
0.147
0.146
0.146
0.146
0.146
0.146
0.147
0.148
0.149
0.15
0.151
0.152
0.153
0.154
0.154
0.153
0.15299999999999997
0.151
0.149
0.14700000000000002
0.14700000000000002
0.14700000000000002
0.14800000000000002
0.15000000000000002
0.15100000000000002
0.15200000000000002
0.15300000000000002
0.15300000000000002
0.15300000000000002
0.15200000000000002
0.14900000000000002
0.14600000000000002
0.14200000000000002
0.138
0.134
0.13
0.126
0.122
0.118
0.114
0.113
0.112
0.11100000000000002
0.10800000000000001
0.10500000000000001
0.10200000000000001
0.099
0.096
0.094
0.092
0.09
0.08800000000000001
0.08600000000000001
0.084
0.083
0.08
0.07700000000000001
0.07400000000000001
0.07100000000000001
0.068
0.064
0.06
0.06
0.06
0.061
0.062
0.063
0.063
0.063
0.063
0.063
0.063
0.062
0.061
0.06
0.059
0.06
0.061
0.062
0.063
0.063
0.063
0.062
0.061000000000000006
0.060000000000000005
0.059000000000000004
0.059000000000000004
0.059000000000000004
0.059000000000000004
0.059000000000000004
0.059000000000000004
0.059000000000000004
0.059000000000000004
0.059000000000000004
0.059000000000000004
0.059000000000000004
0.059000000000000004
0.059000000000000004
0.059000000000000004
0.059000000000000004
0.059000000000000004
0.060000000000000005
0.061000000000000006
0.062
0.064
0.066
0.067
0.068
0.069
0.07
0.07
0.07
0.07
0.07
0.07200000000000001
0.07400000000000001
0.07700000000000001
0.08000000000000002
0.08300000000000002
0.08600000000000002
0.08900000000000002
0.09200000000000001
0.09500000000000001
0.097
0.098
0.099
0.1
0.10099999999999999
0.102
0.103
0.105
0.109
0.11299999999999999
0.11799999999999998
0.12299999999999998
0.128
0.133
0.138
0.14200000000000002
0.14600000000000002
0.14900000000000002
0.15200000000000002
0.155
0.158
0.16
0.162
0.164
0.166
0.167
0.168
0.169
0.17
0.17
0.17
0.17
0.17
0.17
0.17
0.168
0.166
0.165
0.164
0.163
0.162
0.161
0.16
0.16
0.16
0.16
0.161
0.162
0.163
0.163
0.163
0.162
0.161
0.16
0.159
0.158
0.157
0.156
0.155
0.155
0.155
0.155
0.155
0.155
0.155
0.155
0.155
0.155
0.155
0.155
0.155
0.155
0.155
0.155
0.155
0.155
0.155
0.155
0.154
0.153
0.153
0.152
0.151
0.15
0.149
0.148
0.147
0.146
0.14500000000000002
0.14400000000000002
0.14300000000000002
0.14100000000000001
0.139
0.135
0.132
0.129
0.126
0.12300000000000003
0.12000000000000002
0.11700000000000002
0.11400000000000002
0.11200000000000002
0.11000000000000001
0.10800000000000001
0.10600000000000001
0.10400000000000001
0.10200000000000001
0.1
0.09600000000000002
0.09200000000000001
0.08700000000000001
0.082
0.077
0.07200000000000001
0.067
0.063
0.05900000000000001
0.05600000000000001
0.053000000000000005
0.05
0.047
0.045
0.043
0.041
0.03900000000000001
0.037000000000000005
0.035
0.033
0.031000000000000003
0.030000000000000002
0.029
0.028
0.027000000000000003
0.026000000000000006
0.025000000000000005
0.025000000000000005
0.025000000000000005
0.025000000000000005
0.026000000000000006
0.027000000000000003
0.028000000000000004
0.029000000000000005
0.030000000000000006
0.030000000000000006
0.030000000000000006
0.030000000000000002
0.028999999999999998
0.027000000000000003
0.025
0.024
0.024
0.025
0.026000000000000002
0.027000000000000003
0.028000000000000004
0.030000000000000006
0.03200000000000001
0.034
0.036
0.038
0.04
0.042
0.044000000000000004
0.045000000000000005
0.046000000000000006
0.04700000000000001
0.04800000000000001
0.049
0.05
0.051000000000000004
0.052000000000000005
0.053000000000000005
0.054000000000000006
0.056
0.058
0.059000000000000004
0.060000000000000005
0.061000000000000006
0.062000000000000006
0.063
0.063
0.063
0.063
0.062000000000000006
0.061000000000000006
0.060000000000000005
0.059000000000000004
0.059000000000000004
0.059000000000000004
0.059000000000000004
0.059000000000000004
0.059000000000000004
0.060000000000000005
0.061000000000000006
0.061000000000000006
0.061
0.061
0.061000000000000006
0.062000000000000006
0.063
0.064
0.067
0.06999999999999999
0.072
0.074
0.076
0.078
0.081
0.084
0.08700000000000001
0.09000000000000001
0.09299999999999999
0.09699999999999999
0.09999999999999999
0.103
0.106
0.109
0.111
0.113
0.115
0.117
0.11800000000000001
0.11900000000000001
0.12000000000000001
0.12100000000000001
0.12200000000000001
0.12299999999999998
0.12299999999999998
0.12299999999999998
0.12299999999999998
0.12299999999999998
0.12299999999999998
0.12299999999999998
0.12299999999999998
0.12299999999999998
0.12299999999999998
0.12299999999999998
0.12299999999999998
0.122
0.121
0.12
0.119
0.118
0.11699999999999999
0.11599999999999999
0.11499999999999999
0.11399999999999999
0.11399999999999999
0.11399999999999999
0.11399999999999999
0.11300000000000002
0.11200000000000002
0.11100000000000002
0.11000000000000001
0.10900000000000001
0.10700000000000001
0.10500000000000001
0.10300000000000001
0.101
0.099
0.098
0.096
0.094
0.093
0.092
0.091
0.09000000000000001
0.08900000000000001
0.08800000000000001
0.08700000000000001
0.08600000000000001
0.085
0.085
0.084
0.083
0.083
0.084
0.085
0.08600000000000001
0.085
0.084
0.085
0.086
0.088
0.09
0.092
0.094
0.096
0.098
0.098
0.098
0.098
0.097
0.096
0.095
0.094
0.093
0.092
0.09000000000000001
0.08800000000000001
0.08600000000000001
0.083
0.08
0.078
0.07600000000000001
0.07400000000000001
0.07200000000000001
0.07
0.068
0.066
0.064
0.062
0.059000000000000004
0.05700000000000001
0.05500000000000001
0.053000000000000005
0.051000000000000004
0.05
0.049
0.048
0.047
0.046000000000000006
0.045000000000000005
0.044000000000000004
0.043000000000000003
0.042
0.041
0.041
0.041
0.041
0.041
0.041
0.041
0.041
0.041
0.042
0.043000000000000003
0.044000000000000004
0.045
0.046
0.047
0.048
0.049
0.05
0.051000000000000004
0.051000000000000004
0.051000000000000004
0.051000000000000004
0.051000000000000004
0.051000000000000004
0.051000000000000004
0.051000000000000004
0.051000000000000004
0.051000000000000004
0.051000000000000004
0.051000000000000004
0.051000000000000004
0.051000000000000004
0.051000000000000004
0.051000000000000004
0.05
0.05
0.05
0.05
0.05
0.05
0.05
0.05
0.05
0.05
0.05
0.05
0.049
0.048
0.04700000000000001
0.046000000000000006
0.044000000000000004
0.042
0.04
0.04
0.04
0.038000000000000006
0.036000000000000004
0.034
0.032
0.03
0.028000000000000004
0.026000000000000002
0.024
0.024
0.024
0.024
0.024
0.024
0.024
0.024
0.024
0.024
0.024
0.024
0.024
0.024
0.024
0.024
0.024
0.024
0.024
0.023
0.023
0.023
0.023
0.023
0.023
0.023
0.023
0.023
0.023
0.022
0.022
0.022
0.022
0.023
0.024
0.024
0.024
0.024
0.024
0.024
0.024
0.024
0.024
0.024999999999999998
0.027
0.029
0.031000000000000003
0.032
0.033
0.033
0.033
0.033
0.033
0.032
0.031
0.03
0.028999999999999998
0.03
0.031
0.032
0.033
0.034
0.035
0.037000000000000005
0.03900000000000001
0.041
0.043000000000000003
0.045000000000000005
0.047
0.049
0.051000000000000004
0.052000000000000005
0.053000000000000005
0.054000000000000006
0.05500000000000001
0.05600000000000001
0.05700000000000001
0.05700000000000001
0.05700000000000001
0.05700000000000001
0.05700000000000001
0.05700000000000001
0.05700000000000001
0.05700000000000001
0.05700000000000001
0.05700000000000001
0.05700000000000001
0.05700000000000001
0.05700000000000001
0.05700000000000001
0.05700000000000001
0.05700000000000001
0.05700000000000001
0.05700000000000001
0.05700000000000001
0.05700000000000001
0.05700000000000001
0.05700000000000001
0.05700000000000001
0.05700000000000001
0.05700000000000001
0.05700000000000001
0.05700000000000001
0.05700000000000001
0.05700000000000001
0.05700000000000001
0.05700000000000001
0.05700000000000001
0.05700000000000001
0.05700000000000001
0.05700000000000001
0.05700000000000001
0.05700000000000001
0.05700000000000001
0.05700000000000001
0.05700000000000001
0.05700000000000001
0.05700000000000001
0.05700000000000001
0.05700000000000001
0.05600000000000001
0.05500000000000001
0.054000000000000006
0.053000000000000005
0.052000000000000005
0.051000000000000004
0.05
0.049
0.04800000000000001
0.04800000000000001
0.04700000000000001
0.046000000000000006
0.045000000000000005
0.044000000000000004
0.043000000000000003
0.043000000000000003
0.043000000000000003
0.043000000000000003
0.043000000000000003
0.043000000000000003
0.043000000000000003
0.043000000000000003
0.043000000000000003
0.042
0.04
0.038000000000000006
0.036000000000000004
0.034
0.032
0.031000000000000003
0.030000000000000006
0.029000000000000005
0.028000000000000004
0.028000000000000004
0.029
0.030000000000000002
0.031000000000000003
0.030000000000000002
0.029
0.028000000000000004
0.027000000000000003
0.026000000000000002
0.025
0.023
0.020999999999999998
0.019
0.017
0.015
0.013000000000000001
0.011000000000000001
0.009000000000000001
0.008
0.007
0.006
0.005
0.004
0.003
0.003
0.003
0.003
0.003
0.003
0.003
0.003
0.003
0.003
0.003
0.003
0.004
0.005
0.006
0.007
0.008
0.009000000000000001
0.010000000000000002
0.011
0.012
0.013000000000000001
0.013999999999999999
0.013999999999999999
0.013999999999999999
0.013999999999999999
0.013999999999999999
0.013999999999999999
0.013999999999999999
0.013999999999999999
0.013999999999999999
0.013999999999999999
0.013999999999999999
0.013999999999999999
0.013999999999999999
0.013999999999999999
0.013999999999999999
0.013999999999999999
0.013999999999999999
0.013999999999999999
0.013999999999999999
0.013999999999999999
0.013999999999999999
0.013999999999999999
0.013999999999999999
0.013999999999999999
0.013999999999999999
0.013999999999999999
0.013999999999999999
0.013999999999999999
0.013999999999999999
0.013999999999999999
0.013999999999999999
0.013999999999999999
0.013999999999999999
0.013999999999999999
0.013999999999999999
0.013999999999999999
0.013999999999999999
0.013999999999999999
0.013999999999999999
0.013999999999999999
0.013999999999999999
0.013999999999999999
0.013999999999999999
0.013999999999999999
0.013999999999999999
0.013999999999999999
0.013999999999999999
0.013999999999999999
0.013999999999999999
0.013999999999999999
0.013999999999999999
0.013999999999999999
0.013999999999999999
0.013999999999999999
0.013999999999999999
0.013999999999999999
0.013
0.012
0.011
0.011
0.011
0.011
0.011
0.011
0.011
0.011
0.011
0.011
0.011
0.011
0.011
0.011
0.011
0.011
0.011
0.011
0.011
0.011
0.011
0.011
0.011
0.011
0.011
0.011
0.011
0.011
0.011
0.011
0.011
0.011
0.01
0.009
0.008
0.007000000000000001
0.006
0.005
0.004
0.003
0.002
0.001
0.0
0.0
0.0
0.0
0.0
0.0
0.0
0.0
0.0
0.0
0.0
0.0
0.0
0.0
0.0
0.0
0.0
0.0
0.0
0.0
0.0
0.0
0.0
0.0
0.0
0.0
0.0
0.0
0.0
0.0
0.0
0.0
0.0
0.0
0.0
0.0
0.0
0.0
0.0
0.0
0.0
0.0
0.0
0.0
0.0
0.0
0.0
0.0
0.0
0.0
0.0
0.0
0.0
0.0
0.0
0.0
0.0
0.0
0.0
0.0
0.0
0.0
0.0
0.0
0.0
0.0
0.0
0.0
0.0
0.0
0.0
0.0
0.0
0.0
0.0
0.0
0.0
0.0
0.0
0.0
0.0
0.0
0.0
0.0
0.0
0.0
0.0
0.0
0.0
0.0
0.0
0.0
0.0
0.0
0.0
0.0
0.0
0.0
0.0
0.0
0.0
0.0
0.001
0.002
0.003
0.003
0.003
0.003
0.003
0.003
0.003
0.003
0.003
0.003
0.003
0.003
0.003
0.003
0.003
0.003
0.003
0.003
0.003
0.003
0.003
0.003
0.003
0.003
0.003
0.003
0.003
0.003
0.003
0.003
0.003
0.003
0.003
0.003
0.003
0.003
0.003
0.003
0.003
0.003
0.003
0.003
0.004
0.005
0.006
0.007
0.008
0.009000000000000001
0.010000000000000002
0.011
0.012
0.012
0.012
0.012
0.012
0.012
0.012
0.012
0.012
0.012
0.012
0.012
0.012
0.012
0.012
0.012
0.012
0.012
0.012
0.012
0.012
0.012
0.012
0.012
0.012
0.012
0.012
0.012
0.012
0.012
0.012
0.012
0.012
0.012
0.012
0.012
0.012
0.012
0.012
0.012
0.012
0.012
0.012
0.012
0.012
0.012
0.012
0.012
0.011
0.009999999999999998
0.009
0.009
0.009
0.009
0.009
0.009
0.009
0.009
0.009
0.009
0.009
0.009
0.009
0.009
0.009
0.009
0.009
0.009
0.009
0.009
0.009
0.009
0.009
0.009
0.009
0.009
0.009
0.009
0.009
0.009
0.009
0.009
0.009
0.009
0.009
0.009
0.009
0.009
0.009
0.009
0.009
0.009
0.008
0.007000000000000001
0.006
0.005
0.004
0.003
0.002
0.001
0.0
0.0
0.0
0.0
0.0
0.0
0.0
0.0
0.0
0.0
0.0
0.0
0.0
0.0
0.0
0.0
0.0
0.0
0.0
0.0
0.0
0.0
0.0
0.0
0.0
0.0
0.0
0.0
0.0
0.0
0.0
0.0
0.0
0.0
0.0
0.0
0.0
0.0
0.0
0.0
0.0
0.0
0.0
0.0
0.0
0.0
0.0
0.0
0.0
0.0
0.0
0.0
0.0
0.0
0.0
0.0
0.0
0.0
0.0
0.0
0.0
0.0
0.001
0.002
0.003
0.004
0.005
0.006
0.007000000000000001
0.008
0.009
0.009
0.009
0.009
0.009
0.009
0.009
0.009
0.009
0.009
0.009
0.009
0.009
0.009
0.009
0.009
0.009
0.009
0.009
0.009
0.009
0.009
0.009
0.009
0.009
0.009
0.009
0.009
0.009
0.009
0.009
0.009
0.009
0.009
0.009
0.009
0.009
0.009
0.009
0.009
0.009
0.009
0.009
0.009
0.009
0.009
0.009
0.009
0.009999999999999998
0.011
0.012
0.013
0.013999999999999999
0.015
0.016
0.017
0.018
0.019
0.019999999999999997
0.019999999999999997
0.019999999999999997
0.019999999999999997
0.019999999999999997
0.019999999999999997
0.019999999999999997
0.019999999999999997
0.019999999999999997
0.019999999999999997
0.019999999999999997
0.019999999999999997
0.019999999999999997
0.019999999999999997
0.019999999999999997
0.019999999999999997
0.019999999999999997
0.019999999999999997
0.019999999999999997
0.019999999999999997
0.019999999999999997
0.019999999999999997
0.019999999999999997
0.019999999999999997
0.019999999999999997
0.019999999999999997
0.019999999999999997
0.019999999999999997
0.019999999999999997
0.019999999999999997
0.019999999999999997
0.019999999999999997
0.019999999999999997
0.019999999999999997
0.019
0.018000000000000002
0.017
0.016
0.015
0.013999999999999999
0.013
0.012
0.011
0.011
0.011
0.011
0.011
0.011
0.011
0.011
0.011
0.011
0.011
0.011
0.011
0.011
0.011
0.011
0.011
0.011
0.011
0.011
0.011
0.011
0.011
0.011
0.011
0.011
0.011
0.011
0.011
0.011
0.011
0.011
0.011
0.011
0.011
0.011
0.011
0.011
0.011
0.011
0.011
0.011
0.011
0.011
0.011
0.011
0.011
0.011
0.01
0.009
0.008
0.007000000000000001
0.006
0.006
0.006
0.006
0.006
0.006
0.006
0.007000000000000001
0.008
0.008
0.008
0.008
0.008
0.008
0.008
0.008
0.008
0.008
0.008
0.009000000000000001
0.01
0.011
0.012
0.013000000000000001
0.014
0.014
0.014
0.014
0.014
0.014
0.014
0.014
0.014
0.014
0.014
0.014
0.014
0.014
0.014
0.014
0.014
0.014
0.014
0.014
0.014
0.014
0.014
0.014
0.014
0.014
0.014
0.014
0.014
0.014
0.014
0.014
0.014
0.014
0.014
0.014
0.014
0.014
0.014
0.014
0.014
0.014
0.014
0.014
0.014
0.014
0.014
0.014
0.014
0.014
0.014
0.014
0.014
0.014
0.014
0.014
0.014
0.014
0.014
0.014
0.014
0.014
0.014
0.014
0.014
0.014
0.014
0.014
0.014
0.014
0.014
0.014
0.014
0.014
0.014
0.014
0.014
0.013000000000000001
0.012
0.011
0.01
0.009000000000000001
0.008
0.007
0.006
0.006
0.006
0.006
0.006
0.006
0.006
0.006
0.006
0.006
0.006
0.005
0.004
0.003
0.002
0.001
0.0
0.0
0.0
0.0
0.0
0.0
0.0
0.0
0.0
0.0
0.0
0.0
0.0
0.0
0.0
0.0
0.0
0.0
0.0
0.0
0.0
0.0
0.0
0.0
0.0
0.0
0.0
0.0
0.0
0.0
0.0
0.0
0.0
0.0
0.0
0.0
