0.016
0.018000000000000002
0.02
0.02
0.02
0.02
0.02
0.022
0.024
0.026000000000000002
0.028000000000000004
0.03
0.032
0.036000000000000004
0.04000000000000001
0.044
0.048
0.052000000000000005
0.058
0.062000000000000006
0.066
0.066
0.066
0.066
0.066
0.066
0.066
0.066
0.068
0.076
0.08600000000000001
0.092
0.1
0.11000000000000001
0.12199999999999998
0.134
0.146
0.15799999999999997
0.16999999999999998
0.182
0.196
0.21200000000000002
0.22799999999999998
0.244
0.262
0.26999999999999996
0.27799999999999997
0.286
0.294
0.304
0.314
0.326
0.338
0.35
0.362
0.376
0.39
0.40399999999999997
0.418
0.426
0.436
0.446
0.458
0.47200000000000003
0.48600000000000004
0.5
0.514
0.528
0.542
0.552
0.5640000000000001
0.5780000000000001
0.5940000000000001
0.6060000000000001
0.6200000000000001
0.6340000000000001
0.65
0.668
0.6880000000000001
0.7040000000000001
0.7220000000000001
0.7360000000000001
0.7500000000000001
0.762
0.776
0.79
0.806
0.8200000000000001
0.832
0.844
0.856
0.87
0.886
0.898
0.908
0.916
0.924
0.93
0.934
0.9380000000000001
0.9420000000000001
0.9460000000000001
0.9500000000000001
0.956
0.962
0.97
0.98
0.986
0.994
1.004
1.014
1.02
1.026
1.034
1.042
1.054
1.066
1.082
1.098
1.1199999999999999
1.142
1.164
1.188
1.2139999999999997
1.2419999999999998
1.2619999999999998
1.2879999999999998
1.3159999999999998
1.3459999999999999
1.3699999999999999
1.394
1.422
1.45
1.476
1.502
1.52
1.538
1.554
1.572
1.58
1.586
1.592
1.598
1.604
1.612
1.634
1.658
1.686
1.7160000000000002
1.7400000000000002
1.766
1.79
1.814
1.8319999999999999
1.8520000000000003
1.8719999999999999
1.8920000000000001
1.912
1.934
1.964
1.996
2.036
2.074
2.1
2.124
2.1460000000000004
2.172
2.188
2.2039999999999997
2.222
2.238
2.2560000000000002
2.274
2.2960000000000003
2.316
2.3440000000000003
2.37
2.386
2.402
2.422
2.444
2.4640000000000004
2.486
2.51
2.532
2.5540000000000003
2.576
2.6020000000000003
2.6319999999999997
2.6620000000000004
2.694
2.718
2.7380000000000004
2.7640000000000002
2.7960000000000003
2.832
2.868
2.9060000000000006
2.9479999999999995
2.99
3.0359999999999996
3.0840000000000005
3.136
3.1899999999999995
3.2520000000000002
3.292
3.322
3.348
3.3740000000000006
3.3960000000000004
3.418
3.444
3.4719999999999995
3.502
3.536
3.5679999999999996
3.5999999999999996
3.63
3.6599999999999993
3.6719999999999997
3.692
3.708
3.7219999999999995
3.7359999999999998
3.7479999999999998
3.7720000000000002
3.7960000000000003
3.82
3.8400000000000007
3.8579999999999997
3.87
3.8819999999999997
3.896
3.9140000000000006
3.928
3.9400000000000004
3.948
3.962
3.974
3.998
4.024
4.05
4.078
4.106
4.134
4.162
4.194000000000001
4.21
4.224
4.244
4.266
4.286
4.308
4.34
4.372
4.4079999999999995
4.446
4.482
4.514
4.544
4.57
4.578
4.587999999999999
4.604
4.62
4.630000000000001
4.638
4.66
4.686
4.72
4.755999999999999
4.78
4.7940000000000005
4.805999999999999
4.824
4.827999999999999
4.832
4.846
4.858
4.867999999999999
4.874
4.888
4.906000000000001
4.928000000000001
4.952
4.974
4.996
5.014
5.03
5.032
5.028
5.029999999999999
5.036
5.044
5.05
5.054
5.062
5.068
5.074
5.074
5.064
5.054
5.04
5.021999999999999
4.994
4.99
4.997999999999999
5.0120000000000005
5.026
5.0440000000000005
5.062
5.08
5.104
5.116
5.124
5.128
5.132000000000001
5.132000000000001
5.130000000000001
5.148
5.16
5.178000000000001
5.198
5.216
5.238
5.2620000000000005
5.288
5.312
5.344
5.372
5.4
5.42
5.442
5.462
5.486
5.513999999999999
5.54
5.561999999999999
5.586
5.6080000000000005
5.63
5.644
5.662
5.68
5.698
5.708
5.713999999999999
5.744
5.776
5.808000000000001
5.840000000000001
5.878
5.918
5.963999999999999
6.0120000000000005
6.038
6.058
6.08
6.11
6.126
6.136000000000001
6.156000000000001
6.182
6.215999999999999
6.264000000000001
6.324
6.386
6.4479999999999995
6.516
6.576
6.6339999999999995
6.691999999999998
6.752000000000001
6.802
6.837999999999999
6.885999999999999
6.934
6.99
7.048
7.112000000000001
7.181999999999999
7.2559999999999985
7.326
7.374
7.41
7.433999999999999
7.458
7.476
7.494
7.5280000000000005
7.57
7.617999999999999
7.664000000000001
7.712
7.763999999999999
7.826
7.8919999999999995
7.944000000000001
7.984
8.027999999999999
8.08
8.126
8.178
8.236
8.298
8.362
8.426
8.498000000000001
8.576
8.658
8.741999999999999
8.806000000000001
8.85
8.879999999999999
8.91
8.934000000000001
8.96
8.989999999999998
9.02
9.044
9.066
9.09
9.111999999999998
9.14
9.172
9.18
9.18
9.176
9.17
9.164000000000001
9.161999999999999
9.168
9.172
9.18
9.19
9.216000000000001
9.254
9.294
9.336
9.368
9.39
9.426
9.464
9.5
9.536000000000001
9.58
9.634
9.681999999999999
9.73
9.78
9.83
9.87
9.898
9.892
9.870000000000001
9.86
9.858
9.85
9.83
9.824
9.826
9.834
9.84
9.848
9.846
9.846
9.844
9.82
9.782
9.746
9.718
9.693999999999999
9.682
9.682
9.7
9.718
9.736
9.751999999999999
9.768
9.771999999999998
9.772
9.75
9.726
9.724
9.738
9.762
9.79
9.826
9.868
9.914
9.962
10.006
10.052
10.082
10.108
10.104
10.086
10.088
10.096
10.104
10.116
10.14
10.157999999999998
10.174
10.193999999999999
10.212
10.234
10.251999999999999
10.267999999999999
10.258
10.248
10.256
10.28
10.319999999999999
10.354
10.394
10.436000000000002
10.484
10.546
10.6
10.652
10.690000000000001
10.727999999999998
10.742
10.73
10.736
10.754
10.766
10.772
10.786000000000001
10.806000000000001
10.832
10.86
10.878
10.888
10.892000000000001
10.889999999999999
10.872
10.858
10.856
10.866000000000001
10.87
10.870000000000001
10.873999999999999
10.878
10.886
10.889999999999999
10.882
10.882
10.876000000000001
10.868
10.85
10.83
10.832
10.856
10.882
10.903999999999998
10.936
10.982
11.032
11.086
11.132
11.18
11.224
11.274000000000001
11.308000000000002
11.334000000000001
11.376000000000001
11.428
11.478
11.512
11.556000000000001
11.600000000000001
11.645999999999999
11.690000000000001
11.724
11.756000000000002
11.776
11.802
11.832
11.866
11.918000000000001
11.978
12.028
12.067999999999998
12.107999999999999
12.142
12.182
12.22
12.248
12.266
12.271999999999998
12.270000000000001
12.264000000000001
12.242
12.241999999999999
12.25
12.26
12.277999999999999
12.302
12.33
12.354
12.387999999999998
12.422
12.448000000000002
12.468000000000002
12.484
12.489999999999998
12.482000000000001
12.494
12.514
12.532
12.548
12.565999999999999
12.597999999999997
12.632
12.666000000000002
12.695999999999998
12.709999999999999
12.738000000000001
12.777999999999999
12.824
12.86
12.924
13.02
13.108
13.188
13.274000000000001
13.361999999999998
13.443999999999999
13.514
13.565999999999999
13.608
13.66
13.72
13.758000000000001
13.794000000000002
13.85
13.902000000000001
13.954
14.0
14.046
14.094000000000001
14.142
14.193999999999999
14.232000000000003
14.260000000000002
14.29
14.312000000000001
14.326
14.334
14.357999999999999
14.394
14.43
14.458
14.489999999999998
14.527999999999999
14.556000000000001
14.581999999999999
14.59
14.582
14.58
14.584
14.592
14.596
14.613999999999999
14.642
14.669999999999998
14.694
14.729999999999999
14.784000000000002
14.829999999999998
14.876000000000001
14.916
14.943999999999999
14.972
15.003999999999998
15.032
15.048
15.072000000000001
15.089999999999998
15.106000000000002
15.119999999999997
15.142
15.174
15.224
15.282
15.326
15.360000000000003
15.396
15.444
15.5
15.576
15.675999999999998
15.8
15.911999999999999
16.017999999999997
16.118
16.216
16.324
16.444000000000003
16.546
16.638
16.732
16.828000000000003
16.921999999999997
17.01
17.099999999999998
17.2
17.296
17.382
17.465999999999998
17.552
17.644000000000002
17.736
17.834000000000003
17.932000000000002
18.032
18.142
18.262
18.380000000000003
18.516
18.668
18.798000000000002
18.912
19.022
19.112000000000002
19.21
19.304
19.392
19.485999999999997
19.588
19.700000000000003
19.799999999999997
19.895999999999997
20.008
20.122
20.236
20.35
20.466
20.592
20.724
20.868000000000002
21.020000000000003
21.158
21.302
21.449999999999996
21.58
21.694
21.799999999999997
21.9
21.990000000000002
22.074
22.151999999999997
22.232
22.316000000000003
22.402
22.502
22.596
22.724
22.872
23.022
23.178
23.34
23.503999999999998
23.674
23.854000000000003
24.037999999999997
24.224000000000004
24.406
24.59
24.766000000000002
24.93
25.106
25.286
25.456000000000003
25.618
25.766
25.906000000000002
26.035999999999998
26.162
26.292
26.422
26.562
26.704
26.826
26.932000000000002
27.046
27.18
27.314
27.436
27.541999999999998
27.619999999999997
27.676000000000002
27.708000000000002
27.744
27.774
27.791999999999998
27.799999999999997
27.787999999999997
27.76
27.752
27.764
27.784
27.816000000000003
27.858
27.904
27.950000000000003
28.002000000000002
28.056
28.119999999999997
28.193999999999996
28.27
28.357999999999997
28.442
28.526000000000003
28.616
28.692
28.763999999999996
28.808
28.848
28.875999999999998
28.913999999999998
28.954
28.997999999999998
29.054
29.128
29.202
29.284
29.378
29.472
29.574
29.676
29.796
29.93
30.064
30.214
30.349999999999998
30.476000000000003
30.588
30.71
30.82
30.900000000000006
30.971999999999998
31.048
31.104
31.158
31.212
31.272
31.336
31.409999999999997
31.476
31.528000000000002
31.575999999999997
31.625999999999998
31.676000000000002
31.712000000000003
31.74
31.774
31.803999999999995
31.826
31.837999999999997
31.826
31.809999999999995
31.808
31.78
31.723999999999997
31.663999999999998
31.592
31.509999999999998
31.419999999999998
31.352
31.302
31.256
31.22
31.214000000000002
31.227999999999998
31.287999999999997
31.376
31.458000000000002
31.538000000000004
31.612000000000002
31.669999999999995
31.71
31.740000000000002
31.788
31.845999999999997
31.912000000000003
31.972
32.026
32.076
32.144
32.23
32.304
32.372
32.440000000000005
32.528
32.634
32.756
32.894
33.046
33.20399999999999
33.358
33.489999999999995
33.602
33.712
33.822
33.92400000000001
34.01
34.08
34.142
34.2
34.275999999999996
34.338
34.4
34.47
34.552
34.64
34.722
34.808
34.892
34.962
35.012
35.066
35.106
35.144
35.178
35.217999999999996
35.252
35.294
35.358000000000004
35.422000000000004
35.488
35.54
35.584
35.624
35.64
35.656
35.688
35.74
35.778
35.832
35.91
36.004000000000005
36.128
36.260000000000005
36.4
36.56
36.722
36.884
37.036
37.199999999999996
37.37199999999999
37.552
37.732
37.910000000000004
38.098
38.294
38.51
38.704
38.888000000000005
39.06999999999999
39.248000000000005
39.424
39.582
39.756
39.948
40.154
40.372
40.6
40.832
41.05200000000001
41.276
41.482
41.669999999999995
41.83800000000001
41.982
42.102000000000004
42.21
42.334
42.468
42.612
42.77
42.924
43.078
43.224000000000004
43.370000000000005
43.516
43.656
43.81
43.980000000000004
44.158
44.33
44.536
44.766
45.007999999999996
45.258
45.486000000000004
45.696
45.882000000000005
46.03
46.146
46.239999999999995
46.346000000000004
46.466
46.578
46.688
46.812
46.94799999999999
47.123999999999995
47.30799999999999
47.5
47.672
47.84
48.012
48.188
48.352000000000004
48.524
48.69800000000001
48.884
49.068
49.25800000000001
49.434
49.616
49.804
49.956
50.092
50.194
50.27
50.328
50.366
50.403999999999996
50.44200000000001
50.506
50.586
50.653999999999996
50.726
50.822
50.908
50.980000000000004
51.044
51.104
51.144
51.162
51.150000000000006
51.15
51.142
51.14
51.142
51.162
51.182
51.205999999999996
51.232
51.23800000000001
51.21600000000001
51.19
51.15
51.111999999999995
51.05
50.996
50.95
50.91199999999999
50.886
50.83999999999999
50.78800000000001
50.726000000000006
50.67
50.59
50.506
50.418000000000006
50.33
50.23800000000001
50.14
50.05799999999999
49.99400000000001
49.954
49.931999999999995
49.916
49.906
49.884
49.85
49.8
49.75399999999999
49.724
49.704
49.690000000000005
49.686
49.688
49.699999999999996
49.72
49.744
49.762
49.78
49.784
49.784
49.758
49.69800000000001
49.61800000000001
49.529999999999994
49.434000000000005
49.339999999999996
49.258
49.17199999999999
49.07399999999999
48.976
48.873999999999995
48.75599999999999
48.64000000000001
48.525999999999996
48.382
48.221999999999994
48.05
47.878
47.712
47.538000000000004
47.356
47.174
46.989999999999995
46.81400000000001
46.635999999999996
46.470000000000006
46.326
46.214
46.104
46.026
45.982
45.94799999999999
45.946
45.98
46.03199999999999
46.106
46.172000000000004
46.224000000000004
46.224000000000004
46.188
46.150000000000006
46.114
46.052
45.992
45.918
45.842
45.752
45.66
45.58
45.519999999999996
45.456
45.397999999999996
45.327999999999996
45.260000000000005
45.192
45.138000000000005
45.092
45.062000000000005
45.06600000000001
45.094
45.134
45.19
45.251999999999995
45.33
45.396
45.458000000000006
45.507999999999996
45.538000000000004
45.57
45.598
45.616
45.60600000000001
45.592
45.586000000000006
45.578
45.562000000000005
45.559999999999995
45.568
45.56999999999999
45.574
45.565999999999995
45.562
45.572
45.59
45.614000000000004
45.647999999999996
45.688
45.716
45.74
45.758
45.766000000000005
45.758
45.71
45.626
45.502
45.352
45.176
45.004
44.846000000000004
44.678000000000004
44.529999999999994
44.402
44.318
44.263999999999996
44.244
44.260000000000005
44.3
44.354
44.418
44.472
44.526
44.604
44.68600000000001
44.775999999999996
44.876
44.980000000000004
45.093999999999994
45.21
45.337999999999994
45.489999999999995
45.62
45.736
45.836000000000006
45.932
46.036
46.12599999999999
46.212
46.29
46.367999999999995
46.432
46.512
46.612
46.728
46.856
46.976
47.07600000000001
47.18
47.292
47.42399999999999
47.554
47.7
47.843999999999994
47.998
48.150000000000006
48.332
48.525999999999996
48.744
48.986000000000004
49.221999999999994
49.444
49.664
49.88
50.08999999999999
50.29599999999999
50.495999999999995
50.69
50.872
51.044
51.209999999999994
51.382000000000005
51.556
51.748000000000005
51.922
52.082
52.248
52.41
52.57600000000001
52.742000000000004
52.916
53.094
53.294
53.516
53.763999999999996
54.019999999999996
54.297999999999995
54.6
54.88
55.138
55.376
55.592
55.78
55.952
56.092000000000006
56.209999999999994
56.322
56.426
56.519999999999996
56.61
56.70399999999999
56.81
56.91
57.006
57.122
57.25599999999999
57.4
57.552
57.721999999999994
57.894000000000005
58.068000000000005
58.257999999999996
58.45
58.650000000000006
58.846000000000004
59.024
59.17399999999999
59.294000000000004
59.39600000000001
59.483999999999995
59.556
59.60799999999999
59.652
59.678
59.684
59.658
59.62
59.568
59.507999999999996
59.434
59.33800000000001
59.22
59.114
59.02199999999999
58.942
58.86200000000001
58.77
58.678
58.59
58.512
58.42399999999999
58.321999999999996
58.216
58.114000000000004
57.998000000000005
57.870000000000005
57.744
57.62199999999999
57.498000000000005
57.367999999999995
57.245999999999995
57.14
57.048
56.982
56.914
56.856
56.78999999999999
56.714
56.629999999999995
56.525999999999996
56.414
56.314
56.208000000000006
56.086
55.96600000000001
55.846
55.724000000000004
55.606
55.494
55.39
55.28000000000001
55.16
55.022000000000006
54.864000000000004
54.714
54.56999999999999
54.42400000000001
54.272
54.126000000000005
53.994
53.867999999999995
53.76
53.653999999999996
53.54
53.42
53.284
53.114
52.92
52.721999999999994
52.508
52.302
52.098
51.91199999999999
51.724000000000004
51.55
51.382000000000005
51.238
51.116
51.014
50.928
50.84
50.744
50.634
50.524
50.416
50.315999999999995
50.234
50.166
50.122
50.08800000000001
50.042
49.988
49.928
49.862
49.800000000000004
49.757999999999996
49.72
49.69199999999999
49.656000000000006
49.632000000000005
49.628
49.656
49.708
49.769999999999996
49.852000000000004
49.95
50.05799999999999
50.184
50.30199999999999
50.434
50.55800000000001
50.669999999999995
50.78
50.886
50.983999999999995
51.074
51.160000000000004
51.242000000000004
51.306
51.343999999999994
51.388000000000005
51.426
51.44799999999999
51.446
51.424
51.388
51.348
51.316
51.275999999999996
51.244
51.214
51.186
51.166
51.142
51.122
51.093999999999994
51.06
51.025999999999996
50.992000000000004
50.964
50.943999999999996
50.92
50.912
50.922
50.95
50.989999999999995
51.038
51.087999999999994
51.129999999999995
51.156000000000006
51.182
51.204
51.21
51.204
51.18000000000001
51.141999999999996
51.096000000000004
51.059999999999995
51.022
50.976
50.914
50.824000000000005
50.70399999999999
50.572
50.434
50.306
50.194
50.07799999999999
49.982
49.92
49.886
49.86800000000001
49.870000000000005
49.907999999999994
49.949999999999996
49.988
49.998
49.98
49.944
49.897999999999996
49.849999999999994
49.79599999999999
49.76400000000001
49.73599999999999
49.71
49.686
49.653999999999996
49.614
49.558
49.488
49.41600000000001
49.354
49.304
49.25
49.188
49.122
49.07600000000001
49.048
49.036
49.024
48.998
48.95
48.878
48.792
48.68599999999999
48.574
48.446
48.322
48.21
48.096000000000004
48.006
47.946
47.903999999999996
47.861999999999995
47.837999999999994
47.82600000000001
47.831999999999994
47.858
47.884
47.92
47.964
48.02
48.068000000000005
48.116
48.168000000000006
48.217999999999996
48.257999999999996
48.260000000000005
48.254
48.234
48.20399999999999
48.166
48.111999999999995
48.04600000000001
47.982
47.918000000000006
47.862
47.818
47.766
47.730000000000004
47.698
47.66199999999999
47.617999999999995
47.57000000000001
47.53
47.484
47.44
47.397999999999996
47.358000000000004
47.332
47.296
47.244
47.196
47.14
47.08
47.028
46.984
46.928
46.882
46.844
46.832
46.848
46.898
46.988
47.082
47.169999999999995
47.28
47.404
47.538
47.676
47.803999999999995
47.94
48.066
48.176
48.286
48.410000000000004
48.536
48.674
48.818
48.949999999999996
49.064
49.164
49.244
49.32
49.391999999999996
49.458
49.538
49.623999999999995
49.704
49.778000000000006
49.864000000000004
49.934
50.006
50.07600000000001
50.16199999999999
50.238
50.312
50.37
50.43
50.49199999999999
50.574
50.688
50.82
50.986
51.152
51.324000000000005
51.48599999999999
51.63000000000001
51.754000000000005
51.86
51.944
52.008
52.058
52.104
52.135999999999996
52.156000000000006
52.166000000000004
52.166
52.18599999999999
52.214
52.244
52.266000000000005
52.304
52.35
52.402
52.470000000000006
52.56799999999999
52.69800000000001
52.844
53.0
53.151999999999994
53.298
53.425999999999995
53.532
53.628
53.714
53.782
53.846
53.896
53.919999999999995
53.936
53.94800000000001
53.976
54.01599999999999
54.028
54.03399999999999
54.03
54.010000000000005
53.992000000000004
53.968
53.946
53.949999999999996
53.980000000000004
54.018
54.074
54.128
54.20199999999999
54.302
54.41
54.529999999999994
54.636
54.728
54.804
54.852
54.896
54.938
54.954
54.964000000000006
54.958
54.932
54.89
54.822
54.739999999999995
54.646
54.542
54.43
54.312
54.17400000000001
54.019999999999996
53.874
53.738
53.61600000000001
53.502
53.402
53.312
53.224000000000004
53.12
53.01200000000001
52.907999999999994
52.822
52.732
52.660000000000004
52.584
52.506
52.42
52.336
52.251999999999995
52.162000000000006
52.062
51.964
51.848000000000006
51.706
51.56400000000001
51.39999999999999
51.238
51.07400000000001
50.936
50.804
50.69799999999999
50.611999999999995
50.532
50.452
50.370000000000005
50.28
50.18000000000001
50.081999999999994
49.976000000000006
49.870000000000005
49.736000000000004
49.581999999999994
49.403999999999996
49.23
49.06999999999999
48.93
48.788
48.644000000000005
48.482
48.31999999999999
48.156
47.996
47.866
47.772000000000006
47.705999999999996
47.664
47.632
47.612
47.620000000000005
47.636
47.65599999999999
47.682
47.698
47.70400000000001
47.684
47.65
47.623999999999995
47.608000000000004
47.59
47.577999999999996
47.574
47.574
47.598
47.638000000000005
47.658
47.696
47.718
47.733999999999995
47.717999999999996
47.676
47.612
47.538000000000004
47.45399999999999
47.361999999999995
47.269999999999996
47.18
47.09
47.006
46.914
46.80799999999999
46.699999999999996
46.59
46.482
46.379999999999995
46.282000000000004
46.192
46.102000000000004
46.018
45.954
45.918000000000006
45.910000000000004
45.908
45.91
45.91199999999999
45.914
45.91
45.894000000000005
45.884
45.884
45.888
45.892
45.892
45.896
45.896
45.897999999999996
45.92
45.904
45.854
45.78999999999999
45.721999999999994
45.653999999999996
45.564
45.476
45.384
45.29
45.193999999999996
45.1
45.006
44.92
44.852
44.772
44.69
44.616
44.552
44.495999999999995
44.452
44.424
44.414
44.42
44.42399999999999
44.452
44.492
44.554
44.623999999999995
44.674
44.702
44.721999999999994
44.744
44.768
44.778
44.792
44.806
44.81
44.794
44.769999999999996
44.75
44.726
44.696000000000005
44.636
44.548
44.462
44.378
44.300000000000004
44.226
44.162000000000006
44.099999999999994
44.054
44.014
43.977999999999994
43.94199999999999
43.9
43.861999999999995
43.79
43.69
43.593999999999994
43.483999999999995
43.378
43.286
43.22
43.176
43.147999999999996
43.117999999999995
43.111999999999995
43.122
43.153999999999996
43.19
43.232
43.268
43.312
43.367999999999995
43.42400000000001
43.480000000000004
43.524
43.56999999999999
43.618
43.653999999999996
43.699999999999996
43.748000000000005
43.802
43.862
43.906000000000006
43.934000000000005
43.958
43.977999999999994
43.984
43.99
43.988
43.966
43.932
43.879999999999995
43.814
43.736000000000004
43.653999999999996
43.576
43.489999999999995
43.384
43.30199999999999
43.248000000000005
43.212
43.19200000000001
43.175999999999995
43.18
43.194
43.22
43.248000000000005
43.286
43.343999999999994
43.42399999999999
43.486
43.522000000000006
43.556000000000004
43.587999999999994
43.622
43.653999999999996
43.668000000000006
43.674
43.654
43.612
43.54599999999999
43.465999999999994
43.376
43.288
43.186
43.07
42.958
42.846
42.739999999999995
42.622
42.494
42.37
42.232
42.07599999999999
41.903999999999996
41.728
41.55
41.372
41.188
40.998000000000005
40.80800000000001
40.638
40.474000000000004
40.318
40.18000000000001
40.052
39.934
39.826
39.716
39.605999999999995
39.501999999999995
39.418
39.336
39.238
39.144
39.032000000000004
38.916
38.802
38.7
38.596
38.478
38.356
38.226
38.102
37.974000000000004
37.858000000000004
37.72
37.581999999999994
37.428000000000004
37.256
37.086
36.924
36.768
36.632000000000005
36.514
36.396
36.284
36.176
36.07
35.962
35.832
35.692
35.544
35.402
35.254
35.105999999999995
34.976
34.844
34.718
34.602
34.502
34.414
34.346000000000004
34.284
34.22
34.146
34.058
33.974000000000004
33.892
33.81400000000001
33.728
33.647999999999996
33.564
33.478
33.388
33.3
33.22
33.141999999999996
33.048
32.942
32.836
32.738
32.646
32.546
32.45
32.354
32.264
32.18
32.122
32.074
32.042
32.035999999999994
32.025999999999996
32.004000000000005
31.986
31.976
31.97
31.971999999999998
31.979999999999997
31.998
32.022
32.05
32.104
32.186
32.28
32.376
32.474000000000004
32.572
32.672
32.776
32.884
32.984
33.084
33.18
33.256
33.32000000000001
33.362
33.39
33.4
33.382000000000005
33.35
33.3
33.252
33.222
33.212
33.24
33.288
33.348
33.41
33.470000000000006
33.542
33.626000000000005
33.686
33.728
33.75
33.74
33.732
33.715999999999994
33.712
33.728
33.736
33.734
33.726
33.702000000000005
33.666000000000004
33.638
33.604
33.56999999999999
33.536
33.498
33.476
33.454
33.46
33.484
33.536
33.598
33.662
33.728
33.791999999999994
33.852
33.886
33.902
33.896
33.884
33.872
33.866
33.88
33.891999999999996
33.91400000000001
33.946
33.982
34.018
34.062
34.108000000000004
34.156
34.198
34.224
34.239999999999995
34.248
34.238
34.233999999999995
34.226
34.216
34.221999999999994
34.199999999999996
34.162
34.116
34.066
34.012
33.966
33.928
33.88999999999999
33.854
33.827999999999996
33.794000000000004
33.762
33.734
33.71
33.682
33.64
33.592
33.546
33.474000000000004
33.39
33.31
33.232
33.144
33.05
32.96
32.882
32.824
32.782000000000004
32.748
32.718
32.694
32.666
32.648
32.629999999999995
32.628
32.646
32.67
32.7
32.718
32.718
32.711999999999996
32.702
32.672
32.62
32.55
32.464
32.372
32.268
32.186
32.132
32.084
32.048
32.016
31.984
31.958000000000002
31.947999999999997
31.938000000000002
31.934
31.926000000000002
31.92
31.927999999999997
31.94
31.958
31.998000000000005
32.024
32.038
32.028
32.006
31.968
31.932000000000002
31.874000000000002
31.810000000000002
31.728
31.636
31.545999999999996
31.462
31.406000000000002
31.375999999999998
31.357999999999997
31.337999999999997
31.305999999999997
31.261999999999997
31.208
31.154
31.094
31.025999999999996
30.948
30.851999999999997
30.744
30.644
30.544
30.452
30.366
30.286
30.202
30.118000000000002
30.028
29.944000000000003
29.874
29.794000000000004
29.728
29.659999999999997
29.612
29.564
29.508000000000003
29.445999999999998
29.372
29.29
29.206
29.110000000000003
29.016000000000002
28.91
28.8
28.682000000000002
28.566000000000003
28.46
28.357999999999997
28.256
28.174
28.102
28.018
27.928
27.83
27.715999999999998
27.606
27.497999999999998
27.39
27.274
27.146
27.014000000000003
26.89
26.781999999999996
26.674
26.573999999999998
26.47
26.372
26.258000000000003
26.128
26.002000000000002
25.894
25.788000000000004
25.68
25.576000000000004
25.478
25.397999999999996
25.330000000000002
25.247999999999998
25.160000000000004
25.062
24.951999999999998
24.816
24.67
24.526000000000003
24.394
24.256
24.11
23.97
23.822000000000003
23.686
23.548
23.415999999999997
23.281999999999996
23.137999999999998
22.964000000000002
22.778
22.592
22.432000000000002
22.286
22.148
22.008000000000003
21.86
21.701999999999998
21.564
21.436
21.32
21.216
21.112000000000002
21.014000000000003
20.907999999999998
20.803999999999995
20.704
20.604
20.514
20.427999999999997
20.334
20.23
20.131999999999998
20.04
19.956
19.86
19.758000000000003
19.646
19.53
19.409999999999997
19.308
19.224
19.156
19.1
19.022
18.945999999999998
18.881999999999998
18.830000000000002
18.772
18.72
18.688000000000002
18.658
18.624
18.57
18.518
18.479999999999997
18.458
18.44
18.413999999999998
18.381999999999998
18.352
18.322
18.302
18.28
18.246
18.2
18.136
18.064
17.990000000000002
17.922
17.854
17.782
17.698
17.614
17.535999999999998
17.46
17.394
17.332
17.27
17.201999999999998
17.128
17.034
16.96
16.898
16.844
16.784
16.722
16.656
16.599999999999998
16.558
16.518
16.476
16.455999999999996
16.439999999999998
16.421999999999997
16.39
16.384
16.392
16.402
16.413999999999998
16.418
16.408
16.4
16.397999999999996
16.392
16.39
16.369999999999997
16.342000000000002
16.312
16.278
16.258000000000003
16.244
16.23
16.216
16.195999999999998
16.165999999999997
16.15
16.15
16.162000000000003
16.18
16.186
16.174
16.128
16.058
15.991999999999999
15.93
15.876000000000001
15.834
15.786
15.736
15.698
15.672
15.649999999999999
15.636
15.614
15.585999999999999
15.556000000000001
15.527999999999999
15.506
15.482000000000001
15.456
15.427999999999999
15.387999999999998
15.344
15.32
15.296
15.260000000000002
15.216000000000001
15.152
15.074
14.984000000000002
14.886
14.794
14.72
14.652000000000001
14.585999999999999
14.511999999999999
14.441999999999998
14.378
14.323999999999998
14.271999999999998
14.224
14.166
14.112000000000002
14.053999999999998
13.994
13.959999999999999
13.943999999999999
13.95
13.968
13.962
13.943999999999999
13.936
13.93
13.922
13.914000000000001
13.880000000000003
13.818000000000001
13.75
13.68
13.611999999999998
13.556000000000001
13.501999999999999
13.448
13.396
13.344
13.296
13.246000000000002
13.19
13.131999999999998
13.062
12.988
12.904
12.82
12.749999999999998
12.694
12.649999999999999
12.608
12.558
12.504
12.456
12.402
12.354000000000001
12.312000000000001
12.27
12.224
12.184000000000001
12.149999999999999
12.112000000000002
12.084
12.064
12.05
12.024000000000001
11.99
11.956
11.925999999999998
11.898
11.866
11.822000000000001
11.772000000000002
11.72
11.668
11.638
11.622
11.626
11.64
11.648
11.65
11.650000000000002
11.652000000000001
11.652000000000001
11.65
11.646
11.634
11.616
11.604
11.598
11.595999999999998
11.594
11.596
11.594000000000001
11.584
11.567999999999998
11.541999999999998
11.506
11.468
11.426
11.384
11.362
11.350000000000001
11.344000000000001
11.34
11.338000000000001
11.336
11.332
11.328000000000001
11.316
11.3
11.29
11.28
11.266
11.244
11.225999999999999
11.2
11.17
11.138
11.096
11.046
10.984
10.920000000000002
10.872
10.828
10.774
10.718
10.654
10.584
10.514
10.468
10.428
10.392
10.358
10.324
10.284
10.244
10.2
10.155999999999999
10.118
10.086
10.054
10.016
9.986
9.962
9.94
9.921999999999999
9.905999999999999
9.896
9.872
9.84
9.814
9.792
9.77
9.754
9.725999999999999
9.684000000000001
9.64
9.597999999999999
9.566
9.526
9.482
9.432
9.378
9.32
9.27
9.23
9.186
9.144
9.102
9.062000000000001
9.032
9.001999999999999
8.982
8.97
8.958000000000002
8.944
8.908
8.854
8.804
8.751999999999999
8.694
8.632
8.568
8.506
8.443999999999999
8.383999999999999
8.336
8.288
8.242
8.194
8.142
8.086
8.028
7.97
7.930000000000001
7.9
7.872
7.846
7.832
7.828
7.8180000000000005
7.804
7.78
7.75
7.718
7.688000000000001
7.654
7.618
7.593999999999999
7.572
7.548
7.52
7.4959999999999996
7.478
7.457999999999999
7.4399999999999995
7.43
7.42
7.406000000000001
7.394
7.388
7.378
7.368
7.3580000000000005
7.35
7.337999999999999
7.3340000000000005
7.332000000000001
7.34
7.34
7.342
7.34
7.33
7.322000000000001
7.321999999999999
7.322
7.316000000000001
7.3100000000000005
7.296
7.280000000000001
7.266
7.26
7.246
7.228000000000001
7.206
7.184
7.1579999999999995
7.128
7.098
7.068
7.032
6.986
6.944000000000001
6.908000000000001
6.882
6.864000000000001
6.844000000000001
6.816000000000001
6.772
6.728000000000001
6.702
6.683999999999999
6.664
6.6419999999999995
6.622
6.592
6.57
6.549999999999999
6.534
6.514
6.4799999999999995
6.444000000000001
6.402
6.3580000000000005
6.3180000000000005
6.276
6.252000000000001
6.2379999999999995
6.216
6.196
6.186
6.175999999999999
6.167999999999999
6.16
6.142
6.122
6.094
6.0680000000000005
6.040000000000001
6.016
5.996
5.982
5.9719999999999995
5.966
5.9559999999999995
5.946000000000001
5.934
5.926
5.912000000000001
5.890000000000001
5.856
5.82
5.792
5.772
5.7540000000000004
5.736000000000001
5.718
5.698
5.680000000000001
5.67
5.658
5.648
5.632
5.609999999999999
5.5760000000000005
5.539999999999999
5.508
5.484
5.4719999999999995
5.462000000000001
5.448
5.428
5.412
5.4
5.388
5.377999999999999
5.3580000000000005
5.335999999999999
5.31
5.279999999999999
5.256
5.242
5.2379999999999995
5.2299999999999995
5.216
5.207999999999999
5.198
5.196
5.192
5.192
5.188000000000001
5.176
5.164
5.154
5.148
5.14
5.134
5.1240000000000006
5.122000000000001
5.119999999999999
5.1240000000000006
5.132
5.138
5.148
5.15
5.15
5.148
5.148
5.158
5.174
5.186
5.2
5.202
5.196000000000001
5.186
5.180000000000001
5.178000000000001
5.176
5.16
5.144
5.134
5.128
5.136
5.144
5.152
5.162000000000001
5.154
5.148
5.142
5.135999999999999
5.128
5.1240000000000006
5.114000000000001
5.096
5.082
5.068
5.064
5.0600000000000005
5.0600000000000005
5.062
5.054
5.039999999999999
5.022
5.006
4.99
4.97
4.949999999999999
4.928
4.908
4.894
4.894
4.904
4.916
4.926
4.926
4.922000000000001
4.912000000000001
4.904
4.894
4.88
4.864
4.844
4.822
4.8
4.788
4.779999999999999
4.774
4.766
4.752000000000001
4.736000000000001
4.718
4.702
4.688
4.674
4.66
4.646
4.644
4.644
4.646
4.648
4.648
4.644
4.638
4.640000000000001
4.64
4.63
4.628
4.617999999999999
4.614000000000001
4.602
4.598
4.596
4.596
4.594
4.596
4.604
4.601999999999999
4.598
4.588
4.584
4.582
4.577999999999999
4.574
4.566
4.556
4.5440000000000005
4.536
4.53
4.522
4.5120000000000005
4.4959999999999996
4.476
4.46
4.4479999999999995
4.433999999999999
4.418
4.3999999999999995
4.380000000000001
4.368
4.36
4.348
4.332
4.316
4.3100000000000005
4.304
4.3020000000000005
4.303999999999999
4.302
4.31
4.324
4.338
4.35
4.364
4.38
4.396
4.414
4.4319999999999995
4.45
4.46
4.466
4.482
4.504
4.5360000000000005
4.566000000000001
4.596
4.628
4.66
4.69
4.726
4.762
4.78
4.788
4.790000000000001
4.79
4.804
4.818
4.844
4.872
4.888
4.901999999999999
4.91
4.91
4.9079999999999995
4.912
4.9079999999999995
4.896
4.886
4.8759999999999994
4.871999999999999
4.866
4.87
4.878
4.8839999999999995
4.89
4.894
4.898
4.898
4.898
4.892
4.888
4.888
4.894
4.906
4.91
4.917999999999999
4.9319999999999995
4.94
4.946
4.946
4.944
4.938
4.928000000000001
4.918
4.914
4.91
4.904000000000001
4.9079999999999995
4.916
4.93
4.946
4.954
4.966
4.972
4.976
4.978
4.976
4.966000000000001
4.954
4.942
4.93
4.924
4.919999999999999
4.926
4.936
4.948
4.958
4.96
4.954000000000001
4.946
4.938
4.932
4.930000000000001
4.924
4.91
4.9
4.886
4.878
4.872
4.858
4.84
4.819999999999999
4.798
4.782
4.766
4.752000000000001
4.736
4.724
4.710000000000001
4.702
4.694
4.684000000000001
4.6739999999999995
4.66
4.642
4.61
4.578
4.545999999999999
4.518000000000001
4.48
4.438000000000001
4.416
4.398
4.384
4.372
4.354
4.334
4.3100000000000005
4.284
4.26
4.234
4.216
4.208
4.204
4.194
4.194
4.1979999999999995
4.199999999999999
4.2
4.2
4.201999999999999
4.192
4.18
4.1659999999999995
4.152
4.14
4.128
4.12
4.111999999999999
4.118
4.126
4.126
4.1160000000000005
4.1000000000000005
4.084
4.062
4.038
4.018
4.002
3.988
3.98
3.972
3.968
3.97
3.9720000000000004
3.968
3.962
3.9459999999999997
3.9319999999999995
3.9139999999999997
3.8880000000000003
3.862
3.8280000000000003
3.802
3.7780000000000005
3.754
3.734
3.7239999999999998
3.7180000000000004
3.7119999999999997
3.7059999999999995
3.694
3.678
3.658
3.6380000000000003
3.6179999999999994
3.5999999999999996
3.588
3.5860000000000003
3.5860000000000003
3.5839999999999996
3.5859999999999994
3.5859999999999994
3.5839999999999996
3.58
3.5700000000000003
3.5600000000000005
3.5460000000000003
3.5300000000000002
3.51
3.484
3.4619999999999997
3.4419999999999997
3.418
3.3979999999999997
3.38
3.36
3.33
3.3
3.266
3.232
3.202
3.17
3.132
3.1000000000000005
3.082
3.064
3.0500000000000003
3.0300000000000002
3.0180000000000002
3.01
3.0040000000000004
3.0
2.9880000000000004
2.9720000000000004
2.954
2.9360000000000004
2.914
2.8900000000000006
2.876
2.864
2.8499999999999996
2.8360000000000003
2.824
2.814
2.8020000000000005
2.7900000000000005
2.7740000000000005
2.758
2.7360000000000007
2.7140000000000004
2.694
2.672
2.652
2.6319999999999997
2.6120000000000005
2.592
2.5720000000000005
2.552
2.5260000000000002
2.5020000000000002
2.482
2.466
2.45
2.4339999999999997
2.4179999999999997
2.4040000000000004
2.394
2.382
2.372
2.3579999999999997
2.342
2.328
2.31
2.288
2.27
2.25
2.238
2.2279999999999998
2.212
2.1959999999999997
2.186
2.1799999999999997
2.168
2.152
2.1399999999999997
2.13
2.118
2.106
2.096
2.084
2.082
2.0839999999999996
2.086
2.0879999999999996
2.0900000000000003
2.092
2.092
2.086
2.0820000000000003
2.078
2.0700000000000003
2.0660000000000003
2.0620000000000003
2.06
2.064
2.07
2.072
2.074
2.088
2.106
2.122
2.138
2.146
2.15
2.1519999999999997
2.156
2.164
2.172
2.186
2.2
2.198
2.198
2.206
2.216
2.2319999999999998
2.248
2.2640000000000002
2.2800000000000002
2.29
2.2980000000000005
2.308
2.324
2.346
2.37
2.3819999999999997
2.392
2.4019999999999997
2.41
2.416
2.422
2.428
2.436
2.44
2.442
2.446
2.4560000000000004
2.47
2.4840000000000004
2.4999999999999996
2.512
2.528
2.544
2.5620000000000003
2.58
2.6020000000000003
2.622
2.638
2.656
2.6659999999999995
2.672
2.678
2.684
2.684
2.6860000000000004
2.6919999999999997
2.6980000000000004
2.702
2.704
2.704
2.708
2.714
2.7180000000000004
2.722
2.726
2.73
2.7340000000000004
2.7319999999999998
2.726
2.726
2.7299999999999995
2.734
2.7379999999999995
2.7460000000000004
2.756
2.768
2.778
2.7859999999999996
2.792
2.7960000000000003
2.802
2.8019999999999996
2.798
2.7939999999999996
2.786
2.7779999999999996
2.77
2.764
2.758
2.748
2.74
2.732
2.724
2.716
2.706
2.6879999999999997
2.666
2.646
2.626
2.6059999999999994
2.5860000000000003
2.566
2.546
2.536
2.5280000000000005
2.5180000000000002
2.5060000000000002
2.496
2.486
2.466
2.4459999999999997
2.442
2.434
2.4259999999999997
2.414
2.3979999999999997
2.38
2.352
2.324
2.296
2.27
2.242
2.206
2.1660000000000004
2.126
2.096
2.07
2.048
2.03
2.012
1.996
1.972
1.944
1.92
1.8980000000000001
1.876
1.8519999999999999
1.826
1.802
1.7759999999999998
1.7519999999999998
1.73
1.71
1.6880000000000002
1.6640000000000001
1.638
1.6119999999999999
1.5879999999999999
1.566
1.552
1.5400000000000003
1.522
1.506
1.4960000000000002
1.4840000000000002
1.472
1.4600000000000002
1.4420000000000002
1.4240000000000002
1.4060000000000001
1.3840000000000001
1.3639999999999999
1.342
1.322
1.302
1.282
1.26
1.242
1.224
1.212
1.2
1.188
1.176
1.164
1.15
1.136
1.122
1.112
1.102
1.086
1.068
1.054
1.044
1.038
1.038
1.038
1.038
1.036
1.034
1.038
1.038
1.04
1.04
1.034
1.028
1.024
1.02
1.024
1.03
1.034
1.04
1.046
1.05
1.05
1.048
1.048
1.048
1.046
1.048
1.056
1.064
1.064
1.066
1.066
1.066
1.064
1.062
1.06
1.056
1.058
1.06
1.06
1.06
1.064
1.068
1.074
1.078
1.082
1.084
1.086
1.0859999999999999
1.0899999999999999
1.092
1.0939999999999999
1.0939999999999999
1.096
1.0939999999999999
1.0939999999999999
1.0939999999999999
1.096
1.1
1.104
1.11
1.12
1.1300000000000001
1.1360000000000001
1.1420000000000001
1.1480000000000001
1.1500000000000001
1.15
1.15
1.1520000000000001
1.15
1.1480000000000001
1.1480000000000001
1.15
1.15
1.1560000000000001
1.162
1.1720000000000002
1.182
1.19
1.198
1.2
1.202
1.196
1.19
1.186
1.18
1.17
1.16
1.152
1.144
1.136
1.128
1.1199999999999999
1.1159999999999999
1.1079999999999999
1.0999999999999999
1.0979999999999999
1.0959999999999999
1.0919999999999999
1.0859999999999999
1.0799999999999998
1.0739999999999998
1.0699999999999998
1.0679999999999998
1.0679999999999998
1.0699999999999998
1.0679999999999998
1.0659999999999998
1.0619999999999998
1.0559999999999998
1.0559999999999998
1.0559999999999998
1.0599999999999998
1.0659999999999998
1.0699999999999998
1.0719999999999998
1.0739999999999998
1.0759999999999998
1.0779999999999998
1.0819999999999999
1.0899999999999999
1.0999999999999999
1.1059999999999999
1.1119999999999999
1.1119999999999999
1.1079999999999999
1.1039999999999999
1.0999999999999999
1.0999999999999999
1.0999999999999999
1.0999999999999999
1.0999999999999999
1.0999999999999999
1.0999999999999999
1.1059999999999999
1.1139999999999999
1.1199999999999999
1.1239999999999999
1.126
1.13
1.132
1.134
1.136
1.138
1.14
1.142
1.146
1.15
1.1560000000000001
1.1640000000000001
1.174
1.186
1.194
1.202
1.212
1.22
1.226
1.23
1.234
1.2359999999999998
1.238
1.2399999999999998
1.242
1.246
1.25
1.254
1.258
1.264
1.272
1.28
1.2839999999999998
1.286
1.288
1.29
1.294
1.298
1.294
1.29
1.288
1.29
1.298
1.31
1.324
1.338
1.35
1.3619999999999999
1.378
1.3920000000000001
1.4040000000000001
1.4160000000000001
1.4280000000000002
1.4400000000000002
1.4520000000000002
1.4619999999999997
1.472
1.4819999999999998
1.492
1.504
1.516
1.528
1.54
1.5499999999999998
1.5579999999999998
1.564
1.5619999999999998
1.5579999999999998
1.5539999999999998
1.5499999999999998
1.548
1.5459999999999998
1.544
1.5419999999999998
1.5379999999999998
1.532
1.528
1.524
1.52
1.5179999999999998
1.5099999999999998
1.5
1.488
1.476
1.468
1.46
1.4540000000000002
1.448
1.4420000000000002
1.436
1.4300000000000002
1.4220000000000002
1.4140000000000001
1.4060000000000001
1.3940000000000001
1.38
1.3679999999999999
1.3559999999999999
1.3439999999999999
1.334
1.3279999999999998
1.3199999999999998
1.3139999999999998
1.3079999999999998
1.3059999999999998
1.3059999999999998
1.3079999999999998
1.3099999999999998
1.3099999999999998
1.3099999999999998
1.3119999999999998
1.3179999999999998
1.3239999999999998
1.3279999999999998
1.334
1.3399999999999999
1.3439999999999999
1.3479999999999999
1.3479999999999999
1.346
1.3439999999999999
1.342
1.3339999999999999
1.3279999999999998
1.3259999999999998
1.322
1.32
1.3199999999999998
1.32
1.318
1.318
1.318
1.318
1.318
1.318
1.318
1.314
1.314
1.318
1.322
1.3239999999999998
1.3219999999999998
1.3199999999999998
1.3139999999999998
1.312
1.3099999999999998
1.3059999999999998
1.3019999999999998
1.2999999999999998
1.2979999999999998
1.29
1.2819999999999998
1.2719999999999998
1.2619999999999998
1.2519999999999998
1.2399999999999998
1.2319999999999998
1.2239999999999998
1.2159999999999997
1.206
1.1959999999999997
1.186
1.176
1.166
1.156
1.148
1.148
1.148
1.148
1.148
1.15
1.152
1.154
1.158
1.154
1.1520000000000001
1.1440000000000001
1.1380000000000001
1.1320000000000001
1.122
1.122
1.122
1.122
1.122
1.122
1.1260000000000001
1.134
1.142
1.142
1.142
1.136
1.13
1.1239999999999999
1.118
1.114
1.112
1.108
1.104
1.1
1.094
1.086
1.078
1.07
1.062
1.052
1.04
1.026
1.012
0.998
0.984
0.972
0.956
0.938
0.92
0.9
0.88
0.86
0.842
0.83
0.82
0.8099999999999999
0.7999999999999999
0.7919999999999999
0.7839999999999999
0.7759999999999999
0.7699999999999999
0.7619999999999999
0.7519999999999999
0.744
0.736
0.728
0.722
0.72
0.718
0.716
0.714
0.7159999999999999
0.7180000000000001
0.7160000000000001
0.7140000000000001
0.7120000000000001
0.7100000000000001
0.7020000000000001
0.6920000000000001
0.682
0.672
0.666
0.66
0.65
0.64
0.638
0.636
0.636
0.638
0.64
0.644
0.646
0.65
0.656
0.6619999999999999
0.6679999999999999
0.6759999999999999
0.6839999999999999
0.692
0.698
0.702
0.702
0.702
0.702
0.702
0.698
0.694
0.6859999999999999
0.6759999999999999
0.6759999999999999
0.6759999999999999
0.6799999999999999
0.6819999999999999
0.6839999999999999
0.688
0.69
0.692
0.694
0.694
0.6920000000000001
0.6880000000000001
0.682
0.678
0.682
0.686
0.6960000000000001
0.7060000000000001
0.7160000000000001
0.7260000000000001
0.7260000000000001
0.7260000000000001
0.7260000000000001
0.7260000000000001
0.7260000000000001
0.7280000000000001
0.7300000000000001
0.7320000000000001
0.7360000000000001
0.74
0.744
0.75
0.754
0.758
0.758
0.758
0.756
0.758
0.76
0.762
0.762
0.764
0.766
0.7659999999999999
0.7679999999999999
0.7699999999999999
0.7719999999999999
0.7739999999999999
0.7719999999999999
0.7679999999999999
0.7619999999999999
0.7559999999999999
0.7519999999999999
0.7479999999999999
0.7439999999999999
0.7399999999999999
0.7359999999999999
0.73
0.724
0.718
0.712
0.706
0.694
0.6779999999999999
0.6659999999999999
0.6539999999999999
0.6419999999999999
0.6299999999999999
0.6259999999999999
0.6259999999999999
0.6279999999999999
0.6319999999999999
0.6359999999999999
0.6399999999999999
0.6419999999999999
0.6439999999999999
0.6419999999999999
0.6399999999999999
0.6359999999999999
0.6300000000000001
0.6240000000000001
0.6160000000000001
0.6080000000000001
0.6000000000000001
0.5900000000000001
0.5820000000000001
0.5740000000000001
0.5640000000000001
0.556
0.548
0.54
0.532
0.524
0.516
0.508
0.5
0.496
0.492
0.492
0.492
0.49
0.486
0.48
0.474
0.46799999999999997
0.4600000000000001
0.44800000000000006
0.43800000000000006
0.42800000000000005
0.41800000000000004
0.41000000000000003
0.4
0.392
0.382
0.37
0.35800000000000004
0.34600000000000003
0.334
0.322
0.31
0.30800000000000005
0.30600000000000005
0.30400000000000005
0.30200000000000005
0.30000000000000004
0.29600000000000004
0.29400000000000004
0.29200000000000004
0.28800000000000003
0.28400000000000003
0.278
0.272
0.268
0.264
0.264
0.264
0.264
0.26
0.256
0.252
0.252
0.25
0.246
0.242
0.238
0.236
0.23399999999999999
0.23199999999999998
0.23399999999999999
0.236
0.23799999999999996
0.23799999999999996
0.234
0.23
0.226
0.222
0.218
0.214
0.21000000000000002
0.20600000000000002
0.202
0.198
0.198
0.198
0.198
0.198
0.198
0.198
0.196
0.192
0.186
0.18
0.174
0.16799999999999998
0.16399999999999998
0.15999999999999998
0.15599999999999997
0.15199999999999997
0.14999999999999997
0.148
0.146
0.144
0.144
0.142
0.14
0.136
0.132
0.128
0.122
0.11599999999999999
0.11199999999999999
0.10799999999999998
0.10599999999999998
0.10399999999999998
0.10199999999999998
0.10199999999999998
0.09999999999999998
0.09799999999999999
0.096
0.094
0.092
0.09
0.088
0.086
0.086
0.086
0.088
0.09
0.092
0.094
0.094
0.094
0.096
0.09799999999999999
0.104
0.11
0.116
0.12200000000000001
0.12400000000000001
0.126
0.12799999999999997
0.13199999999999998
0.13599999999999998
0.13999999999999999
0.144
0.15
0.154
0.158
0.16
0.16199999999999998
0.16599999999999998
0.16799999999999998
0.16999999999999998
0.172
0.174
0.176
0.178
0.18
0.18
0.18
0.18
0.18
0.182
0.184
0.186
0.186
0.186
0.186
0.18600000000000003
0.186
0.186
0.186
0.188
0.188
0.19
0.192
0.196
0.2
0.20400000000000001
0.20800000000000002
0.21000000000000002
0.21200000000000002
0.21400000000000002
0.21600000000000003
0.218
0.22
0.22
0.22
0.222
0.224
0.226
0.226
0.226
0.226
0.224
0.222
0.222
0.224
0.22799999999999998
0.23199999999999998
0.238
0.244
0.25
0.258
0.264
0.27
0.272
0.276
0.278
0.27999999999999997
0.284
0.288
0.292
0.296
0.3
0.302
0.304
0.306
0.304
0.302
0.3
0.298
0.298
0.298
0.296
0.29400000000000004
0.29200000000000004
0.28800000000000003
0.28400000000000003
0.28
0.278
0.276
0.272
0.268
0.262
0.256
0.25
0.24400000000000002
0.24200000000000002
0.24000000000000002
0.23800000000000002
0.23400000000000004
0.23000000000000004
0.22800000000000004
0.22600000000000003
0.22200000000000003
0.21800000000000003
0.21400000000000002
0.21200000000000002
0.21
0.20800000000000002
0.20600000000000002
0.20400000000000001
0.202
0.198
0.194
0.19
0.186
0.184
0.184
0.184
0.184
0.184
0.184
0.184
0.184
0.184
0.184
0.184
0.184
0.184
0.184
0.184
0.186
0.186
0.186
0.184
0.182
0.18
0.178
0.178
0.178
0.178
0.178
0.178
0.178
0.18
0.182
0.182
0.182
0.18
0.178
0.176
0.174
0.174
0.174
0.174
0.172
0.16799999999999998
0.16399999999999998
0.158
0.154
0.15
0.144
0.14
0.136
0.134
0.13
0.128
0.126
0.122
0.118
0.11399999999999999
0.11000000000000001
0.10600000000000001
0.10200000000000001
0.098
0.094
0.094
0.096
0.098
0.1
0.10200000000000001
0.106
0.11
0.114
0.11800000000000001
0.122
0.126
0.13
0.134
0.138
0.14
0.142
0.144
0.146
0.148
0.152
0.154
0.156
0.158
0.16
0.162
0.162
0.162
0.162
0.162
0.162
0.16199999999999998
0.16199999999999998
0.162
0.162
0.16
0.158
0.158
0.158
0.158
0.158
0.158
0.156
0.154
0.15199999999999997
0.15000000000000002
0.14800000000000002
0.14600000000000002
0.14400000000000002
0.14200000000000002
0.14
0.138
0.136
0.134
0.132
0.13
0.128
0.126
0.124
0.122
0.12
0.118
0.11599999999999999
0.11399999999999999
0.11199999999999999
0.10999999999999999
0.10799999999999998
0.10800000000000001
0.10800000000000001
0.11000000000000001
0.112
0.11399999999999999
0.11599999999999999
0.118
0.12
0.122
0.124
0.126
0.128
0.13
0.132
0.134
0.136
0.138
0.138
0.138
0.138
0.138
0.138
0.14
0.14200000000000002
0.14400000000000002
0.14600000000000002
0.14800000000000002
0.15000000000000002
0.15000000000000002
0.15000000000000002
0.15000000000000002
0.15000000000000002
0.15000000000000002
0.152
0.154
0.154
0.154
0.154
0.154
0.152
0.15
0.148
0.144
0.14
0.136
0.132
0.128
0.124
0.122
0.12
0.118
0.118
0.118
0.116
0.116
0.116
0.116
0.11599999999999999
0.11599999999999999
0.11599999999999999
0.11599999999999999
0.11599999999999999
0.11599999999999999
0.11599999999999999
0.114
0.112
0.11
0.108
0.108
0.108
0.108
0.108
0.108
0.108
0.108
0.108
0.108
0.108
0.108
0.108
0.108
0.108
0.108
0.108
0.108
0.108
0.108
0.108
0.108
0.108
0.108
0.108
0.108
0.108
0.108
0.108
0.108
0.108
0.108
0.108
0.106
0.104
0.1
0.096
0.092
0.088
0.086
0.08399999999999999
0.08200000000000002
0.08000000000000002
0.07800000000000001
0.07600000000000001
0.07400000000000001
0.07200000000000001
0.07200000000000001
0.072
0.07200000000000001
0.07200000000000001
0.072
0.07200000000000001
0.07200000000000001
0.072
0.07200000000000001
0.07200000000000001
0.07200000000000001
0.07200000000000001
0.07
0.068
0.068
0.068
0.068
0.068
0.068
0.066
0.064
0.062
0.060000000000000005
0.058
0.056
0.054000000000000006
0.052000000000000005
0.05
0.05
0.05
0.05
0.05
0.05
0.05
0.05
0.05
0.05
0.048
0.046
0.044
0.041999999999999996
0.04
0.038
0.036
0.034
0.032
0.03
0.028000000000000004
0.026000000000000002
0.024
0.024
0.024
0.024
0.024
0.024
0.024
0.024
0.024
0.024
0.024
0.024
0.024
0.024
0.024
0.024
0.026000000000000002
0.028000000000000004
0.03
0.03
0.03
0.03
0.03
0.03
0.03
0.03
0.03
0.03
0.03
0.03
0.03
0.03
0.03
0.03
0.03
0.03
0.03
0.03
0.032
0.034
0.038
0.041999999999999996
0.046
0.05
0.054
0.056
0.057999999999999996
0.06
0.062
0.064
0.066
0.066
0.066
0.066
0.066
0.066
0.066
0.066
0.066
0.064
0.062000000000000006
0.060000000000000005
0.058
0.058
0.058
0.058
0.058
0.058
0.058
0.058
0.058
0.058
0.058
0.058
0.058
0.058
0.058
0.058
0.058
0.058
0.058
0.058
0.060000000000000005
0.062
0.064
0.066
0.068
0.07
0.07200000000000001
0.07400000000000001
0.07600000000000001
0.07800000000000001
0.08000000000000002
0.082
0.084
0.084
0.084
0.084
0.084
0.084
0.084
0.084
0.084
0.084
0.084
0.084
0.084
0.084
0.084
0.084
0.084
0.084
0.084
0.084
0.086
0.088
0.088
0.088
0.088
0.09
0.092
0.09599999999999999
0.09999999999999999
0.104
0.10799999999999998
0.10999999999999999
0.11199999999999999
0.11199999999999999
0.11199999999999999
0.11199999999999999
0.11199999999999999
0.11199999999999999
0.11199999999999999
0.11199999999999999
0.11199999999999999
0.11199999999999999
0.11199999999999999
0.11199999999999999
0.10999999999999999
0.10799999999999998
0.10399999999999998
0.09999999999999998
0.098
0.096
0.094
0.094
0.094
0.094
0.094
0.094
0.094
0.094
0.094
0.094
0.094
0.092
0.09
0.088
0.086
0.086
0.086
0.086
0.086
0.086
0.088
0.09
0.092
0.094
0.096
0.098
0.1
0.10200000000000001
0.10399999999999998
0.10599999999999998
0.10799999999999998
0.10799999999999998
0.10799999999999998
0.10799999999999998
0.10799999999999998
0.10799999999999998
0.10799999999999998
0.10799999999999998
0.10599999999999998
0.10399999999999998
0.10199999999999998
0.09999999999999998
0.098
0.096
0.094
0.092
0.09
0.088
0.086
0.08399999999999999
0.08199999999999999
0.08199999999999999
0.08199999999999999
0.08199999999999999
0.08199999999999999
0.08199999999999999
0.08199999999999999
0.08199999999999999
0.08199999999999999
0.08199999999999999
0.08199999999999999
0.08199999999999999
0.08199999999999999
0.08199999999999999
0.08199999999999999
0.08199999999999999
0.08199999999999999
0.08199999999999999
0.08199999999999999
0.08199999999999999
0.08
0.078
0.076
0.074
0.072
0.06999999999999999
0.068
0.064
0.06
0.056
0.052
0.05
0.048
0.048
0.048
0.048
0.048
0.048
0.048
0.048
0.048
0.048
0.048
0.048
0.048
0.048
0.048
0.048
0.046
0.044
0.041999999999999996
0.039999999999999994
0.038
0.036000000000000004
0.034
0.032
0.03
0.027999999999999997
0.026
0.024
0.022
0.022
0.022
0.022
0.022
0.022
0.022
0.022
0.022
0.022
0.02
0.018
0.016
0.014000000000000002
0.012
0.01
0.008
0.006
0.004
0.002
0.0
0.0
0.0
0.0
0.0
0.0
0.0
0.0
0.0
0.0
0.0
0.0
0.0
0.0
0.0
0.0
0.0
0.0
0.0
0.0
0.0
0.0
0.0
0.0
0.0
0.0
0.0
0.0
0.0
0.0
0.0
0.0
0.0
0.0
0.0
0.0
0.0
0.0
0.0
0.0
0.0
0.0
0.0
0.0
0.0
0.0
0.0
0.0
0.0
0.0
0.0
0.0
0.0
0.0
0.0
0.0
0.0
0.0
0.002
0.004
0.006
0.008
0.01
0.012
0.014000000000000002
0.016
0.018
0.018
0.018
0.018
0.018
0.018
0.018
0.018
0.018
0.018
0.018
0.018
0.018
0.018
0.018
0.018
0.018
0.018
0.018
0.018
0.018
0.018
0.018
0.018
0.018
0.018
0.018
0.018
0.018
0.018
0.018
0.018
0.018
0.018
0.018
0.018
0.018
0.018
0.018
0.018
0.018
0.018
0.018
0.018
0.018
0.019999999999999997
0.022
0.024
0.026
0.027999999999999997
0.03
0.03
0.03
0.03
0.03
0.03
0.03
0.03
0.03
0.03
0.03
0.03
0.03
0.03
0.03
0.03
0.03
0.03
0.03
0.03
0.03
0.03
0.03
0.03
0.03
0.03
0.03
0.03
0.03
0.03
0.03
0.03
0.03
0.03
0.03
0.03
0.03
0.03
0.03
0.03
0.03
0.03
0.028
0.026000000000000002
0.024
0.022
0.02
0.018000000000000002
0.016
0.014
0.012
0.012
0.012
0.012
0.012
0.012
0.012
0.012
0.012
0.012
0.012
0.012
0.012
0.012
0.012
0.012
0.012
0.012
0.012
0.012
0.012
0.012
0.012
0.012
0.012
0.012
0.012
0.012
0.012
0.012
0.012
0.012
0.012
0.012
0.012
0.012
0.012
0.012
0.012
0.012
0.012
0.012
0.012
0.012
0.012
0.01
0.008
0.006
0.004
0.002
0.002
0.004
0.006
0.008
0.01
0.012
0.014000000000000002
0.016
0.018
0.018
0.018
0.018
0.018
0.018
0.018
0.018
0.018
0.018
0.018
0.018
0.018
0.018
0.018
0.018
0.018
0.018
0.018
0.018
0.018
0.018
0.018
0.018
0.018
0.018
0.018
0.018
0.018
0.018
0.018
0.018
0.018
0.018
0.018
0.018
0.018
0.018
0.018
0.018
0.018
0.018
0.018
0.018
0.018
0.018
0.018
0.018
0.018
0.018
0.018
0.018
0.018
0.018
0.018
0.018
0.018
0.018
0.018
0.018
0.018
0.018
0.018
0.018
0.018
0.018
0.018
0.018
0.018
0.018
0.018
0.018
0.018
0.018
0.018
0.018
0.018
0.018
0.018
0.018
0.018
0.018
0.018
0.018
0.018
0.018
0.018
0.018
0.018
0.018
0.018
0.018
0.016
0.014000000000000002
0.012
0.01
0.008
0.006
0.004
0.002
0.0
0.0
0.0
0.0
0.0
0.0
0.0
0.0
0.0
0.0
0.0
0.0
0.0
0.0
0.0
0.0
0.0
0.0
0.0
0.0
0.0
0.0
0.0
0.0
0.0
0.0
0.0
0.0
0.0
0.0
0.0
0.0
0.0
0.0
0.0
0.0
0.0
0.0
0.0
0.0
0.0
0.0
0.0
0.0
0.0
0.0
0.0
0.0
0.0
0.0
0.0
0.0
0.0
0.0
0.0
0.0
0.0
0.0
0.0
0.0
0.0
0.0
0.0
0.0
0.0
0.0
0.0
0.0
0.0
0.0
0.0
0.0
0.0
0.0
0.0
0.0
0.0
0.0
0.0
0.0
0.0
0.0
0.0
0.0
0.0
0.0
0.0
0.0
0.0
0.0
0.0
0.0
0.0
0.0
0.0
0.0
0.0
0.0
0.0
0.0
0.0
0.0
0.0
0.0
0.0
0.0
0.0
0.0
0.0
0.0
0.0
0.0
0.0
0.0
0.0
0.0
0.0
0.0
0.0
0.0
0.0
0.0
0.0
0.0
0.0
0.0
0.0
0.0
0.0
0.0
0.0
0.0
0.0
0.0
0.0
0.0
0.0
0.0
0.0
0.0
0.0
0.0
0.0
0.0
0.0
0.0
0.0
0.0
0.0
0.0
0.0
0.0
0.0
0.0
0.0
0.0
0.0
0.0
0.0
0.0
0.0
0.0
0.0
0.0
0.0
0.0
0.0
0.0
0.0
0.0
0.0
0.0
0.0
0.0
0.0
0.0
0.0
0.0
0.0
0.0
0.0
0.0
0.0
0.0
0.0
0.0
