0.07400000000000001
0.08000000000000002
0.08600000000000002
0.09000000000000001
0.09600000000000002
0.104
0.112
0.12000000000000001
0.128
0.136
0.14400000000000002
0.15199999999999997
0.15999999999999998
0.16799999999999998
0.176
0.182
0.19
0.20400000000000001
0.22000000000000003
0.23600000000000002
0.252
0.26599999999999996
0.282
0.298
0.314
0.33
0.348
0.362
0.378
0.394
0.41
0.422
0.434
0.45
0.466
0.4799999999999999
0.49399999999999994
0.508
0.522
0.536
0.55
0.56
0.5700000000000001
0.5780000000000001
0.5880000000000001
0.6020000000000001
0.6160000000000001
0.6300000000000001
0.6440000000000001
0.6580000000000001
0.6719999999999999
0.6859999999999999
0.7
0.716
0.732
0.746
0.76
0.776
0.794
0.808
0.8240000000000001
0.8400000000000001
0.856
0.87
0.884
0.898
0.914
0.9299999999999998
0.9519999999999998
0.9739999999999999
0.9959999999999999
1.018
1.042
1.064
1.088
1.114
1.144
1.1720000000000002
1.2
1.23
1.2599999999999998
1.294
1.3319999999999999
1.362
1.392
1.42
1.446
1.474
1.508
1.538
1.566
1.5939999999999999
1.6199999999999999
1.644
1.668
1.6940000000000002
1.72
1.7439999999999998
1.7659999999999998
1.784
1.8059999999999998
1.828
1.8539999999999999
1.884
1.916
1.946
1.976
2.008
2.0420000000000003
2.08
2.12
2.15
2.1780000000000004
2.206
2.238
2.266
2.2920000000000003
2.314
2.3360000000000003
2.3560000000000003
2.378
2.404
2.434
2.4659999999999997
2.498
2.5220000000000002
2.5420000000000003
2.5660000000000003
2.5880000000000005
2.606
2.626
2.654
2.684
2.71
2.734
2.76
2.79
2.822
2.856
2.886
2.92
2.958
2.9979999999999998
3.0440000000000005
3.09
3.136
3.184
3.232
3.2800000000000002
3.3280000000000003
3.3760000000000003
3.43
3.4880000000000004
3.524
3.558
3.598
3.6400000000000006
3.6859999999999995
3.734
3.7899999999999996
3.8480000000000003
3.9040000000000004
3.9580000000000006
4.002000000000001
4.0440000000000005
4.086
4.128
4.1579999999999995
4.182
4.208
4.234
4.263999999999999
4.294
4.327999999999999
4.36
4.3839999999999995
4.408
4.433999999999999
4.462
4.492000000000001
4.5280000000000005
4.542000000000001
4.546000000000001
4.56
4.578
4.598
4.62
4.6419999999999995
4.659999999999999
4.6739999999999995
4.698
4.724
4.752000000000001
4.786
4.8260000000000005
4.854
4.886
4.92
4.9559999999999995
5.001999999999999
5.0440000000000005
5.094
5.144
5.1899999999999995
5.2299999999999995
5.266
5.304
5.3420000000000005
5.380000000000001
5.406000000000001
5.428
5.462
5.5
5.539999999999999
5.58
5.624
5.666
5.696
5.728000000000001
5.747999999999999
5.762
5.7780000000000005
5.79
5.788
5.792
5.805999999999999
5.822000000000001
5.845999999999999
5.87
5.894
5.916
5.942
5.968
5.997999999999999
6.03
6.0680000000000005
6.108
6.136000000000001
6.17
6.212000000000001
6.256
6.294
6.331999999999999
6.358
6.384
6.414
6.448
6.48
6.512
6.545999999999999
6.58
6.604000000000001
6.63
6.678
6.731999999999999
6.78
6.827999999999999
6.861999999999999
6.892
6.918
6.946000000000001
6.965999999999999
6.984
7.006
7.03
7.04
7.040000000000001
7.046
7.054
7.0520000000000005
7.054
7.053999999999999
7.052
7.05
7.058000000000001
7.08
7.104000000000001
7.13
7.162000000000001
7.183999999999999
7.196000000000001
7.226
7.267999999999999
7.3039999999999985
7.337999999999999
7.37
7.3999999999999995
7.428
7.464
7.51
7.545999999999999
7.590000000000002
7.638
7.683999999999999
7.720000000000001
7.773999999999999
7.822
7.864000000000001
7.901999999999999
7.930000000000001
7.962
7.990000000000001
8.024000000000001
8.064
8.11
8.168
8.228
8.266
8.288
8.322
8.366
8.411999999999999
8.454
8.48
8.486
8.491999999999999
8.498
8.52
8.540000000000001
8.584
8.639999999999999
8.686
8.728
8.783999999999999
8.842
8.898
8.96
8.998
9.028
9.058
9.09
9.118
9.15
9.184000000000001
9.218
9.232
9.234
9.251999999999999
9.267999999999999
9.278
9.29
9.299999999999999
9.31
9.328
9.352
9.378
9.408000000000001
9.448
9.492
9.53
9.565999999999999
9.607999999999999
9.658
9.7
9.745999999999999
9.776
9.796000000000001
9.828
9.862
9.898000000000001
9.932
9.993999999999998
10.068000000000001
10.144
10.212
10.296000000000001
10.394
10.49
10.58
10.664
10.74
10.824
10.916
11.014000000000001
11.112
11.206000000000001
11.3
11.372
11.428
11.472000000000001
11.514
11.547999999999998
11.576
11.602
11.624
11.649999999999999
11.677999999999999
11.712
11.738
11.77
11.81
11.834000000000001
11.860000000000001
11.894
11.946
11.982
12.016
12.06
12.112000000000002
12.175999999999998
12.238
12.3
12.356
12.416
12.484
12.538
12.585999999999999
12.652
12.735999999999999
12.806
12.864
12.924000000000001
12.99
13.076
13.186
13.3
13.424000000000001
13.540000000000001
13.650000000000002
13.724000000000002
13.767999999999999
13.806000000000001
13.848
13.888
13.924
13.962
13.996
14.047999999999998
14.112
14.186
14.261999999999999
14.334
14.412
14.462
14.492
14.529999999999998
14.578000000000003
14.622
14.661999999999999
14.708
14.75
14.796
14.844
14.886
14.918
14.937999999999999
14.943999999999999
14.926000000000002
14.898
14.876000000000001
14.860000000000003
14.843999999999998
14.82
14.809999999999999
14.802
14.814
14.841999999999999
14.861999999999998
14.879999999999999
14.888000000000002
14.888
14.863999999999999
14.826000000000002
14.793999999999999
14.772
14.751999999999999
14.732
14.719999999999999
14.728
14.752
14.782
14.812000000000001
14.836000000000002
14.852
14.866
14.868000000000002
14.866
14.892
14.926000000000002
14.994
15.082000000000003
15.181999999999999
15.296
15.414000000000001
15.533999999999999
15.646
15.754
15.840000000000002
15.914
15.966
16.008000000000003
16.062
16.112
16.154000000000003
16.186
16.236
16.304000000000002
16.366
16.438000000000002
16.504
16.58
16.657999999999998
16.73
16.786000000000005
16.826
16.876
16.934
16.997999999999998
17.060000000000002
17.138
17.227999999999998
17.304000000000002
17.37
17.412000000000003
17.419999999999998
17.398
17.344
17.274
17.195999999999998
17.14
17.106
17.086
17.07
17.06
17.054
17.058
17.084
17.118
17.148
17.174
17.192
17.199999999999996
17.192
17.208
17.246000000000002
17.29
17.338
17.396
17.458000000000002
17.520000000000003
17.578
17.628
17.674
17.727999999999998
17.791999999999998
17.846
17.909999999999997
17.998
18.098000000000003
18.208
18.316000000000003
18.414
18.507999999999996
18.586
18.644000000000002
18.678
18.69
18.706
18.728
18.756
18.78
18.802
18.836000000000002
18.872
18.910000000000004
18.94
18.966
18.988
19.0
19.01
19.016
19.018
19.026
19.038000000000004
19.046
19.071999999999996
19.104
19.128
19.154
19.154
19.144
19.128
19.092000000000002
19.048000000000002
19.003999999999998
18.968000000000004
18.936
18.922
18.918
18.93
18.956
18.988
19.024
19.062
19.094
19.112
19.119999999999997
19.132
19.14
19.152
19.160000000000004
19.168
19.194000000000003
19.238
19.308
19.380000000000003
19.467999999999996
19.544
19.618000000000002
19.672
19.716
19.756000000000004
19.794
19.856
19.958000000000002
20.088
20.234
20.394000000000002
20.57
20.744
20.907999999999998
21.064
21.212
21.344
21.456000000000003
21.541999999999998
21.604
21.666
21.738000000000003
21.806
21.881999999999998
21.958
22.032
22.102
22.171999999999997
22.246
22.318
22.389999999999997
22.46
22.52
22.588
22.68
22.78
22.875999999999998
22.96
23.054
23.136
23.214
23.292
23.36
23.432
23.522
23.624000000000002
23.724
23.834000000000003
23.962000000000003
24.104
24.247999999999998
24.394
24.550000000000004
24.71
24.866
25.016000000000005
25.172
25.328
25.504
25.688
25.884
26.082
26.288
26.508000000000003
26.723999999999997
26.936000000000003
27.147999999999996
27.358000000000004
27.546
27.721999999999998
27.869999999999997
28.0
28.119999999999997
28.238
28.354
28.486
28.64
28.806
28.982
29.166000000000004
29.36
29.557999999999996
29.748
29.943999999999996
30.134
30.326
30.516000000000002
30.72
30.922
31.119999999999997
31.324000000000005
31.536
31.74
31.936
32.12
32.279999999999994
32.42
32.538000000000004
32.656000000000006
32.748
32.836
32.924
33.025999999999996
33.13
33.242000000000004
33.374
33.5
33.62
33.722
33.84
33.966
34.102000000000004
34.252
34.428000000000004
34.626000000000005
34.861999999999995
35.118
35.398
35.7
36.018
36.321999999999996
36.616
36.902
37.18
37.454
37.74
38.004000000000005
38.258
38.498000000000005
38.728
38.92400000000001
39.093999999999994
39.25
39.386
39.498000000000005
39.608
39.716
39.84
39.982
40.142
40.306
40.477999999999994
40.64999999999999
40.832
41.012
41.184
41.36000000000001
41.525999999999996
41.69199999999999
41.87
42.048
42.217999999999996
42.388000000000005
42.568
42.762
42.961999999999996
43.158
43.362
43.552
43.726
43.902
44.078
44.239999999999995
44.397999999999996
44.544
44.690000000000005
44.831999999999994
44.97
45.098
45.217999999999996
45.348
45.46600000000001
45.592
45.716
45.854
45.986000000000004
46.106
46.217999999999996
46.328
46.44
46.546
46.668000000000006
46.79
46.902
47.006
47.11599999999999
47.23400000000001
47.352000000000004
47.492000000000004
47.63799999999999
47.796
47.95
48.104
48.25
48.391999999999996
48.536
48.68
48.806000000000004
48.91
49.012
49.116
49.214
49.316
49.422
49.536
49.658
49.78
49.903999999999996
50.044
50.19
50.337999999999994
50.464000000000006
50.572
50.67
50.745999999999995
50.785999999999994
50.806
50.81
50.81999999999999
50.821999999999996
50.828
50.852000000000004
50.897999999999996
50.970000000000006
51.072
51.178
51.303999999999995
51.452
51.61
51.782000000000004
51.978
52.202
52.44
52.69
52.95
53.20400000000001
53.464000000000006
53.71600000000001
53.948
54.174
54.392
54.592
54.802
55.013999999999996
55.226
55.446
55.68600000000001
55.954
56.23800000000001
56.528
56.81400000000001
57.092
57.372
57.636
57.89399999999999
58.13599999999999
58.36800000000001
58.59400000000001
58.818
59.048
59.262
59.480000000000004
59.717999999999996
59.964
60.227999999999994
60.51599999999999
60.812
61.134
61.495999999999995
61.902
62.352000000000004
62.862
63.39000000000001
63.93600000000001
64.484
65.044
65.60000000000001
66.14999999999999
66.69
67.21199999999999
67.71600000000001
68.17999999999999
68.63
69.07000000000001
69.506
69.932
70.35
70.75
71.144
71.528
71.894
72.254
72.62
73.004
73.39999999999999
73.816
74.246
74.696
75.17200000000001
75.654
76.146
76.64200000000001
77.13
77.62199999999999
78.104
78.57400000000001
79.05199999999999
79.516
80.004
80.48
80.956
81.44200000000001
81.92800000000001
82.41399999999999
82.90400000000001
83.402
83.918
84.44
84.94400000000002
85.43799999999999
85.94800000000001
86.444
86.93400000000001
87.432
87.93400000000001
88.45
88.994
89.55
90.134
90.72600000000001
91.328
91.944
92.574
93.218
93.884
94.572
95.27600000000001
95.992
96.72
97.446
98.178
98.916
99.646
100.362
101.05400000000002
101.732
102.41000000000001
103.054
103.678
104.294
104.906
105.524
106.112
106.702
107.28
107.862
108.448
109.03
109.612
110.18400000000001
110.77799999999999
111.35200000000002
111.908
112.45
112.978
113.506
114.03
114.53600000000002
115.02400000000002
115.47800000000001
115.90200000000002
116.304
116.70800000000001
117.09
117.45400000000001
117.80000000000001
118.134
118.47399999999999
118.816
119.17
119.53200000000001
119.926
120.334
120.74999999999999
121.184
121.60999999999999
122.04599999999999
122.48
122.906
123.33999999999997
123.78200000000001
124.22000000000001
124.666
125.126
125.602
126.082
126.578
127.092
127.61199999999998
128.154
128.69199999999998
129.25799999999998
129.842
130.442
131.056
131.67000000000002
132.296
132.93800000000002
133.566
134.196
134.822
135.45999999999998
136.12800000000001
136.78799999999998
137.46
138.136
138.814
139.49599999999998
140.182
140.874
141.544
142.218
142.88
143.50799999999998
144.122
144.712
145.276
145.816
146.316
146.792
147.246
147.664
148.048
148.418
148.75999999999996
149.08399999999997
149.39799999999997
149.684
149.958
150.228
150.508
150.80999999999997
151.126
151.454
151.80800000000002
152.196
152.578
152.97599999999997
153.398
153.80200000000002
154.212
154.63400000000001
155.096
155.562
156.034
156.52
157.01200000000003
157.53000000000003
158.036
158.56
159.048
159.536
160.018
160.49399999999997
160.98600000000002
161.448
161.91799999999998
162.37199999999999
162.848
163.334
163.84199999999998
164.34
164.842
165.35000000000002
165.87800000000001
166.406
166.96200000000002
167.526
168.092
168.64
169.196
169.744
170.3
170.85
171.37800000000001
171.902
172.402
172.93
173.426
173.898
174.36
174.78799999999998
175.172
175.528
175.85799999999998
176.166
176.42000000000002
176.642
176.806
176.93200000000002
177.052
177.12599999999998
177.18
177.20199999999997
177.19400000000002
177.16
177.094
177.01600000000002
176.948
176.884
176.816
176.752
176.682
176.626
176.57999999999998
176.54800000000003
176.55799999999996
176.59
176.646
176.722
176.82799999999997
176.95399999999998
177.10399999999998
177.29
177.48600000000002
177.698
177.908
178.12
178.372
178.67
178.968
179.284
179.63
179.95999999999998
180.298
180.64000000000001
180.966
181.298
181.624
181.95
182.254
182.52799999999996
182.79000000000002
183.04
183.29000000000002
183.51799999999997
183.746
183.978
184.20600000000002
184.446
184.69000000000003
184.92399999999998
185.13
185.334
185.512
185.67399999999998
185.814
185.90800000000002
186.006
186.072
186.14000000000001
186.214
186.27599999999998
186.35
186.39
186.408
186.406
186.402
186.356
186.318
186.26
186.19600000000003
186.1
186.006
185.894
185.78
185.648
185.50599999999997
185.36599999999999
185.25
185.162
185.07
184.98399999999998
184.91400000000002
184.85399999999998
184.792
184.74
184.65600000000003
184.608
184.556
184.51999999999998
184.51
184.532
184.574
184.602
184.63
184.73200000000003
184.87000000000003
185.03000000000003
185.22600000000003
185.438
185.678
185.93399999999997
186.20800000000003
186.51
186.858
187.244
187.64600000000002
188.016
188.37199999999999
188.70999999999998
189.036
189.35200000000003
189.638
189.90599999999998
190.14999999999998
190.32999999999998
190.46800000000002
190.582
190.672
190.738
190.784
190.822
190.828
190.826
190.79399999999998
190.766
190.752
190.72
190.64800000000002
190.608
190.582
190.578
190.598
190.65
190.74200000000002
190.86599999999999
191.01599999999996
191.204
191.39600000000002
191.62400000000002
191.862
192.132
192.442
192.76
193.09799999999998
193.478
193.90200000000002
194.31799999999998
194.766
195.218
195.69
196.184
196.71200000000002
197.298
197.92199999999997
198.57
199.23400000000004
199.916
200.63600000000002
201.38599999999997
202.13599999999997
202.92
203.704
204.494
205.304
206.11200000000002
206.934
207.772
208.578
209.36200000000002
210.142
210.91400000000002
211.656
212.39600000000002
213.10999999999999
213.838
214.558
215.224
215.84400000000002
216.41200000000003
216.96599999999998
217.48999999999998
218.006
218.476
218.954
219.38799999999998
219.82000000000002
220.234
220.656
221.074
221.52800000000002
221.952
222.36200000000002
222.77599999999998
223.18
223.548
223.89999999999998
224.27000000000004
224.626
224.95799999999997
225.292
225.61
225.934
226.252
226.55200000000002
226.81600000000003
227.04999999999998
227.276
227.504
227.748
227.978
228.20600000000002
228.43599999999998
228.67199999999997
228.89
229.13
229.40399999999997
229.702
230.01800000000003
230.34799999999996
230.694
231.05399999999997
231.42000000000002
231.788
232.19
232.61400000000003
233.04999999999998
233.514
234.00799999999998
234.50400000000002
234.998
235.5
236.0
236.49
236.966
237.428
237.878
238.334
238.802
239.248
239.69399999999996
240.13
240.54600000000005
240.952
241.33599999999998
241.68
241.98600000000002
242.292
242.59
242.88799999999998
243.17400000000004
243.44399999999996
243.70200000000003
243.95999999999998
244.204
244.45600000000002
244.734
245.02999999999997
245.31799999999998
245.62
245.934
246.266
246.57599999999996
246.92
247.29999999999998
247.692
248.108
248.56400000000002
249.058
249.606
250.18400000000003
250.778
251.41799999999998
252.046
252.706
253.356
254.006
254.69400000000002
255.41199999999998
256.138
256.868
257.6
258.318
259.082
259.866
260.722
261.58799999999997
262.45799999999997
263.34799999999996
264.23199999999997
265.082
265.966
266.86
267.788
268.764
269.754
270.75
271.764
272.786
273.818
274.84000000000003
275.866
276.85
277.832
278.798
279.78999999999996
280.786
281.78799999999995
282.786
283.788
284.786
285.776
286.78999999999996
287.786
288.78000000000003
289.75
290.68000000000006
291.574
292.45399999999995
293.328
294.178
295.0
295.828
296.64799999999997
297.444
298.236
298.998
299.756
300.47799999999995
301.18600000000004
301.88
302.536
303.166
303.79200000000003
304.378
304.98
305.582
306.158
306.718
307.286
307.86199999999997
308.40799999999996
308.928
309.424
309.898
310.352
310.804
311.23799999999994
311.622
311.98400000000004
312.34000000000003
312.648
312.95399999999995
313.236
313.524
313.792
314.03200000000004
314.25800000000004
314.476
314.682
314.88
315.048
315.25
315.438
315.616
315.812
316.0
316.18
316.35
316.50800000000004
316.672
316.854
317.028
317.212
317.386
317.608
317.854
318.106
318.378
318.652
318.938
319.27
319.63599999999997
320.004
320.378
320.72999999999996
321.096
321.49
321.886
322.282
322.684
323.108
323.524
323.952
324.32
324.678
325.04
325.388
325.71
326.052
326.40200000000004
326.764
327.16999999999996
327.56800000000004
328.0
328.40999999999997
328.85400000000004
329.346
329.866
330.39000000000004
330.95399999999995
331.54999999999995
332.142
332.76800000000003
333.40999999999997
334.084
334.808
335.578
336.368
337.154
337.98
338.81800000000004
339.668
340.558
341.472
342.392
343.31
344.19599999999997
345.118
346.026
346.94800000000004
347.88800000000003
348.852
349.808
350.768
351.694
352.606
353.51199999999994
354.394
355.242
356.052
356.852
357.63800000000003
358.41
359.16400000000004
359.916
360.64400000000006
361.386
362.13599999999997
362.9
363.67400000000004
364.482
365.29999999999995
366.116
366.922
367.716
368.516
369.336
370.17199999999997
371.01
371.87399999999997
372.73400000000004
373.598
374.456
375.286
376.084
376.85799999999995
377.598
378.312
379.01
379.67
380.29999999999995
380.91999999999996
381.532
382.146
382.70000000000005
383.226
383.738
384.214
384.724
385.204
385.644
386.06999999999994
386.48599999999993
386.89000000000004
387.322
387.746
388.178
388.592
388.974
389.366
389.73199999999997
390.084
390.402
390.706
391.006
391.286
391.54200000000003
391.83
392.082
392.312
392.48600000000005
392.59000000000003
392.688
392.734
392.812
392.8299999999999
392.81600000000003
392.792
392.744
392.656
392.528
392.382
392.224
392.08400000000006
391.932
391.73999999999995
391.50200000000007
391.21999999999997
390.9560000000001
390.67
390.39599999999996
390.096
389.75600000000003
389.416
389.03000000000003
388.666
388.286
387.89
387.504
387.11199999999997
386.69599999999997
386.27000000000004
385.834
385.414
384.996
384.58799999999997
384.166
383.74399999999997
383.31600000000003
382.908
382.524
382.15000000000003
381.782
381.37
380.96
380.536
380.154
379.81
379.498
379.16999999999996
378.856
378.488
378.15000000000003
377.796
377.464
377.178
376.892
376.58400000000006
376.272
375.916
375.58799999999997
375.25
374.938
374.666
374.41999999999996
374.234
374.04600000000005
373.89200000000005
373.742
373.63
373.4719999999999
373.30600000000004
373.158
373.004
372.874
372.75
372.62
372.51399999999995
372.38
372.284
372.172
372.03000000000003
371.876
371.698
371.454
371.192
370.892
370.608
370.32000000000005
369.966
369.608
369.2699999999999
368.938
368.632
368.32399999999996
367.99399999999997
367.698
367.39
367.106
366.87399999999997
366.69999999999993
366.56399999999996
366.438
366.338
366.24
366.172
366.11600000000004
366.006
365.926
365.83399999999995
365.75399999999996
365.688
365.62
365.528
365.47799999999995
365.424
365.40599999999995
365.394
365.358
365.322
365.258
365.218
365.162
365.098
365.092
365.108
365.144
365.186
365.26599999999996
365.364
365.5
365.644
365.806
365.958
366.086
366.216
366.372
366.53999999999996
366.738
366.93
367.098
367.282
367.49
367.78600000000006
368.102
368.48400000000004
368.838
369.21400000000006
369.572
369.952
370.326
370.786
371.23600000000005
371.73400000000004
372.26
372.754
373.25
373.77199999999993
374.308
374.88
375.468
376.04200000000003
376.62200000000007
377.18399999999997
377.742
378.26200000000006
378.79200000000003
379.296
379.81399999999996
380.33599999999996
380.956
381.62
382.308
383.0379999999999
383.788
384.554
385.36999999999995
386.234
387.106
387.976
388.914
389.89599999999996
390.90199999999993
391.93
393.02200000000005
394.158
395.30800000000005
396.46200000000005
397.66599999999994
398.91200000000003
400.16599999999994
401.41600000000005
402.676
403.94399999999996
405.196
406.486
407.77
409.01399999999995
410.26200000000006
411.466
412.644
413.84799999999996
415.024
416.17599999999993
417.296
418.41200000000003
419.52399999999994
420.668
421.826
422.992
424.158
425.30199999999996
426.432
427.552
428.61800000000005
429.696
430.74999999999994
431.808
432.864
433.91799999999995
434.98400000000004
436.042
437.124
438.23
439.328
440.382
441.434
442.476
443.47
444.43399999999997
445.372
446.31
447.244
448.168
449.092
450.00600000000003
450.8960000000001
451.798
452.704
453.624
454.556
455.46000000000004
456.37
457.246
458.126
458.962
459.794
460.62399999999997
461.42600000000004
462.204
463.004
463.76
464.488
465.16200000000003
465.82
466.458
467.06000000000006
467.648
468.196
468.714
469.2
469.716
470.206
470.66
471.08600000000007
471.49800000000005
471.922
472.342
472.746
473.122
473.43399999999997
473.71799999999996
473.95400000000006
474.1619999999999
474.34
474.45399999999995
474.538
474.554
474.558
474.52199999999993
474.45599999999996
474.344
474.22800000000007
474.08599999999996
473.944
473.75199999999995
473.55600000000004
473.374
473.188
473.008
472.828
472.66600000000005
472.48199999999997
472.31600000000003
472.18600000000004
472.038
471.90599999999995
471.84
471.746
471.67400000000004
471.598
471.4
471.28600000000006
471.14000000000004
470.938
470.726
470.486
470.218
469.908
469.5799999999999
469.236
468.9100000000001
468.55999999999995
468.22800000000007
467.874
467.542
467.17600000000004
466.812
466.452
466.05800000000005
465.64200000000005
465.18399999999997
464.71399999999994
464.18800000000005
463.608
463.048
462.452
461.86600000000004
461.25600000000003
460.652
460.048
459.456
458.84400000000005
458.254
457.72399999999993
457.19999999999993
456.69999999999993
456.21000000000004
455.664
455.14
454.606
454.082
453.54600000000005
453.0520000000001
452.556
452.09200000000004
451.644
451.154
450.622
449.994
449.38
448.678
447.928
447.18
446.384
445.486
444.56399999999996
443.592
442.51
441.43199999999996
440.33
439.16600000000005
437.98400000000004
436.83000000000004
435.7
434.6039999999999
433.508
432.45599999999996
431.42
430.398
429.422
428.46799999999996
427.55
426.62600000000003
425.74
424.93
424.14200000000005
423.36400000000003
422.62199999999996
421.908
421.212
420.58
419.98400000000004
419.426
418.83400000000006
418.26399999999995
417.704
417.154
416.60800000000006
416.10800000000006
415.49199999999996
414.87600000000003
414.258
413.626
412.96
412.30800000000005
411.642
410.946
410.26599999999996
409.5559999999999
408.882
408.298
407.66600000000005
407.07199999999995
406.58200000000005
406.106
405.65599999999995
405.238
404.884
404.57
404.322
404.112
403.918
403.738
403.606
403.462
403.34399999999994
403.254
403.13800000000003
403.068
403.02
403.006
402.988
402.992
403.06399999999996
403.142
403.272
403.42600000000004
403.62
403.836
404.11400000000003
404.392
404.71400000000006
405.02600000000007
405.33799999999997
405.6580000000001
405.98600000000005
406.3
406.70799999999997
407.08
407.486
407.90999999999997
408.368
408.81800000000004
409.25600000000003
409.664
410.05
410.44000000000005
410.90799999999996
411.48400000000004
412.04999999999995
412.704
413.406
414.104
414.83799999999997
415.682
416.544
417.456
418.504
419.532
420.54400000000004
421.61
422.692
423.75
424.79400000000004
425.83000000000004
426.85799999999995
427.844
428.798
429.756
430.702
431.628
432.53200000000004
433.434
434.30600000000004
435.14200000000005
435.988
436.8380000000001
437.656
438.472
439.26
440.038
440.774
441.494
442.204
442.91999999999996
443.624
444.288
444.93600000000004
445.56399999999996
446.288
446.982
447.658
448.324
448.98600000000005
449.612
450.178
450.746
451.29400000000004
451.81999999999994
452.306
452.78799999999995
453.27
453.75
454.164
454.59200000000004
455.01
455.416
455.746
456.102
456.40199999999993
456.65599999999995
456.88
457.07
457.22800000000007
457.326
457.43399999999997
457.482
457.572
457.604
457.63599999999997
457.66600000000005
457.688
457.708
457.698
457.66599999999994
457.59
457.476
457.32800000000003
457.17600000000004
456.954
456.702
456.384
456.04400000000004
455.668
455.26599999999996
454.784
454.308
453.774
453.24
452.65
452.052
451.41
450.74800000000005
450.07399999999996
449.376
448.682
447.964
447.21200000000005
446.48
445.712
444.966
444.16200000000003
443.35400000000004
442.536
441.668
440.824
439.948
439.062
438.16999999999996
437.25
436.26800000000003
435.3059999999999
434.312
433.33000000000004
432.312
431.28600000000006
430.258
429.26
428.216
427.20599999999996
426.134
425.062
424.008
422.96400000000006
421.978
420.9799999999999
419.98199999999997
419.002
418.03200000000004
417.03
415.99
414.946
413.9
412.89
411.87600000000003
410.86199999999997
409.8380000000001
408.822
407.716
406.64199999999994
405.582
404.552
403.548
402.56399999999996
401.58599999999996
400.638
399.67400000000004
398.744
397.88
397.024
396.22
395.408
394.562
393.71
392.856
392.0079999999999
391.18600000000004
390.438
389.628
388.842
388.056
387.286
386.56399999999996
385.82200000000006
385.102
384.34999999999997
383.654
382.94399999999996
382.21400000000006
381.50000000000006
380.742
380.018
379.28000000000003
378.52
377.756
376.976
376.22599999999994
375.49
374.64599999999996
373.892
373.114
372.39
371.66799999999995
370.986
370.352
369.764
369.16
368.588
368.052
367.568
367.096
366.644
366.21
365.774
365.36
364.92
364.46599999999995
364.0280000000001
363.55999999999995
363.116
362.60999999999996
362.148
361.69000000000005
361.234
360.844
360.38800000000003
359.964
359.536
359.13199999999995
358.762
358.414
358.01800000000003
357.66200000000003
357.30600000000004
356.94399999999996
356.546
356.18399999999997
355.828
355.518
355.14599999999996
354.826
354.54200000000003
354.228
353.868
353.44599999999997
352.976
352.50399999999996
351.97400000000005
351.432
350.88800000000003
350.34999999999997
349.826
349.31600000000003
348.77200000000005
348.202
347.63599999999997
347.078
346.48400000000004
345.932
345.342
344.736
344.166
343.58
343.0
342.474
341.98199999999997
341.49199999999996
340.99199999999996
340.506
340.06600000000003
339.584
339.13
338.746
338.41200000000003
338.096
337.79
337.496
337.146
336.83000000000004
336.5
336.18
335.89599999999996
335.59799999999996
335.34400000000005
335.142
334.976
334.788
334.606
334.504
334.378
334.308
334.238
334.15999999999997
334.048
333.93399999999997
333.894
333.792
333.71000000000004
333.72
333.62600000000003
333.584
333.51599999999996
333.478
333.416
333.30600000000004
333.208
333.134
332.99
332.834
332.652
332.45399999999995
332.25199999999995
332.04
331.856
331.73
331.61
331.558
331.51599999999996
331.48400000000004
331.492
331.528
331.58000000000004
331.63800000000003
331.716
331.764
331.86
331.948
332.076
332.214
332.382
332.54999999999995
332.73799999999994
332.91200000000003
333.078
333.26800000000003
333.466
333.642
333.808
333.932
334.072
334.198
334.31
334.452
334.608
334.754
334.948
335.154
335.39
335.58799999999997
335.85
336.078
336.28
336.454
336.638
336.816
336.976
337.116
337.268
337.418
337.602
337.778
337.87
337.938
337.99199999999996
337.962
337.916
337.86
337.806
337.72
337.53
337.348
337.062
336.74399999999997
336.39
335.96200000000005
335.51800000000003
335.038
334.55
334.014
333.462
332.922
332.348
331.76599999999996
331.15199999999993
330.49799999999993
329.83
329.172
328.506
327.826
327.138
326.42400000000004
325.726
325.068
324.43
323.808
323.134
322.51
321.88
321.23400000000004
320.586
319.924
319.258
318.546
317.82399999999996
317.13599999999997
316.446
315.72200000000004
315.024
314.326
313.622
312.91600000000005
312.196
311.48199999999997
310.77000000000004
310.014
309.262
308.51399999999995
307.768
307.03200000000004
306.29200000000003
305.544
304.826
304.11199999999997
303.398
302.714
302.02599999999995
301.366
300.674
299.996
299.322
298.692
298.082
297.5
296.92
296.348
295.798
295.246
294.668
294.10400000000004
293.558
293.022
292.48
291.95399999999995
291.416
290.93399999999997
290.438
289.948
289.48800000000006
289.104
288.734
288.406
288.132
287.902
287.698
287.548
287.43399999999997
287.36400000000003
287.342
287.39
287.43199999999996
287.512
287.642
287.778
287.914
288.116
288.33000000000004
288.546
288.744
288.92
289.176
289.41599999999994
289.75
290.076
290.426
290.77399999999994
291.14
291.49199999999996
291.838
292.19399999999996
292.55000000000007
292.88
293.216
293.574
293.93800000000005
294.28000000000003
294.616
294.92
295.224
295.49600000000004
295.72
295.982
296.17199999999997
296.328
296.47400000000005
296.57200000000006
296.69399999999996
296.766
296.82599999999996
296.874
296.938
297.002
297.046
297.01
297.04
297.044
297.064
297.07800000000003
297.07599999999996
296.968
296.882
296.778
296.654
296.484
296.234
295.986
295.70799999999997
295.386
295.004
294.586
294.1
293.582
293.032
292.46
291.83799999999997
291.196
290.50800000000004
289.764
288.974
288.182
287.346
286.444
285.518
284.554
283.584
282.604
281.654
280.714
279.78400000000005
278.882
277.96
277.004
276.056
275.08799999999997
274.138
273.196
272.242
271.29
270.274
269.22200000000004
268.132
267.034
265.88
264.71000000000004
263.488
262.258
261.032
259.75199999999995
258.434
257.026
255.60199999999998
254.13799999999998
252.67
251.17399999999998
249.636
248.044
246.43800000000002
244.85399999999998
243.25400000000002
241.658
240.038
238.432
236.76999999999998
235.138
233.488
231.906
230.298
228.74200000000002
227.22799999999995
225.736
224.284
222.864
221.45600000000002
220.034
218.62600000000003
217.272
215.944
214.65800000000002
213.40200000000002
212.17
210.996
209.824
208.69400000000002
207.60399999999998
206.578
205.58800000000002
204.614
203.646
202.678
201.726
200.774
199.854
198.962
198.18
197.346
196.50400000000002
195.666
194.838
194.066
193.414
192.73000000000002
192.07999999999998
191.464
190.91
190.432
189.98000000000002
189.572
189.172
188.828
188.50400000000002
188.166
187.892
187.634
187.39999999999998
187.186
186.98000000000002
186.796
186.664
186.58
186.426
186.358
186.324
186.274
186.266
186.29199999999997
186.324
186.356
186.36800000000002
186.37800000000001
186.368
186.32000000000002
186.348
186.33599999999998
186.314
186.28799999999998
186.20800000000003
186.134
186.03799999999998
186.0
185.95600000000002
185.932
185.89999999999998
185.906
185.88
185.878
185.84199999999998
185.78199999999998
185.752
185.708
185.71
185.70600000000002
185.70600000000002
185.704
185.74599999999998
185.83800000000002
185.98200000000003
186.13800000000003
186.294
186.49599999999998
186.71200000000002
186.962
187.238
187.59
187.964
188.362
188.764
189.192
189.61200000000002
190.04999999999998
190.52000000000004
190.99
191.45000000000002
191.93200000000002
192.39000000000001
192.848
193.304
193.726
194.136
194.49200000000002
194.81600000000003
195.13400000000001
195.38
195.602
195.80400000000003
195.948
196.094
196.226
196.38000000000002
196.546
196.73
196.932
197.1
197.26800000000003
197.416
197.53
197.66199999999998
197.748
197.84600000000003
197.89800000000002
197.90999999999997
197.928
197.902
197.84199999999996
197.72400000000002
197.584
197.39600000000002
197.174
196.93200000000002
196.65200000000002
196.35
196.06600000000003
195.73999999999998
195.39
195.02800000000002
194.66400000000002
194.252
193.85
193.368
192.858
192.368
191.816
191.256
190.71800000000002
190.178
189.6
188.95799999999997
188.29999999999995
187.622
186.926
186.214
185.522
184.75799999999998
184.006
183.274
182.558
181.85
181.152
180.466
179.77599999999998
179.11
178.432
177.78
177.112
176.474
175.832
175.19400000000002
174.546
173.894
173.24199999999996
172.584
171.93400000000003
171.29
170.63600000000002
169.99
169.31199999999998
168.622
167.916
167.18599999999998
166.44
165.68
164.88400000000001
164.064
163.188
162.27599999999998
161.344
160.388
159.402
158.394
157.314
156.19600000000003
155.038
153.868
152.662
151.464
150.262
149.04000000000002
147.838
146.63
145.448
144.29600000000002
143.17000000000002
142.076
141.018
139.946
138.894
137.83599999999998
136.762
135.66200000000003
134.524
133.368
132.20600000000002
131.032
129.838
128.68200000000002
127.52799999999999
126.37
125.242
124.098
122.992
121.908
120.80799999999999
119.742
118.684
117.65200000000002
116.624
115.614
114.636
113.662
112.72
111.812
110.92399999999999
110.06
109.204
108.35600000000001
107.51599999999999
106.70600000000002
105.90199999999999
105.15599999999998
104.412
103.702
102.99800000000002
102.292
101.582
100.85400000000001
100.13
99.464
98.79599999999999
98.146
97.512
96.88399999999999
96.27599999999998
95.714
95.166
94.608
94.046
93.504
92.956
92.396
91.848
91.30199999999999
90.74199999999999
90.174
89.614
89.04599999999999
88.496
87.964
87.45
86.942
86.46799999999999
86.006
85.538
85.092
84.654
84.20200000000001
83.78800000000001
83.372
82.976
82.61600000000001
82.25999999999999
81.916
81.59199999999998
81.27199999999999
80.976
80.68799999999999
80.406
80.13600000000001
79.88
79.622
79.398
79.18799999999999
78.982
78.76400000000001
78.548
78.33
78.1
77.852
77.596
77.334
77.062
76.77799999999999
76.47
76.168
75.848
75.55
75.25800000000001
74.952
74.664
74.408
74.19399999999999
74.006
73.826
73.674
73.56
73.45
73.37
73.292
73.228
73.206
73.16199999999999
73.102
73.058
73.002
72.95400000000001
72.896
72.836
72.76
72.67
72.584
72.472
72.332
72.202
72.07400000000001
71.938
71.792
71.646
71.50999999999999
71.384
71.26599999999999
71.17399999999999
71.096
71.024
70.964
70.922
70.88999999999999
70.87599999999999
70.862
70.84
70.818
70.78399999999999
70.74600000000001
70.71199999999999
70.658
70.584
70.49000000000001
70.372
70.22800000000001
70.068
69.9
69.70400000000001
69.494
69.27199999999999
69.03200000000001
68.772
68.5
68.22000000000001
67.932
67.63600000000001
67.354
67.044
66.728
66.40599999999999
66.066
65.738
65.438
65.128
64.814
64.492
64.158
63.831999999999994
63.506
63.18
62.86
62.528
62.19799999999999
61.858000000000004
61.50000000000001
61.129999999999995
60.76
60.384
60.006
59.632000000000005
59.268
58.93000000000001
58.602000000000004
58.279999999999994
57.994
57.715999999999994
57.452
57.186
56.924
56.66
56.39999999999999
56.138000000000005
55.86
55.57600000000001
55.31399999999999
55.044
54.769999999999996
54.48
54.168
53.832
53.49399999999999
53.105999999999995
52.678
52.233999999999995
51.778
51.304
50.816
50.344
49.88199999999999
49.442
49.024
48.628
48.260000000000005
47.904
47.566
47.23400000000001
46.908
46.59
46.29
45.984
45.668
45.368
45.088
44.814
44.54600000000001
44.27799999999999
44.002
43.71600000000001
43.418000000000006
43.111999999999995
42.806
42.495999999999995
42.194
41.888
41.583999999999996
41.294
41.01599999999999
40.763999999999996
40.532
40.304
40.08
39.858
39.647999999999996
39.44800000000001
39.25
39.06400000000001
38.884
38.714
38.538
38.361999999999995
38.184
38.012
37.843999999999994
37.658
37.464
37.258
37.042
36.824
36.606
36.402
36.2
35.998000000000005
35.772
35.54
35.308
35.076
34.82599999999999
34.568000000000005
34.288
33.989999999999995
33.684
33.384
33.078
32.788
32.514
32.252
32.006
31.764000000000003
31.534
31.314
31.104000000000003
30.881999999999998
30.662
30.451999999999998
30.241999999999997
30.03
29.814
29.608
29.401999999999997
29.2
28.998
28.802
28.613999999999997
28.442000000000004
28.278
28.104000000000003
27.931999999999995
27.759999999999998
27.6
27.440000000000005
27.266
27.112
26.964
26.812
26.666
26.516
26.367999999999995
26.216
26.06
25.888000000000005
25.695999999999998
25.494
25.278
25.046
24.806
24.564
24.321999999999996
24.096
23.862
23.628000000000004
23.39
23.150000000000002
22.907999999999998
22.666
22.416
22.16
21.900000000000006
21.640000000000004
21.379999999999995
21.131999999999998
20.888
20.653999999999996
20.413999999999998
20.176000000000002
19.932
19.689999999999998
19.452
19.2
18.944000000000003
18.684000000000005
18.422
18.174000000000003
17.93
17.701999999999998
17.488
17.274
17.072000000000003
16.87
16.669999999999998
16.478
16.29
16.102
15.91
15.714
15.517999999999999
15.33
15.142
14.966
14.799999999999999
14.640000000000002
14.488
14.335999999999999
14.19
14.057999999999998
13.935999999999998
13.814000000000002
13.712000000000002
13.600000000000001
13.5
13.418
13.336000000000002
13.260000000000002
13.19
13.105999999999998
13.02
12.930000000000003
12.83
12.729999999999997
12.62
12.502
12.379999999999999
12.254
12.120000000000001
11.986000000000002
11.84
11.692
11.542000000000002
11.392
11.246
11.100000000000001
10.954
10.804
10.653999999999998
10.5
10.336
10.180000000000001
10.017999999999999
9.868
9.712000000000002
9.568000000000001
9.428
9.298
9.179999999999998
9.068
8.964
8.866
8.760000000000002
8.655999999999999
8.553999999999998
8.462
8.378
8.302
8.229999999999999
8.172
8.116
8.068
8.024000000000001
7.974
7.936
7.892000000000001
7.852000000000001
7.818
7.780000000000001
7.731999999999999
7.68
7.624
7.574
7.53
7.486000000000001
7.44
7.396
7.33
7.2620000000000005
7.186
7.106
7.014
6.9159999999999995
6.814
6.7139999999999995
6.622000000000001
6.534
6.448
6.3580000000000005
6.268
6.178
6.088000000000001
5.994000000000001
5.896
5.8020000000000005
5.709999999999999
5.622
5.542
5.465999999999999
5.404
5.358
5.32
5.288
5.258
5.220000000000001
5.180000000000001
5.136
5.082
5.028
4.966
4.901999999999999
4.835999999999999
4.763999999999999
4.6979999999999995
4.6339999999999995
4.564000000000001
4.498
4.4319999999999995
4.364
4.303999999999999
4.242
4.1819999999999995
4.132
4.09
4.052
4.0200000000000005
3.9899999999999998
3.97
3.952
3.932
3.9139999999999997
3.898
3.8840000000000003
3.8699999999999997
3.858
3.8499999999999996
3.8440000000000003
3.8380000000000005
3.83
3.8200000000000003
3.8120000000000007
3.802
3.7920000000000007
3.7740000000000005
3.754
3.7199999999999998
3.684
3.6459999999999995
3.612
3.576
3.54
3.504
3.472
3.438
3.4040000000000004
3.366
3.3299999999999996
3.2880000000000003
3.246
3.194
3.144
3.092
3.04
2.99
2.932
2.878
2.826
2.7740000000000005
2.724
2.688
2.658
2.636
2.62
2.6
2.586
2.57
2.554
2.542
2.53
2.5180000000000002
2.5100000000000002
2.504
2.5000000000000004
2.5060000000000002
2.5100000000000002
2.516
2.5240000000000005
2.532
2.54
2.538
2.532
2.528
2.5260000000000002
2.528
2.5300000000000002
2.532
2.532
2.532
2.532
2.5380000000000003
2.54
2.532
2.52
2.504
2.49
2.474
2.458
2.452
2.448
2.44
2.428
2.416
2.402
2.394
2.3880000000000003
2.382
2.378
2.374
2.3680000000000003
2.3600000000000003
2.35
2.3440000000000003
2.336
2.324
2.312
2.3
2.29
2.2760000000000002
2.262
2.25
2.246
2.2479999999999998
2.25
2.2520000000000002
2.2520000000000002
2.254
2.254
2.25
2.246
2.2339999999999995
2.2159999999999997
2.1999999999999997
2.182
2.168
2.1559999999999997
2.158
2.162
2.166
2.166
2.1679999999999997
2.17
2.166
2.16
2.154
2.148
2.138
2.13
2.124
2.1199999999999997
2.126
2.1319999999999997
2.1439999999999997
2.158
2.166
2.1759999999999997
2.182
2.19
2.1999999999999997
2.2079999999999997
2.212
2.2159999999999997
2.216
2.2079999999999997
2.198
2.186
2.174
2.1599999999999997
2.152
2.146
2.14
2.13
2.12
2.1079999999999997
2.096
2.084
2.072
2.06
2.046
2.034
2.0300000000000002
2.0300000000000002
2.032
2.036
2.0380000000000003
2.0420000000000003
2.048
2.056
2.0620000000000003
2.068
2.072
2.078
2.088
2.1
2.116
2.1300000000000003
2.142
2.1500000000000004
2.156
2.1580000000000004
2.166
2.1740000000000004
2.18
2.1860000000000004
2.19
2.194
2.2
2.2039999999999997
2.208
2.214
2.2199999999999998
2.228
2.2359999999999998
2.242
2.25
2.258
2.2640000000000002
2.268
2.274
2.278
2.284
2.2840000000000003
2.284
2.286
2.29
2.2920000000000003
2.2860000000000005
2.278
2.274
2.2680000000000002
2.262
2.26
2.262
2.266
2.268
2.268
2.266
2.2640000000000002
2.26
2.26
2.258
2.2539999999999996
2.254
2.2539999999999996
2.25
2.2459999999999996
2.25
2.25
2.252
2.252
2.254
2.2560000000000002
2.252
2.2439999999999998
2.242
2.2399999999999998
2.242
2.242
2.2399999999999998
2.2399999999999998
2.242
2.2439999999999998
2.254
2.268
2.284
2.298
2.3120000000000003
2.326
2.342
2.356
2.368
2.384
2.396
2.408
2.42
2.43
2.442
2.452
2.456
2.46
2.464
2.468
2.472
2.4739999999999998
2.476
2.476
2.4699999999999998
2.46
2.448
2.436
2.426
2.416
2.402
2.39
2.3779999999999997
2.3659999999999997
2.362
2.36
2.352
2.3459999999999996
2.336
2.328
2.3160000000000003
2.304
2.296
2.288
2.282
2.276
2.266
2.254
2.242
2.232
2.222
2.214
2.2039999999999997
2.196
2.19
2.186
2.184
2.184
2.184
2.186
2.182
2.178
2.172
2.168
2.164
2.162
2.1559999999999997
2.15
2.146
2.1399999999999997
2.13
2.122
2.1159999999999997
2.112
2.106
2.102
2.1
2.0940000000000003
2.084
2.074
2.064
2.0540000000000003
2.0460000000000003
2.0380000000000003
2.0300000000000002
2.0220000000000002
2.0140000000000002
2.0060000000000002
1.998
1.9880000000000002
1.978
1.9680000000000002
1.958
1.9480000000000002
1.9360000000000002
1.9240000000000002
1.912
1.898
1.8840000000000001
1.8699999999999999
1.856
1.84
1.8219999999999998
1.8019999999999998
1.782
1.7619999999999998
1.738
1.714
1.6939999999999997
1.672
1.6499999999999997
1.628
1.606
1.586
1.5639999999999998
1.542
1.53
1.516
1.4999999999999998
1.4819999999999998
1.466
1.4499999999999997
1.436
1.424
1.416
1.4100000000000001
1.4060000000000001
1.4060000000000001
1.4060000000000001
1.4040000000000001
1.4020000000000001
1.3980000000000001
1.3900000000000001
1.3800000000000001
1.366
1.354
1.35
1.346
1.344
1.342
1.344
1.346
1.346
1.348
1.348
1.348
1.35
1.352
1.352
1.348
1.344
1.338
1.336
1.332
1.324
1.314
1.302
1.2879999999999998
1.272
1.256
1.246
1.234
1.22
1.206
1.198
1.1900000000000002
1.1860000000000002
1.1820000000000002
1.1800000000000002
1.1800000000000002
1.1780000000000002
1.174
1.17
1.166
1.162
1.156
1.146
1.136
1.1320000000000001
1.13
1.1320000000000001
1.134
1.138
1.1440000000000001
1.1480000000000001
1.1520000000000001
1.1560000000000001
1.162
1.1640000000000001
1.166
1.166
1.166
1.164
1.1640000000000001
1.166
1.1720000000000002
1.178
1.1840000000000002
1.1880000000000002
1.1920000000000002
1.198
1.2040000000000002
1.21
1.2160000000000002
1.222
1.232
1.24
1.248
1.254
1.258
1.264
1.27
1.272
1.272
1.272
1.274
1.272
1.27
1.27
1.27
1.266
1.262
1.2600000000000002
1.258
1.2559999999999998
1.254
1.2519999999999998
1.246
1.2399999999999998
1.234
1.234
1.234
1.234
1.238
1.2399999999999998
1.2399999999999998
1.238
1.2359999999999998
1.234
1.23
1.226
1.222
1.218
1.214
1.212
1.21
1.21
1.21
1.212
1.214
1.214
1.214
1.214
1.216
1.22
1.226
1.232
1.24
1.25
1.256
1.26
1.268
1.274
1.28
1.282
1.284
1.286
1.29
1.296
1.302
1.3099999999999998
1.318
1.324
1.3279999999999998
1.332
1.3359999999999999
1.344
1.3519999999999999
1.3599999999999999
1.368
1.374
1.3800000000000001
1.3860000000000001
1.39
1.396
1.402
1.408
1.4120000000000001
1.414
1.4160000000000001
1.422
1.4280000000000002
1.434
1.438
1.442
1.442
1.434
1.428
1.424
1.42
1.416
1.414
1.412
1.41
1.408
1.404
1.396
1.388
1.38
1.3719999999999999
1.3639999999999999
1.3579999999999999
1.3559999999999999
1.3539999999999999
1.3499999999999999
1.3459999999999999
1.3439999999999999
1.3419999999999999
1.3419999999999999
1.3419999999999999
1.3439999999999999
1.3459999999999999
1.3459999999999999
1.3439999999999999
1.3399999999999999
1.3359999999999999
1.3339999999999999
1.3319999999999999
1.3279999999999998
1.3239999999999998
1.3179999999999998
1.3119999999999998
1.3079999999999998
1.302
1.298
1.294
1.2919999999999998
1.29
1.2879999999999998
1.286
1.2839999999999998
1.282
1.2799999999999998
1.2760000000000002
1.2720000000000002
1.2680000000000002
1.2640000000000002
1.2600000000000002
1.2560000000000002
1.2540000000000002
1.2540000000000002
1.2540000000000002
1.2540000000000002
1.2520000000000002
1.2480000000000002
1.2420000000000002
1.2340000000000002
1.2240000000000002
1.2120000000000002
1.2000000000000002
1.1880000000000002
1.1720000000000002
1.1580000000000001
1.1420000000000001
1.1300000000000001
1.118
1.106
1.092
1.08
1.066
1.05
1.034
1.02
1.008
0.998
0.988
0.978
0.97
0.966
0.96
0.954
0.948
0.9359999999999999
0.9239999999999999
0.9099999999999999
0.8959999999999999
0.8800000000000001
0.8640000000000001
0.8500000000000001
0.8360000000000001
0.8180000000000001
0.8
0.786
0.772
0.758
0.744
0.738
0.73
0.72
0.71
0.698
0.6839999999999999
0.6720000000000002
0.6600000000000001
0.6480000000000001
0.6340000000000001
0.6280000000000001
0.6220000000000001
0.6160000000000001
0.6100000000000001
0.6020000000000001
0.5920000000000001
0.5840000000000001
0.5760000000000001
0.5700000000000001
0.562
0.554
0.546
0.5379999999999999
0.53
0.522
0.514
0.506
0.498
0.49
0.482
0.474
0.46599999999999997
0.45999999999999996
0.45599999999999996
0.45399999999999996
0.45199999999999996
0.44999999999999996
0.44799999999999995
0.44599999999999995
0.44399999999999995
0.43800000000000006
0.43200000000000005
0.42600000000000005
0.42000000000000004
0.41400000000000003
0.40800000000000003
0.404
0.40199999999999997
0.39999999999999997
0.39799999999999996
0.396
0.396
0.394
0.39
0.386
0.382
0.374
0.366
0.36
0.354
0.35
0.346
0.34199999999999997
0.33799999999999997
0.33399999999999996
0.33
0.328
0.326
0.324
0.322
0.32
0.318
0.316
0.314
0.314
0.314
0.312
0.308
0.304
0.3
0.294
0.286
0.27599999999999997
0.266
0.258
0.25
0.25
0.25
0.252
0.254
0.258
0.262
0.266
0.27
0.272
0.274
0.274
0.274
0.274
0.274
0.276
0.278
0.28200000000000003
0.28600000000000003
0.29000000000000004
0.29400000000000004
0.29800000000000004
0.30400000000000005
0.31000000000000005
0.316
0.32
0.324
0.328
0.332
0.332
0.332
0.33
0.328
0.33
0.332
0.334
0.33599999999999997
0.33999999999999997
0.346
0.352
0.36
0.368
0.376
0.378
0.378
0.378
0.378
0.378
0.376
0.374
0.372
0.372
0.372
0.37200000000000005
0.37200000000000005
0.37400000000000005
0.37600000000000006
0.37600000000000006
0.37600000000000006
0.37800000000000006
0.38000000000000006
0.38000000000000006
0.37800000000000006
0.37600000000000006
0.37400000000000005
0.37200000000000005
0.36800000000000005
0.36600000000000005
0.36400000000000005
0.36200000000000004
0.36000000000000004
0.36000000000000004
0.36
0.36
0.36000000000000004
0.36000000000000004
0.36000000000000004
0.36000000000000004
0.36000000000000004
0.36200000000000004
0.36600000000000005
0.374
0.382
0.39
0.39999999999999997
0.4059999999999999
0.4119999999999999
0.4159999999999999
0.41999999999999993
0.42399999999999993
0.42799999999999994
0.43199999999999994
0.43599999999999994
0.43799999999999994
0.44
0.444
0.448
0.452
0.456
0.456
0.45799999999999996
0.45799999999999996
0.45799999999999996
0.458
0.458
0.454
0.452
0.448
0.444
0.444
0.444
0.444
0.444
0.446
0.448
0.448
0.448
0.448
0.448
0.44799999999999995
0.44799999999999995
0.44999999999999996
0.45199999999999996
0.45199999999999996
0.45199999999999996
0.45399999999999996
0.45599999999999996
0.45599999999999996
0.45599999999999996
0.46199999999999997
0.46799999999999997
0.474
0.48
0.48000000000000004
0.48200000000000004
0.48600000000000004
0.49000000000000005
0.49000000000000005
0.48800000000000004
0.48600000000000004
0.48200000000000004
0.47400000000000003
0.468
0.4700000000000001
0.4740000000000001
0.4780000000000001
0.4860000000000001
0.4920000000000001
0.5000000000000001
0.508
0.516
0.522
0.528
0.534
0.54
0.542
0.544
0.55
0.556
0.562
0.568
0.572
0.576
0.58
0.5840000000000001
0.5880000000000001
0.5920000000000001
0.5960000000000001
0.6000000000000001
0.6020000000000001
0.6040000000000001
0.6060000000000001
0.608
0.61
0.612
0.61
0.608
0.606
0.604
0.6
0.594
0.584
0.574
0.5640000000000001
0.552
0.544
0.536
0.528
0.522
0.516
0.51
0.504
0.498
0.494
0.49
0.488
0.486
0.482
0.478
0.476
0.472
0.46799999999999997
0.46399999999999997
0.45999999999999996
0.45599999999999996
0.45599999999999996
0.45399999999999996
0.45399999999999996
0.45399999999999996
0.45199999999999996
0.44999999999999996
0.44799999999999995
0.44599999999999995
0.44199999999999995
0.43799999999999994
0.43399999999999994
0.43000000000000005
0.42600000000000005
0.42200000000000004
0.41800000000000004
0.41400000000000003
0.40800000000000003
0.4
0.396
0.392
0.384
0.376
0.37
0.364
0.358
0.352
0.346
0.33999999999999997
0.33599999999999997
0.32999999999999996
0.32199999999999995
0.31399999999999995
0.306
0.29800000000000004
0.29000000000000004
0.28200000000000003
0.278
0.272
0.266
0.26
0.254
0.244
0.236
0.22800000000000004
0.22000000000000003
0.21200000000000002
0.20400000000000001
0.196
0.188
0.18
0.174
0.16800000000000004
0.16000000000000003
0.15200000000000002
0.14400000000000002
0.136
0.13
0.12400000000000001
0.11800000000000001
0.11200000000000002
0.10600000000000001
0.1
0.094
0.08800000000000001
0.084
0.082
0.08
0.07800000000000001
0.07600000000000001
0.07400000000000001
0.076
0.08
0.084
0.08800000000000001
0.09
0.092
0.094
0.096
0.098
0.1
0.1
0.1
0.1
0.098
0.096
0.094
0.092
0.09
0.08800000000000001
0.08600000000000001
0.08399999999999999
0.08199999999999999
0.082
0.082
0.08199999999999999
0.082
0.082
0.082
0.082
0.082
0.082
0.082
0.082
0.082
0.084
0.08600000000000001
0.08800000000000001
0.09
0.092
0.094
0.096
0.098
0.1
0.10200000000000001
0.10400000000000001
0.10600000000000001
0.11000000000000001
0.114
0.116
0.11800000000000001
0.12
0.122
0.124
0.126
0.128
0.13
0.132
0.134
0.136
0.138
0.14
0.14400000000000002
0.14800000000000002
0.15200000000000002
0.15200000000000002
0.15200000000000002
0.15200000000000002
0.15200000000000002
0.15200000000000002
0.15200000000000002
0.15200000000000002
0.15200000000000002
0.15200000000000002
0.15000000000000002
0.14800000000000002
0.14600000000000002
0.14400000000000002
0.14200000000000002
0.14
0.138
0.138
0.138
0.138
0.138
0.138
0.138
0.138
0.138
0.138
0.138
0.138
0.138
0.14
0.14200000000000002
0.14400000000000002
0.14400000000000002
0.14400000000000002
0.14400000000000002
0.14200000000000002
0.14
0.138
0.134
0.13
0.126
0.124
0.12200000000000001
0.12000000000000001
0.11800000000000001
0.116
0.114
0.114
0.114
0.114
0.114
0.114
0.114
0.114
0.114
0.114
0.116
0.114
0.112
0.11
0.108
0.106
0.104
0.102
0.09999999999999999
0.09799999999999999
0.09599999999999999
0.094
0.092
0.09
0.088
0.086
0.08399999999999999
0.082
0.08
0.078
0.076
0.074
0.072
0.07
0.068
0.066
0.064
0.06
0.055999999999999994
0.052000000000000005
0.048
0.046
0.044
0.04200000000000001
0.04000000000000001
0.038000000000000006
0.036000000000000004
0.034
0.032
0.030000000000000002
0.028
0.026000000000000002
0.022
0.018000000000000002
0.014
0.014
0.014
0.014
0.014
0.014
0.014
0.014
0.014
0.014
0.014
0.014
0.014
0.014
0.014
0.014
0.014
0.014
0.014
0.014
0.014
0.014
0.014
0.014
0.014
0.014
0.014
0.014
0.014
0.012
0.01
0.008
0.006
0.004
0.002
0.002
0.002
0.002
0.002
0.002
0.002
0.002
0.002
0.002
0.002
0.002
0.004
0.006
0.008
0.01
0.012
0.016
0.019999999999999997
0.024
0.028000000000000004
0.032
0.034
0.038
0.041999999999999996
0.041999999999999996
0.041999999999999996
0.041999999999999996
0.041999999999999996
0.041999999999999996
0.041999999999999996
0.041999999999999996
0.041999999999999996
0.041999999999999996
0.041999999999999996
0.041999999999999996
0.041999999999999996
0.041999999999999996
0.041999999999999996
0.041999999999999996
0.041999999999999996
0.041999999999999996
0.041999999999999996
0.041999999999999996
0.041999999999999996
0.041999999999999996
0.041999999999999996
0.041999999999999996
0.041999999999999996
0.041999999999999996
0.041999999999999996
0.041999999999999996
0.041999999999999996
0.041999999999999996
0.041999999999999996
0.041999999999999996
0.041999999999999996
0.041999999999999996
0.041999999999999996
0.044
0.046
0.047999999999999994
0.049999999999999996
0.052
0.05399999999999999
0.055999999999999994
0.057999999999999996
0.06
0.062
0.066
0.07
0.074
0.07799999999999999
0.08199999999999999
0.086
0.09
0.094
0.098
0.102
0.102
0.102
0.102
0.102
0.102
0.102
0.102
0.102
0.102
0.102
0.104
0.106
0.108
0.11
0.11199999999999999
0.11399999999999999
0.11599999999999999
0.118
0.12
0.122
0.122
0.122
0.122
0.122
0.122
0.122
0.122
0.122
0.122
0.122
0.122
0.122
0.122
0.12
0.118
0.11599999999999999
0.114
0.112
0.10800000000000001
0.10400000000000001
0.1
0.096
0.092
0.088
0.084
0.08
0.08
0.08
0.08
0.08
0.08
0.08
0.08
0.08
0.08
0.08
0.08
0.08
0.08
0.08
0.08
0.08
0.08
0.08
0.08
0.08
0.08
0.08
0.08
0.08
0.08
0.08
0.08
0.08
0.08
0.08
0.08
0.08
0.08
0.08
0.078
0.07600000000000001
0.07400000000000001
0.07200000000000001
0.07200000000000001
0.07200000000000001
0.07200000000000001
0.07200000000000001
0.072
0.072
0.06999999999999999
0.068
0.064
0.06
0.056
0.052000000000000005
0.048
0.044
0.04
0.036000000000000004
0.036000000000000004
0.036000000000000004
0.036000000000000004
0.036000000000000004
0.036000000000000004
0.036000000000000004
0.036000000000000004
0.036000000000000004
0.036000000000000004
0.036000000000000004
0.034
0.032
0.030000000000000002
0.028
0.026000000000000002
0.024
0.022
0.02
0.018000000000000002
0.016
0.016
0.016
0.016
0.016
0.016
0.016
0.016
0.016
0.016
0.016
0.016
0.016
0.016
0.016
0.016
0.016
0.016
0.016
0.016
0.016
0.016
0.016
0.016
0.016
0.016
0.016
0.016
0.016
0.016
0.018000000000000002
0.02
0.022
0.024
0.026000000000000002
0.028
0.030000000000000002
0.032
0.034
0.036000000000000004
0.038
0.038
0.038
0.038
0.038
0.038
0.038
0.038
0.038
0.038
0.038
0.038
0.038
0.038
0.038
0.038
0.038
0.038
0.038
0.038
0.038
0.038
0.038
0.038
0.038
0.036000000000000004
0.034
0.032
0.03
0.027999999999999997
0.026
0.024
0.022
0.022
0.022
0.022
0.022
0.022
0.022
0.022
0.022
0.022
0.022
0.022
0.024
0.024
0.024
0.024
0.024
0.024
0.024
0.024
0.024
0.024
0.024
0.026000000000000002
0.028
0.03
0.032
0.034
0.036000000000000004
0.038000000000000006
0.04
0.041999999999999996
0.044
0.046
0.048
0.05
0.052000000000000005
0.052000000000000005
0.052000000000000005
0.052000000000000005
0.052000000000000005
0.052000000000000005
0.052000000000000005
0.052000000000000005
0.052000000000000005
0.052000000000000005
0.052000000000000005
0.052000000000000005
0.052000000000000005
0.052000000000000005
0.052000000000000005
0.052000000000000005
0.052000000000000005
0.052000000000000005
0.052000000000000005
0.052000000000000005
0.052000000000000005
0.052000000000000005
0.05
0.048
0.046000000000000006
0.044000000000000004
0.042
0.04000000000000001
0.038000000000000006
0.036000000000000004
0.034
0.032
0.030000000000000006
0.030000000000000006
0.030000000000000006
0.030000000000000006
0.032
0.034
0.038
0.038
0.038
0.038
0.038
0.04
0.041999999999999996
0.044
0.046
0.048
0.05
0.052000000000000005
0.054
0.055999999999999994
0.057999999999999996
0.057999999999999996
0.057999999999999996
0.057999999999999996
0.057999999999999996
0.057999999999999996
0.057999999999999996
0.057999999999999996
0.057999999999999996
0.057999999999999996
0.057999999999999996
0.057999999999999996
0.057999999999999996
0.057999999999999996
0.057999999999999996
0.057999999999999996
0.057999999999999996
0.057999999999999996
0.057999999999999996
0.057999999999999996
0.057999999999999996
0.057999999999999996
0.057999999999999996
0.057999999999999996
0.056
0.056
0.056
0.056
0.056
0.056
0.058
0.06
0.062
0.062
0.062
0.060000000000000005
0.058
0.056
0.054
0.052
0.049999999999999996
0.048
0.046000000000000006
0.044000000000000004
0.042
0.04
0.038
0.036000000000000004
0.034
0.034
0.034
0.034
0.034
0.034
0.034
0.034
0.034
0.034
0.034
0.034
0.034
0.034
0.034
0.034
0.034
0.034
0.034
0.034
0.034
0.034
0.034
0.034
0.034
0.034
0.034
0.034
0.034
0.034
0.034
0.034
0.034
0.034
0.034
0.034
0.032
0.03
0.026000000000000002
0.026000000000000002
0.026000000000000002
0.026000000000000002
0.026000000000000002
0.024
0.022
0.020000000000000004
0.018000000000000002
0.016
0.014
0.012
0.01
0.008
0.006
0.006
0.006
0.006
0.006
0.006
0.006
0.006
0.006
0.006
0.006
0.006
0.006
0.006
0.006
0.006
0.006
0.006
0.006
0.006
0.006
0.006
0.006
0.006
0.006
0.006
0.006
0.006
0.006
0.006
0.004
0.002
0.0
0.0
0.0
0.0
0.0
0.0
0.0
0.0
0.0
0.0
0.0
0.0
0.0
0.0
0.0
0.0
0.0
0.0
0.0
0.0
0.0
0.0
0.0
0.0
0.0
0.0
0.0
0.0
0.0
0.0
0.0
0.0
0.0
0.0
0.0
0.0
0.0
0.0
0.0
0.0
0.0
0.0
0.0
0.0
0.0
0.0
0.0
0.0
0.0
0.0
0.0
0.0
0.0
0.0
0.0
0.0
0.0
0.0
0.0
0.0
0.0
0.0
0.0
0.0
0.0
0.0
0.0
0.0
0.0
0.0
0.0
0.0
0.0
0.0
0.0
0.0
0.0
0.0
0.0
0.0
0.0
0.0
0.0
0.0
0.0
0.0
0.0
0.0
0.0
0.0
0.0
0.0
0.0
0.0
0.0
0.0
0.0
0.0
0.0
0.0
0.0
0.0
0.0
0.0
0.0
0.0
0.0
0.0
0.0
0.0
0.0
0.0
0.0
0.0
0.0
0.0
0.0
0.0
0.0
0.0
0.0
0.0
0.0
0.0
0.002
0.004
0.006
0.008
0.01
0.012
0.014000000000000002
0.016
0.018
0.02
0.022
0.024
0.026000000000000002
0.026000000000000002
0.026000000000000002
0.026000000000000002
0.026000000000000002
0.026000000000000002
0.026000000000000002
0.026000000000000002
0.026000000000000002
0.026000000000000002
0.026000000000000002
0.026000000000000002
0.026000000000000002
0.026000000000000002
0.026000000000000002
0.026000000000000002
0.026000000000000002
0.026000000000000002
0.026000000000000002
0.026000000000000002
0.026000000000000002
0.026000000000000002
0.026000000000000002
0.026000000000000002
0.026000000000000002
0.026000000000000002
0.026000000000000002
0.026000000000000002
0.026000000000000002
0.026000000000000002
0.026000000000000002
0.026000000000000002
0.026000000000000002
0.026000000000000002
0.026000000000000002
0.026000000000000002
0.026000000000000002
0.026000000000000002
0.026000000000000002
0.026000000000000002
0.026000000000000002
0.026000000000000002
0.026000000000000002
0.026000000000000002
0.026000000000000002
0.026000000000000002
0.026000000000000002
0.026000000000000002
0.026000000000000002
0.026000000000000002
0.026000000000000002
0.026000000000000002
0.026000000000000002
0.026000000000000002
0.026000000000000002
0.026000000000000002
