1000, 5, 5, resulted: 12461.8 
2500, 5, 5, resulted: 73493.00000000001 
1000, 10, 10, resulted: 12676.6 
2500, 10, 10, resulted: 194438.3 
1000, 10, 10, resulted: 12333.6 
2500, 10, 10, resulted: 170575.39999999997 
1000, 10, 10, resulted: 12333.6 
2500, 10, 10, resulted: 170575.39999999997 
2500, 5, 10, resulted: 79527.20000000001 
3500, 5, 10, resulted: 621584.6 
1000, 5, 5, resulted: 12469.8 
2500, 5, 5, resulted: 73919.0 
1000, 10, 10, resulted: 12750.300000000001 
2500, 10, 10, resulted: 143986.7 
1000, 10, 20, resulted: 12338.599999999999 
2500, 10, 20, resulted: 123992.89999999998 
1000, 15, 20, resulted: 12364.666666666668 
1000, 10, 20, resulted: 12338.599999999999 
2500, 10, 20, resulted: 123992.89999999998 
2500, 10, 20, resulted: 123992.89999999998 
2500, 5, 5, resulted: 73919.0 
1000, 10, 10, resulted: 12750.300000000001 
2500, 10, 10, resulted: 143986.7 
2500, 10, 20, resulted: 123992.89999999998 
1000, 10, 20, resulted: 12338.599999999999 
1000, 10, 20, resulted: 12338.599999999999 
