0.11900000000000002
0.126
0.133
0.14100000000000001
0.15100000000000002
0.16200000000000003
0.17500000000000004
0.188
0.203
0.215
0.227
0.23800000000000002
0.24800000000000003
0.257
0.267
0.276
0.28600000000000003
0.29600000000000004
0.30600000000000005
0.31700000000000006
0.328
0.34
0.35300000000000004
0.36700000000000005
0.382
0.394
0.405
0.41700000000000004
0.42900000000000005
0.44000000000000006
0.451
0.463
0.47700000000000004
0.492
0.508
0.525
0.544
0.5630000000000001
0.583
0.601
0.621
0.6400000000000001
0.6599999999999999
0.675
0.6950000000000001
0.712
0.7310000000000001
0.7490000000000001
0.768
0.7869999999999999
0.8069999999999999
0.8280000000000001
0.8520000000000001
0.8740000000000001
0.8959999999999999
0.9179999999999999
0.9410000000000001
0.961
0.9819999999999999
1.007
1.0350000000000001
1.056
1.0770000000000002
1.096
1.116
1.137
1.1589999999999998
1.1800000000000002
1.203
1.227
1.249
1.27
1.293
1.3179999999999998
1.3449999999999998
1.369
1.395
1.42
1.4460000000000002
1.4669999999999999
1.49
1.5159999999999998
1.542
1.567
1.593
1.615
1.6400000000000001
1.6660000000000001
1.695
1.724
1.753
1.777
1.8039999999999998
1.828
1.8530000000000002
1.8789999999999998
1.9059999999999997
1.9319999999999997
1.959
1.987
2.0160000000000005
2.0469999999999997
2.08
2.109
2.136
2.158
2.18
2.205
2.229
2.26
2.292
2.3249999999999997
2.36
2.3970000000000002
2.433
2.472
2.513
2.5510000000000006
2.591
2.629
2.6690000000000005
2.708
2.7439999999999998
2.7840000000000003
2.8260000000000005
2.8669999999999995
2.9079999999999995
2.9459999999999997
2.984
3.026
3.0709999999999997
3.111
3.1479999999999997
3.1810000000000005
3.2119999999999997
3.244
3.2739999999999996
3.299
3.326
3.349
3.3680000000000003
3.3859999999999997
3.4020000000000006
3.4279999999999995
3.45
3.471
3.488
3.5009999999999994
3.513
3.527
3.5429999999999997
3.5609999999999995
3.5790000000000006
3.598
3.6199999999999997
3.646
3.673
3.7070000000000003
3.7459999999999996
3.779
3.808
3.844
3.878
3.9099999999999997
3.9410000000000003
3.973
4.01
4.05
4.0920000000000005
4.135
4.183
4.236
4.289000000000001
4.344
4.399
4.456
4.508
4.5600000000000005
4.614
4.675000000000001
4.739999999999999
4.805999999999999
4.869000000000001
4.930000000000001
4.992999999999999
5.0649999999999995
5.1370000000000005
5.207
5.273999999999999
5.334
5.390000000000001
5.446
5.4990000000000006
5.553000000000001
5.602
5.652
5.703
5.750000000000001
5.790000000000001
5.828
5.872999999999999
5.917
5.96
6.006
6.054
6.106
6.161000000000001
6.212999999999999
6.264
6.312
6.368
6.418
6.466
6.505000000000001
6.542
6.571000000000001
6.595
6.625
6.656
6.687999999999999
6.719
6.746
6.7780000000000005
6.804
6.8309999999999995
6.859999999999999
6.888999999999999
6.917
6.948
6.9769999999999985
7.005
7.0440000000000005
7.091999999999999
7.141000000000001
7.1930000000000005
7.241
7.29
7.337999999999999
7.381
7.426
7.473
7.526
7.583000000000001
7.636
7.691000000000001
7.751999999999999
7.819
7.892999999999999
7.969
8.047999999999998
8.135
8.216
8.290000000000001
8.353
8.408999999999999
8.457
8.504
8.539000000000001
8.565
8.587
8.611
8.638
8.67
8.709
8.755999999999998
8.802000000000001
8.846
8.884
8.919
8.953
8.988000000000001
9.018999999999998
9.047
9.068999999999999
9.091
9.113999999999999
9.139999999999999
9.169999999999998
9.2
9.228
9.248000000000001
9.267999999999999
9.298
9.335999999999999
9.375
9.408
9.441
9.472
9.500000000000002
9.53
9.564
9.602
9.651
9.699
9.751
9.801
9.851
9.901999999999997
9.955
10.001000000000001
10.037999999999998
10.072
10.11
10.146
10.183
10.217000000000002
10.248
10.285000000000002
10.328000000000003
10.374
10.418000000000003
10.471
10.531
10.594000000000001
10.658
10.719999999999999
10.777000000000001
10.824
10.866
10.901999999999997
10.938
10.973
11.006
11.039999999999997
11.071000000000002
11.108
11.153000000000002
11.193999999999999
11.229999999999999
11.257000000000001
11.277
11.287
11.29
11.3
11.315999999999997
11.329999999999998
11.341000000000001
11.358000000000002
11.377999999999998
11.408000000000003
11.446
11.481
11.511
11.535
11.556000000000001
11.573
11.588000000000001
11.606999999999998
11.627999999999998
11.643999999999998
11.65
11.655999999999999
11.662
11.681999999999999
11.709000000000001
11.740999999999998
11.774999999999999
11.806
11.836000000000002
11.866
11.886000000000001
11.909000000000002
11.934
11.959
11.978000000000002
11.995000000000001
12.011000000000001
12.033000000000001
12.059999999999997
12.082
12.099
12.108999999999998
12.123999999999999
12.136000000000001
12.149
12.166
12.187999999999999
12.212000000000003
12.242
12.279
12.325
12.376999999999999
12.427000000000001
12.47
12.508000000000001
12.544
12.576
12.601999999999999
12.623000000000003
12.644
12.669
12.698000000000002
12.722
12.747999999999998
12.774
12.802
12.828999999999997
12.856000000000002
12.894
12.932999999999998
12.976
13.009999999999998
13.027999999999999
13.041
13.052000000000001
13.071000000000002
13.094000000000001
13.106999999999998
13.117999999999999
13.13
13.143
13.157000000000002
13.172000000000002
13.194000000000003
13.219999999999999
13.251
13.296
13.349
13.409999999999998
13.481000000000002
13.558
13.629
13.696000000000002
13.768
13.85
13.918
13.972999999999999
14.014999999999999
14.05
14.083
14.114
14.15
14.189
14.225000000000003
14.263
14.305
14.353000000000002
14.411
14.476999999999999
14.530999999999997
14.580999999999998
14.620999999999999
14.663
14.703999999999999
14.741999999999999
14.774
14.806000000000001
14.831999999999999
14.856
14.878
14.904000000000002
14.925
14.956000000000001
14.984
15.007000000000001
15.028999999999998
15.048000000000002
15.080000000000002
15.119000000000002
15.169
15.233
15.293999999999999
15.359000000000002
15.422999999999998
15.488000000000001
15.549
15.609
15.664
15.713000000000001
15.77
15.832
15.913999999999998
16.0
16.096999999999998
16.197
16.299
16.41
16.507
16.588
16.647
16.695999999999998
16.724
16.741
16.758
16.776000000000003
16.804999999999996
16.839
16.887
16.944000000000003
17.013
17.088
17.157999999999998
17.223
17.285
17.348000000000003
17.411
17.479
17.552
17.616
17.686999999999998
17.756999999999998
17.841000000000005
17.938
18.044
18.153000000000002
18.253000000000004
18.349999999999998
18.444999999999997
18.539
18.628000000000004
18.715
18.790000000000003
18.855
18.909000000000002
18.956
19.004
19.047000000000004
19.096
19.148
19.192999999999998
19.229
19.270999999999997
19.308000000000003
19.336000000000006
19.350000000000005
19.369
19.393
19.436
19.489
19.552
19.632
19.721
19.814
19.9
19.974
20.038999999999998
20.098
20.143000000000004
20.187
20.235999999999997
20.279000000000003
20.333999999999996
20.391999999999996
20.456000000000003
20.528
20.614
20.707
20.801000000000002
20.901
20.996000000000002
21.081999999999997
21.183
21.273
21.357
21.436
21.514
21.595
21.674000000000003
21.747999999999998
21.825
21.900000000000002
21.982000000000003
22.065999999999992
22.147
22.229000000000003
22.315999999999995
22.412
22.499999999999996
22.586999999999996
22.677
22.764
22.842000000000002
22.911
22.976
23.033
23.082
23.12
23.160999999999998
23.21
23.262
23.314999999999998
23.365
23.419
23.475
23.537000000000003
23.596
23.66
23.716
23.775
23.827999999999996
23.878
23.925999999999995
23.976000000000003
24.029
24.084000000000003
24.133
24.173000000000002
24.21
24.249000000000002
24.291
24.342
24.398
24.466
24.533
24.602
24.684
24.764999999999997
24.855000000000004
24.955999999999996
25.057
25.141
25.228999999999996
25.321
25.429
25.548999999999996
25.669999999999998
25.789
25.898
25.997999999999998
26.096
26.198999999999998
26.306
26.429000000000006
26.549
26.665
26.784
26.900000000000002
27.028
27.168
27.317
27.46
27.595
27.718000000000004
27.845
27.975000000000005
28.112
28.250999999999998
28.384
28.503
28.620999999999995
28.734
28.853
28.968
29.093999999999998
29.223000000000006
29.343
29.447
29.546000000000003
29.626000000000005
29.720999999999993
29.822000000000003
29.910999999999998
30.0
30.098000000000003
30.202999999999996
30.319000000000003
30.442000000000004
30.570999999999998
30.712
30.851
30.990000000000002
31.118999999999996
31.237000000000002
31.353999999999996
31.475999999999996
31.587
31.686000000000003
31.790000000000003
31.897
31.99600000000001
32.101
32.205000000000005
32.322
32.431999999999995
32.544000000000004
32.641999999999996
32.737
32.846000000000004
32.952
33.067
33.188
33.330999999999996
33.489
33.660000000000004
33.837
34.021
34.203
34.39
34.572
34.757
34.928999999999995
35.104
35.29
35.480000000000004
35.669
35.854
36.034000000000006
36.214
36.400999999999996
36.581
36.753
36.906
37.035000000000004
37.149
37.249
37.339
37.43500000000001
37.52700000000001
37.607000000000006
37.68000000000001
37.759
37.836
37.911
37.982
38.053000000000004
38.117
38.17900000000001
38.236000000000004
38.290000000000006
38.352000000000004
38.418
38.491
38.567
38.656000000000006
38.757000000000005
38.864000000000004
38.976
39.08299999999999
39.184000000000005
39.27499999999999
39.368
39.46
39.554
39.654
39.75599999999999
39.864999999999995
39.98100000000001
40.10600000000001
40.243
40.39
40.54600000000001
40.693
40.846000000000004
40.982
41.10399999999999
41.234
41.369
41.504
41.655
41.8
41.943000000000005
42.093
42.253
42.403
42.544
42.663
42.759
42.833999999999996
42.904999999999994
42.963
43.010000000000005
43.050000000000004
43.085
43.115
43.139
43.181000000000004
43.227999999999994
43.28399999999999
43.33800000000001
43.39999999999999
43.461
43.52600000000001
43.598
43.68300000000001
43.788000000000004
43.93
44.08599999999999
44.242
44.399
44.567
44.739
44.898
45.038
45.156
45.260999999999996
45.356
45.442
45.51200000000001
45.57099999999999
45.62199999999999
45.68
45.735
45.776
45.81699999999999
45.855
45.896
45.948
46.004
46.06400000000001
46.131
46.196999999999996
46.273
46.35
46.44399999999999
46.55200000000001
46.661
46.757999999999996
46.859
46.961999999999996
47.071
47.18000000000001
47.29399999999999
47.411
47.53
47.642999999999994
47.751999999999995
47.85199999999999
47.955999999999996
48.068
48.16300000000001
48.24199999999999
48.312
48.37599999999999
48.431
48.495
48.56
48.644
48.731
48.827
48.934000000000005
49.039
49.145
49.262
49.38099999999999
49.499
49.616
49.73199999999999
49.857
49.983000000000004
50.107000000000006
50.23500000000001
50.37499999999999
50.514
50.652
50.796
50.93
51.053000000000004
51.171
51.273
51.37499999999999
51.475
51.571
51.66299999999999
51.755
51.855
51.974000000000004
52.117999999999995
52.281
52.444
52.603
52.76400000000001
52.916000000000004
53.065000000000005
53.209
53.351
53.498
53.644000000000005
53.77700000000001
53.897999999999996
54.00900000000001
54.113000000000014
54.193000000000005
54.25099999999999
54.29800000000001
54.335
54.348
54.345000000000006
54.337
54.335
54.33899999999999
54.356
54.379999999999995
54.41000000000001
54.44799999999999
54.479
54.51299999999999
54.554
54.617
54.69999999999999
54.795000000000016
54.901999999999994
55.013999999999996
55.13099999999999
55.251999999999995
55.379
55.51
55.641999999999996
55.773
55.89700000000001
56.002
56.105
56.208
56.313
56.42099999999999
56.519999999999996
56.622
56.727000000000004
56.83200000000001
56.94599999999999
57.047
57.15
57.253
57.353999999999985
57.453
57.548
57.656
57.782999999999994
57.906
58.01900000000001
58.144
58.27899999999999
58.41600000000001
58.55499999999999
58.695
58.822
58.94700000000001
59.050999999999995
59.14600000000001
59.232
59.309999999999995
59.387
59.467000000000006
59.550000000000004
59.624
59.694
59.763000000000005
59.83
59.88700000000001
59.932000000000016
59.974
60.019999999999996
60.06700000000001
60.123000000000005
60.18600000000001
60.257000000000005
60.33699999999999
60.433
60.543
60.67000000000001
60.797
60.925
61.046
61.155
61.266999999999996
61.381
61.487999999999985
61.583999999999996
61.661
61.726
61.79899999999999
61.882000000000005
61.974999999999994
62.067
62.16
62.23900000000001
62.308
62.37000000000001
62.443999999999996
62.533
62.63
62.741
62.864
62.98899999999999
63.125
63.263
63.406000000000006
63.55499999999999
63.703
63.845
63.964
64.05700000000002
64.148
64.24000000000001
64.33500000000001
64.45100000000001
64.55199999999999
64.641
64.721
64.792
64.854
64.905
64.959
65.013
65.05999999999999
65.103
65.147
65.196
65.261
65.336
65.421
65.505
65.592
65.695
65.791
65.89300000000001
65.997
66.109
66.231
66.346
66.479
66.62100000000001
66.78099999999999
66.94999999999999
67.11299999999999
67.279
67.43299999999999
67.566
67.705
67.842
67.976
68.118
68.25899999999999
68.402
68.541
68.671
68.789
68.91
69.029
69.14
69.247
69.35799999999999
69.469
69.574
69.68399999999998
69.80600000000001
69.94
70.086
70.238
70.394
70.54900000000002
70.69600000000001
70.834
70.964
71.096
71.21399999999998
71.328
71.443
71.552
71.661
71.77000000000001
71.888
72.017
72.15200000000002
72.29799999999999
72.43800000000002
72.58800000000001
72.744
72.91399999999999
73.08999999999999
73.27
73.45299999999999
73.64899999999999
73.864
74.104
74.376
74.637
74.897
75.149
75.39599999999999
75.64200000000001
75.879
76.122
76.36800000000001
76.61300000000001
76.849
77.066
77.263
77.45700000000001
77.65
77.847
78.034
78.22500000000001
78.415
78.60600000000001
78.78899999999999
78.98499999999999
79.19
79.407
79.642
79.879
80.10900000000001
80.33
80.55399999999999
80.77199999999999
80.983
81.19
81.38699999999999
81.55900000000001
81.71700000000001
81.872
82.02499999999998
82.18100000000003
82.331
82.462
82.57300000000002
82.66300000000001
82.74000000000001
82.80399999999999
82.85700000000001
82.91199999999999
82.963
82.99499999999999
83.02
83.05299999999998
83.081
83.14699999999999
83.23700000000001
83.328
83.427
83.53
83.631
83.736
83.84
83.962
84.10900000000001
84.274
84.459
84.644
84.834
85.02799999999999
85.22299999999998
85.401
85.56800000000003
85.725
85.879
86.01400000000001
86.13300000000001
86.24000000000001
86.344
86.44
86.53500000000001
86.616
86.69099999999999
86.764
86.84599999999999
86.93499999999997
87.017
87.10199999999999
87.18299999999998
87.27500000000002
87.382
87.48700000000001
87.601
87.71599999999998
87.852
87.976
88.09400000000001
88.22099999999999
88.361
88.501
88.636
88.76899999999999
88.895
89.02099999999999
89.13599999999998
89.25199999999998
89.36800000000001
89.489
89.61399999999999
89.71399999999998
89.79600000000002
89.867
89.935
89.98199999999999
90.009
90.043
90.088
90.134
90.18
90.216
90.245
90.26199999999999
90.27199999999999
90.28199999999998
90.29100000000003
90.308
90.34400000000001
90.37599999999999
90.394
90.41900000000001
90.45400000000001
90.50399999999999
90.55999999999999
90.623
90.698
90.773
90.85000000000001
90.93800000000002
91.033
91.13499999999999
91.25500000000001
91.38300000000001
91.512
91.65299999999999
91.80199999999999
91.96600000000001
92.13000000000001
92.294
92.46999999999998
92.643
92.82499999999999
93.015
93.213
93.42399999999999
93.64899999999999
93.85799999999999
94.083
94.30800000000002
94.53500000000001
94.777
95.02599999999998
95.278
95.52799999999999
95.76499999999999
95.98799999999999
96.194
96.37899999999999
96.569
96.75999999999998
96.94999999999999
97.13
97.30999999999999
97.481
97.64900000000002
97.801
97.93999999999998
98.072
98.201
98.336
98.47600000000001
98.619
98.774
98.933
99.10100000000001
99.26899999999999
99.41300000000001
99.54299999999999
99.674
99.80300000000001
99.92499999999998
100.02799999999998
100.14200000000001
100.261
100.37499999999999
100.47499999999998
100.59599999999999
100.73
100.867
101.00000000000001
101.12700000000001
101.247
101.35400000000001
101.44599999999998
101.503
101.548
101.592
101.631
101.662
101.68400000000001
101.72800000000001
101.78800000000001
101.86099999999999
101.94699999999999
102.047
102.171
102.31
102.466
102.625
102.801
103.01
103.257
103.529
103.821
104.11799999999998
104.429
104.726
105.009
105.27799999999999
105.53499999999998
105.77600000000001
105.999
106.19399999999999
106.366
106.53300000000002
106.69199999999998
106.85000000000001
107.005
107.151
107.28999999999999
107.41999999999999
107.538
107.62700000000001
107.70899999999999
107.78999999999999
107.87899999999998
107.971
108.06499999999998
108.173
108.27499999999999
108.36999999999999
108.449
108.52300000000001
108.58600000000001
108.638
108.685
108.72399999999999
108.741
108.76500000000001
108.78799999999998
108.80699999999999
108.822
108.84100000000001
108.86
108.86999999999999
108.876
108.88199999999999
108.88300000000001
108.87400000000001
108.867
108.84599999999999
108.82
108.805
108.80700000000002
108.82000000000002
108.83900000000001
108.87699999999998
108.92200000000001
108.97099999999998
109.015
109.05200000000002
109.098
109.147
109.207
109.26099999999998
109.32099999999998
109.4
109.50000000000001
109.59400000000001
109.687
109.776
109.86500000000001
109.943
110.01
110.06700000000002
110.11500000000001
110.142
110.15099999999998
110.15400000000001
110.151
110.15599999999999
110.16799999999999
110.189
110.21699999999998
110.26500000000001
110.31800000000001
110.37400000000002
110.45100000000001
110.526
110.598
110.672
110.75399999999999
110.83699999999999
110.91100000000002
111.005
111.10800000000002
111.20700000000001
111.299
111.39200000000001
111.47900000000001
111.553
111.625
111.67799999999998
111.71499999999999
111.75
111.776
111.81
111.83499999999998
111.867
111.914
111.96000000000001
112.01599999999998
112.07399999999998
112.127
112.169
112.21100000000001
112.24900000000001
112.287
112.33200000000002
112.38199999999999
112.44500000000001
112.50600000000003
112.58700000000003
112.678
112.78
112.886
112.997
113.11499999999997
113.22100000000002
113.33
113.44
113.559
113.67800000000001
113.80600000000003
113.926
114.044
114.162
114.27799999999999
114.37999999999998
114.48
114.56900000000002
114.63399999999999
114.689
114.72699999999999
114.76999999999998
114.80000000000001
114.82799999999999
114.86199999999998
114.89799999999998
114.93199999999999
114.97499999999998
115.03000000000002
115.07800000000002
115.128
115.17
115.20100000000001
115.23199999999999
115.272
115.322
115.373
115.42900000000002
115.473
115.50999999999999
115.52699999999999
115.54
115.55300000000001
115.56800000000001
115.57499999999999
115.58
115.587
115.59500000000001
115.602
115.62300000000003
115.66499999999999
115.71399999999998
115.77499999999999
115.846
115.93100000000001
116.004
116.07
116.13100000000001
116.184
116.227
116.27100000000002
116.31
116.34400000000001
116.37499999999999
116.38200000000002
116.393
116.414
116.427
116.41899999999998
116.40499999999999
116.38499999999998
116.34800000000001
116.30099999999999
116.25000000000001
116.19000000000001
116.12799999999999
116.061
116.001
115.941
115.893
115.85399999999997
115.81800000000001
115.77499999999999
115.73100000000001
115.69099999999999
115.65899999999999
115.62300000000002
115.596
115.58000000000001
115.57300000000001
115.587
115.61500000000001
115.64699999999999
115.671
115.68299999999998
115.67300000000003
115.63299999999998
115.57800000000002
115.511
115.43599999999999
115.355
115.27399999999999
115.19600000000001
115.11799999999998
115.04700000000001
114.986
114.93599999999999
114.899
114.868
114.843
114.81600000000002
114.795
114.78
114.77100000000002
114.766
114.78599999999997
114.81400000000002
114.85600000000001
114.91
114.96900000000001
115.047
115.12200000000001
115.202
115.27800000000002
115.34599999999999
115.39999999999998
115.43899999999998
115.47399999999999
115.5
115.53199999999998
115.562
115.60000000000001
115.653
115.71000000000001
115.75699999999999
115.808
115.859
115.92200000000001
115.98799999999999
116.056
116.135
116.21300000000001
116.27899999999998
116.33099999999997
116.38799999999999
116.44099999999999
116.49600000000001
116.543
116.588
116.608
116.594
116.57799999999999
116.545
116.49499999999999
116.43299999999999
116.37100000000001
116.31400000000001
116.25900000000001
116.21300000000001
116.178
116.15000000000002
116.13700000000001
116.154
116.17700000000002
116.21900000000001
116.27499999999999
116.33800000000001
116.41
116.512
116.622
116.74300000000001
116.86299999999997
116.99400000000001
117.133
117.281
117.43899999999998
117.60600000000002
117.75499999999998
117.88
117.993
118.10200000000002
118.19599999999998
118.28099999999999
118.34899999999999
118.40899999999999
118.455
118.50200000000001
118.538
118.56099999999999
118.58800000000001
118.608
118.629
118.64600000000003
118.67899999999997
118.724
118.788
118.878
118.97799999999998
119.09200000000001
119.217
119.351
119.483
119.614
119.73499999999999
119.847
119.939
120.012
120.07400000000001
120.128
120.17500000000001
120.21499999999999
120.24500000000002
120.25999999999999
120.259
120.261
120.24200000000002
120.20500000000001
120.15100000000001
120.09999999999997
120.04599999999999
119.99
119.94200000000001
119.904
119.885
119.87299999999999
119.87599999999999
119.883
119.90199999999999
119.92399999999998
119.945
119.97
119.99100000000001
120.01799999999999
120.044
120.074
120.101
120.13700000000001
120.17600000000003
120.223
120.26400000000002
120.30999999999999
120.355
120.411
120.473
120.52400000000002
120.584
120.64099999999999
120.71099999999998
120.785
120.87099999999998
120.97399999999999
121.07700000000001
121.18799999999999
121.306
121.422
121.53599999999999
121.64800000000001
121.771
121.89799999999998
122.022
122.14099999999999
122.25999999999998
122.36499999999998
122.477
122.587
122.69799999999998
122.81
122.898
122.94500000000002
122.96699999999997
122.96600000000001
122.95200000000001
122.915
122.87500000000001
122.832
122.77799999999999
122.723
122.67
122.622
122.57499999999999
122.542
122.509
122.48799999999999
122.471
122.45499999999998
122.43400000000001
122.406
122.385
122.37
122.362
122.35000000000001
122.326
122.31200000000001
122.29599999999999
122.285
122.27199999999999
122.25800000000001
122.244
122.236
122.22599999999998
122.21799999999998
122.224
122.23499999999999
122.256
122.287
122.31
122.33299999999998
122.35400000000001
122.37
122.38400000000001
122.402
122.42099999999998
122.448
122.47400000000002
122.48799999999999
122.48899999999999
122.48500000000001
122.48799999999999
122.49000000000001
122.48399999999998
122.46000000000001
122.43
122.39099999999999
122.33899999999998
122.27699999999999
122.205
122.13399999999999
122.06200000000001
121.994
121.934
121.867
121.80400000000003
121.732
121.65299999999999
121.56299999999999
121.472
121.381
121.28200000000001
121.17499999999998
121.081
120.97500000000001
120.87800000000003
120.78099999999999
120.69500000000001
120.623
120.549
120.48800000000001
120.41999999999999
120.34799999999998
120.282
120.22200000000001
120.172
120.122
120.078
120.035
119.99599999999998
119.955
119.88699999999997
119.80200000000002
119.70900000000002
119.62599999999999
119.52199999999999
119.39600000000002
119.26500000000001
119.12999999999998
118.98299999999999
118.833
118.71
118.614
118.544
118.498
118.459
118.43499999999999
118.41399999999999
118.388
118.366
118.331
118.304
118.27999999999997
118.25399999999999
118.21099999999998
118.177
118.13700000000001
118.10899999999998
118.085
118.072
118.05700000000002
118.03600000000002
118.011
117.978
117.95300000000002
117.94
117.928
117.929
117.938
117.953
117.968
117.98400000000001
117.99000000000001
117.99099999999999
117.97700000000002
117.948
117.91299999999998
117.87
117.814
117.772
117.735
117.70100000000001
117.675
117.65299999999998
117.625
117.60499999999999
117.585
117.569
117.54299999999999
117.53700000000002
117.54700000000003
117.55
117.548
117.54400000000001
117.545
117.54400000000001
117.54800000000002
117.551
117.56400000000002
117.59200000000001
117.623
117.64599999999999
117.66099999999999
117.675
117.691
117.703
117.721
117.742
117.774
117.80300000000001
117.81899999999999
117.827
117.837
117.839
117.846
117.84100000000001
117.829
117.81099999999999
117.794
117.778
117.75099999999999
117.717
117.694
117.674
117.643
117.60000000000001
117.563
117.52300000000001
117.48300000000002
117.44200000000001
117.397
117.381
117.378
117.384
117.386
117.40699999999998
117.438
117.47800000000002
117.52799999999999
117.58200000000001
117.62700000000001
117.653
117.661
117.65100000000002
117.625
117.602
117.58299999999997
117.557
117.537
117.52
117.51100000000001
117.50800000000001
117.52200000000002
117.552
117.58999999999999
117.63000000000001
117.673
117.71300000000001
117.762
117.81
117.868
117.92599999999999
117.98100000000001
118.03099999999999
118.07799999999999
118.127
118.166
118.19699999999999
118.21900000000001
118.23299999999998
118.248
118.25500000000001
118.26
118.27599999999998
118.30099999999997
118.324
118.34700000000001
118.374
118.401
118.43499999999999
118.472
118.506
118.53399999999999
118.55199999999998
118.57000000000001
118.575
118.575
118.58300000000001
118.612
118.64300000000001
118.679
118.726
118.782
118.85500000000002
118.946
119.04599999999999
119.15699999999998
119.272
119.38100000000001
119.48
119.57000000000001
119.66399999999999
119.763
119.856
119.93799999999999
120.012
120.07900000000001
120.141
120.20400000000001
120.26200000000001
120.32699999999998
120.39500000000001
120.451
120.5
120.54399999999998
120.599
120.66
120.72600000000001
120.79599999999999
120.87099999999998
120.94800000000001
121.03699999999999
121.12099999999998
121.19100000000002
121.271
121.34600000000002
121.41899999999998
121.491
121.557
121.63
121.71200000000002
121.77499999999999
121.828
121.87
121.89599999999999
121.91000000000001
121.91799999999999
121.912
121.895
121.87
121.84500000000003
121.827
121.816
121.822
121.84100000000002
121.86099999999999
121.86600000000003
121.86700000000002
121.863
121.835
121.79800000000002
121.742
121.66499999999999
121.57099999999998
121.46700000000001
121.36099999999998
121.249
121.139
121.02200000000002
120.90200000000002
120.769
120.63699999999999
120.51999999999998
120.403
120.28300000000002
120.161
120.03699999999999
119.90599999999999
119.767
119.60399999999998
119.44299999999998
119.27599999999998
119.09700000000001
118.903
118.70200000000001
118.50799999999998
118.32000000000001
118.13
117.94
117.726
117.49499999999999
117.255
117.01499999999999
116.784
116.55100000000003
116.329
116.113
115.88400000000001
115.64
115.391
115.13799999999999
114.882
114.635
114.37700000000001
114.116
113.85100000000001
113.583
113.337
113.10900000000001
112.896
112.71600000000001
112.537
112.362
112.19099999999999
112.02599999999998
111.87599999999999
111.732
111.594
111.44900000000001
111.31099999999999
111.16999999999999
111.033
110.9
110.78099999999999
110.667
110.544
110.40999999999998
110.26299999999999
110.09599999999999
109.921
109.73700000000001
109.54700000000003
109.35900000000002
109.171
108.98199999999999
108.79399999999998
108.60300000000001
108.41
108.22999999999998
108.052
107.88099999999999
107.717
107.564
107.43299999999999
107.321
107.217
107.12199999999999
107.033
106.95699999999998
106.88799999999999
106.829
106.77899999999998
106.74
106.693
106.648
106.59899999999999
106.558
106.52300000000001
106.48899999999999
106.45600000000002
106.42199999999998
106.385
106.357
106.33100000000002
106.30900000000001
106.284
106.25999999999999
106.24000000000001
106.221
106.20400000000001
106.191
106.178
106.15299999999999
106.13000000000001
106.109
106.089
106.06799999999998
106.04899999999999
106.03300000000002
106.04899999999999
106.061
106.08500000000001
106.12299999999999
106.16899999999998
106.22500000000001
106.28599999999999
106.341
106.38399999999999
106.431
106.50099999999998
106.59400000000001
106.69800000000001
106.803
106.90299999999999
107.002
107.097
107.187
107.28800000000001
107.399
107.516
107.637
107.75200000000001
107.858
107.962
108.05900000000001
108.15500000000002
108.248
108.328
108.39800000000001
108.46
108.499
108.533
108.56700000000001
108.60499999999999
108.648
108.67999999999999
108.701
108.71500000000002
108.72300000000001
108.724
108.723
108.716
108.713
108.699
108.68300000000002
108.664
108.651
108.642
108.638
108.631
108.62500000000001
108.61399999999999
108.59100000000001
108.56299999999999
108.52400000000002
108.491
108.45599999999999
108.42200000000001
108.387
108.35
108.30199999999999
108.25599999999999
108.20800000000001
108.14400000000002
108.079
108.011
107.94000000000001
107.86899999999999
107.791
107.71200000000002
107.632
107.55099999999999
107.467
107.39299999999999
107.31700000000001
107.24799999999999
107.17900000000002
107.109
107.037
106.98300000000002
106.93499999999999
106.895
106.85099999999998
106.809
106.766
106.713
106.649
106.577
106.50300000000001
106.424
106.339
106.244
106.13499999999999
106.024
105.90800000000002
105.791
105.68299999999998
105.57600000000001
105.482
105.37799999999999
105.26999999999998
105.16400000000002
105.06200000000001
104.95400000000001
104.83500000000002
104.696
104.553
104.41900000000001
104.27700000000002
104.13400000000001
103.984
103.83200000000001
103.683
103.53800000000001
103.399
103.257
103.11800000000001
102.97899999999998
102.835
102.68299999999999
102.52799999999999
102.38200000000002
102.23100000000001
102.086
101.946
101.81099999999999
101.67099999999999
101.53199999999998
101.38499999999999
101.233
101.077
100.92700000000002
100.775
100.60599999999998
100.438
100.27700000000002
100.12
99.95600000000002
99.78599999999999
99.60999999999999
99.43200000000002
99.25300000000001
99.079
98.912
98.752
98.60499999999999
98.46
98.316
98.179
98.04899999999999
97.92799999999998
97.79399999999998
97.65399999999997
97.523
97.39600000000002
97.278
97.16899999999998
97.07
96.97300000000001
96.88000000000001
96.795
96.70899999999999
96.622
96.548
96.47399999999999
96.39800000000001
96.32200000000002
96.24000000000001
96.14699999999999
96.05199999999999
95.951
95.856
95.75800000000001
95.655
95.547
95.43399999999998
95.31200000000001
95.19
95.07799999999999
94.95600000000002
94.82499999999999
94.692
94.554
94.41700000000002
94.27600000000001
94.14199999999998
94.018
93.89
93.75899999999999
93.632
93.518
93.42600000000002
93.355
93.289
93.22500000000002
93.15400000000001
93.079
93.01200000000001
92.934
92.86500000000002
92.803
92.74199999999999
92.68
92.616
92.55
92.492
92.43200000000002
92.368
92.306
92.238
92.16900000000001
92.10499999999999
92.05
92.0
91.956
91.919
91.89
91.864
91.837
91.81300000000002
91.79299999999999
91.76299999999999
91.73500000000001
91.70400000000001
91.668
91.62899999999999
91.59500000000001
91.54899999999999
91.504
91.461
91.41699999999999
91.366
91.31800000000001
91.28099999999998
91.24199999999999
91.19599999999997
91.146
91.10499999999999
91.07699999999998
91.06300000000002
91.05700000000002
91.054
91.043
91.03300000000002
91.016
90.99500000000002
90.97299999999998
90.95700000000001
90.944
90.92500000000001
90.89700000000002
90.86999999999999
90.84100000000001
90.808
90.776
90.73499999999997
90.692
90.64
90.587
90.53099999999999
90.472
90.42
90.374
90.31199999999998
90.241
90.164
90.084
90.00900000000001
89.94300000000001
89.88
89.82100000000001
89.755
89.689
89.61800000000001
89.54799999999999
89.484
89.42399999999998
89.36500000000001
89.29900000000002
89.23899999999999
89.189
89.147
89.11699999999999
89.086
89.059
89.03500000000001
89.01599999999998
89.00699999999999
89.00699999999999
89.01099999999998
89.01200000000001
88.99800000000002
88.974
88.949
88.927
88.918
88.911
88.89599999999999
88.88
88.86
88.83999999999999
88.82
88.796
88.778
88.76800000000001
88.752
88.73599999999999
88.717
88.70299999999999
88.693
88.68399999999998
88.67000000000002
88.643
88.60499999999998
88.55799999999999
88.50299999999997
88.436
88.36499999999998
88.30199999999999
88.225
88.132
88.03200000000001
87.92899999999999
87.831
87.73299999999998
87.639
87.547
87.462
87.38400000000001
87.315
87.254
87.203
87.154
87.108
87.063
87.02900000000001
87.00699999999999
86.991
86.98100000000001
86.965
86.945
86.92
86.89899999999999
86.876
86.852
86.828
86.806
86.778
86.745
86.708
86.672
86.65299999999999
86.647
86.642
86.63499999999999
86.62899999999999
86.61900000000001
86.605
86.58399999999999
86.565
86.541
86.50200000000001
86.454
86.41299999999998
86.374
86.34599999999999
86.32199999999999
86.30099999999997
86.27699999999999
86.25699999999999
86.24000000000001
86.22399999999999
86.20700000000001
86.19400000000002
86.18599999999999
86.17099999999999
86.151
86.12799999999997
86.10399999999997
86.08200000000001
86.05100000000002
86.01500000000001
85.969
85.91799999999999
85.866
85.809
85.74999999999999
85.687
85.618
85.549
85.48299999999998
85.425
85.37499999999999
85.33200000000001
85.29299999999999
85.252
85.213
85.179
85.15099999999998
85.124
85.09400000000001
85.06499999999998
85.03899999999999
85.014
84.98500000000001
84.96199999999999
84.93900000000001
84.919
84.89399999999999
84.85100000000001
84.796
84.739
84.68299999999999
84.632
84.58600000000001
84.548
84.51699999999998
84.483
84.44500000000001
84.415
84.39500000000001
84.38499999999999
84.37799999999999
84.36800000000001
84.359
84.34899999999999
84.33600000000001
84.32
84.3
84.276
84.25200000000001
84.21900000000001
84.18
84.13399999999999
84.08399999999999
84.028
83.967
83.899
83.82
83.74200000000002
83.66799999999999
83.604
83.538
83.476
83.41400000000002
83.35199999999999
83.288
83.22400000000002
83.16199999999999
83.11
83.05700000000002
82.99699999999999
82.92800000000001
82.861
82.796
82.72999999999999
82.668
82.609
82.55399999999999
82.497
82.44200000000001
82.39
82.339
82.28900000000002
82.242
82.186
82.12500000000003
82.058
81.98700000000001
81.90899999999999
81.82300000000001
81.73400000000001
81.645
81.557
81.466
81.38000000000001
81.30200000000002
81.229
81.15999999999998
81.08600000000001
81.01199999999999
80.938
80.87100000000001
80.80900000000001
80.74600000000001
80.68799999999999
80.63300000000002
80.58
80.53200000000001
80.48300000000002
80.43
80.38300000000001
80.337
80.286
80.22399999999999
80.16
80.09400000000001
80.02499999999999
79.95
79.885
79.822
79.75800000000001
79.69399999999999
79.61999999999999
79.545
79.47
79.39599999999999
79.321
79.24099999999999
79.17
79.09599999999999
79.01599999999999
78.92299999999999
78.819
78.703
78.57399999999998
78.44000000000001
78.304
78.16799999999999
78.037
77.90700000000001
77.77099999999999
77.64000000000001
77.51700000000001
77.389
77.25599999999999
77.124
76.995
76.86800000000002
76.745
76.61800000000002
76.495
76.37200000000001
76.25
76.13400000000001
76.01799999999999
75.90199999999999
75.79000000000002
75.687
75.58599999999997
75.479
75.36799999999998
75.25999999999999
75.146
75.03099999999999
74.912
74.78999999999998
74.66699999999999
74.545
74.42299999999999
74.307
74.2
74.10700000000003
74.013
73.92
73.83900000000001
73.763
73.68999999999998
73.616
73.542
73.47099999999999
73.40599999999999
73.34499999999998
73.28699999999999
73.231
73.18499999999997
73.144
73.105
73.068
73.02800000000002
72.992
72.954
72.91599999999998
72.873
72.82300000000001
72.76700000000001
72.713
72.65599999999998
72.601
72.552
72.512
72.474
72.432
72.388
72.347
72.30700000000002
72.26599999999999
72.219
72.171
72.12700000000001
72.08600000000001
72.03699999999999
71.984
71.93499999999999
71.89500000000001
71.85
71.805
71.761
71.717
71.66300000000001
71.609
71.55699999999999
71.502
71.457
71.41
71.36
71.30699999999999
71.265
71.236
71.211
71.19600000000001
71.18400000000001
71.18700000000001
71.20100000000001
71.224
71.26200000000001
71.302
71.34700000000001
71.39300000000001
71.44
71.48700000000001
71.532
71.566
71.596
71.63
71.67099999999999
71.708
71.744
71.782
71.81900000000002
71.85900000000001
71.901
71.94399999999999
71.99199999999998
72.03099999999999
72.07000000000001
72.108
72.14599999999999
72.184
72.213
72.244
72.26899999999998
72.289
72.30699999999999
72.33
72.351
72.377
72.40199999999999
72.422
72.43199999999999
72.44200000000001
72.44400000000002
72.435
72.39800000000001
72.358
72.31200000000001
72.251
72.18599999999999
72.12600000000002
72.065
72.00100000000002
71.92299999999999
71.84400000000002
71.76299999999999
71.67600000000002
71.58300000000001
71.49400000000001
71.407
71.31300000000002
71.225
71.134
71.04899999999999
70.963
70.87399999999998
70.79
70.703
70.60900000000001
70.514
70.40999999999998
70.307
70.199
70.092
69.99299999999998
69.898
69.795
69.68699999999998
69.569
69.451
69.325
69.188
69.048
68.90700000000002
68.76999999999998
68.62199999999999
68.466
68.31099999999999
68.15099999999998
67.97900000000001
67.814
67.643
67.476
67.30499999999999
67.13700000000003
66.958
66.78899999999999
66.62400000000001
66.45900000000002
66.28900000000002
66.12299999999999
65.96300000000001
65.80700000000002
65.667
65.52799999999999
65.39099999999999
65.263
65.135
65.008
64.87999999999998
64.75699999999999
64.63299999999998
64.505
64.39499999999998
64.291
64.18599999999999
64.088
63.983999999999995
63.881000000000014
63.779
63.675000000000004
63.574000000000005
63.475
63.37799999999999
63.28
63.18
63.089999999999996
63.004999999999995
62.92000000000001
62.836000000000006
62.754999999999995
62.683
62.616
62.56299999999999
62.517
62.46999999999999
62.422
62.381
62.338
62.294000000000004
62.256
62.23500000000001
62.216
62.205000000000005
62.204
62.233
62.268
62.303000000000004
62.34900000000001
62.39600000000001
62.440000000000005
62.482000000000006
62.526999999999994
62.583
62.64099999999999
62.702000000000005
62.765
62.831999999999994
62.89399999999999
62.958
63.033
63.10999999999999
63.19000000000001
63.266999999999996
63.34700000000001
63.433
63.52100000000001
63.611999999999995
63.702
63.794000000000004
63.891
63.986
64.08200000000001
64.17799999999998
64.267
64.35499999999999
64.449
64.545
64.65
64.761
64.87900000000002
64.99999999999999
65.123
65.254
65.384
65.524
65.672
65.82
65.971
66.133
66.29099999999998
66.458
66.621
66.78899999999999
66.955
67.127
67.291
67.45700000000001
67.62699999999998
67.79899999999999
67.964
68.124
68.28399999999999
68.429
68.56599999999999
68.69800000000001
68.82500000000002
68.94800000000001
69.07300000000002
69.194
69.30600000000001
69.418
69.532
69.63600000000001
69.74000000000002
69.83599999999997
69.925
70.00999999999999
70.094
70.18
70.26599999999999
70.34700000000004
70.42800000000001
70.50099999999999
70.57300000000001
70.643
70.709
70.77399999999999
70.844
70.91
70.974
71.038
71.09899999999999
71.15299999999999
71.20299999999999
71.25699999999999
71.30900000000001
71.357
71.405
71.46300000000001
71.52
71.57100000000001
71.619
71.661
71.694
71.722
71.74600000000001
71.769
71.789
71.81200000000001
71.83500000000001
71.85799999999999
71.87800000000001
71.898
71.918
71.934
71.951
71.964
71.98
71.991
72.001
72.00200000000001
72.001
71.99799999999998
71.99300000000002
71.987
71.97800000000001
71.97799999999998
71.982
71.98599999999999
71.99
71.98899999999999
71.987
71.98300000000002
71.979
71.974
71.97
71.971
71.972
71.972
71.969
71.971
71.97200000000001
71.97299999999998
71.973
71.969
71.96400000000001
71.958
71.953
71.947
71.94199999999998
71.938
71.93299999999999
71.92699999999999
71.922
71.91999999999999
71.919
71.91799999999999
71.91799999999999
71.90799999999999
71.89300000000001
71.875
71.85400000000001
71.83899999999998
71.83
71.82499999999999
71.81800000000001
71.813
71.805
71.798
71.79000000000002
71.784
71.77999999999999
71.77500000000002
71.769
71.763
71.756
71.757
71.76
71.76199999999999
71.765
71.771
71.776
71.786
71.796
71.807
71.818
71.826
71.83100000000002
71.835
71.83800000000001
71.841
71.84599999999999
71.84899999999999
71.85
71.853
71.856
71.85900000000001
71.85799999999999
71.85799999999999
71.858
71.854
71.847
71.841
71.83699999999997
71.83899999999998
71.84199999999998
71.843
71.845
71.84599999999999
71.84599999999999
71.84499999999997
71.844
71.84299999999999
71.839
71.83
71.82
71.80699999999999
71.789
71.77700000000002
71.765
71.761
71.75600000000001
71.753
71.75
71.745
71.739
71.731
71.72200000000001
71.71100000000001
71.701
71.695
71.69099999999999
71.68900000000001
71.689
71.69
71.69200000000001
71.69199999999998
71.69200000000002
71.69000000000001
71.68799999999999
71.68599999999999
71.68500000000003
71.67500000000001
71.663
71.654
71.64399999999999
71.639
71.634
71.631
71.627
71.62199999999999
71.61800000000001
71.60999999999999
71.60099999999998
71.588
71.576
71.56
71.54499999999999
71.539
71.53600000000002
71.53999999999999
71.54499999999999
71.551
71.557
71.56299999999997
71.57000000000001
71.57000000000001
71.568
71.56899999999999
71.572
71.572
71.57000000000001
71.57000000000001
71.57099999999998
71.57700000000001
71.583
71.58899999999998
71.59600000000002
71.60300000000001
71.60799999999999
71.60900000000001
71.609
71.611
71.61500000000002
71.61600000000001
71.61600000000001
71.61699999999999
71.61800000000001
71.623
71.627
71.62899999999999
71.62899999999998
71.632
71.63499999999999
71.637
71.638
71.63999999999999
71.64200000000001
71.635
71.62599999999999
71.61999999999999
71.616
71.615
71.616
71.618
71.61899999999999
71.62100000000001
71.62299999999999
71.62399999999998
71.62400000000001
71.62299999999999
71.621
71.61200000000001
71.599
71.58999999999999
71.581
71.57600000000001
71.57299999999998
71.56700000000001
71.56
71.55300000000001
71.546
71.53999999999999
71.535
71.53300000000002
71.53299999999999
71.53
71.529
71.529
71.52799999999999
71.528
71.52699999999999
71.527
71.52799999999999
71.52999999999999
71.52999999999999
71.529
71.529
71.53
71.53
71.529
71.52899999999998
71.53699999999999
71.54700000000001
71.557
71.569
71.577
71.58300000000001
71.58900000000001
71.594
71.60000000000001
71.604
71.60199999999999
71.59599999999998
71.593
71.58899999999998
71.58999999999999
71.589
71.589
71.59
71.589
71.58699999999999
71.584
71.58000000000001
71.575
71.569
71.57
71.57600000000001
71.58000000000001
71.58500000000001
71.59299999999999
71.602
71.60999999999999
71.617
71.62400000000001
71.63199999999999
71.64
71.64900000000002
71.65699999999998
71.66499999999999
71.67000000000002
71.67299999999999
71.67399999999999
71.67399999999999
71.67499999999998
71.67499999999998
71.675
71.67599999999999
71.67799999999998
71.67899999999999
71.681
71.68300000000002
71.68400000000001
71.68500000000002
71.684
71.68400000000001
71.68300000000002
71.68400000000001
71.68200000000002
71.679
71.67699999999999
71.67500000000003
71.675
71.674
71.66900000000001
71.66399999999999
71.65700000000001
71.64900000000002
71.64399999999999
71.641
71.64000000000001
71.642
71.64999999999999
71.661
71.67399999999999
71.69000000000001
71.70700000000001
71.724
71.738
71.752
71.76500000000001
71.77900000000001
71.787
71.79400000000001
71.798
71.80000000000001
71.80300000000001
71.80300000000001
71.80299999999998
71.80300000000001
71.802
71.80099999999999
71.799
71.794
71.79
71.786
71.777
71.766
71.75500000000001
71.74599999999998
71.73499999999999
71.72200000000001
71.71199999999999
71.701
71.69000000000001
71.67699999999999
71.66499999999999
71.656
71.648
71.64
71.63000000000001
71.62
71.615
71.61600000000001
71.618
71.62199999999999
71.624
71.62600000000002
71.628
71.63199999999999
71.636
71.64
71.646
71.65200000000002
71.66
71.66699999999999
71.669
71.667
71.66700000000002
71.666
71.662
71.65700000000001
71.65199999999999
71.647
71.63900000000001
71.629
71.619
71.608
71.59800000000001
71.588
71.581
71.57600000000001
71.56799999999998
71.55799999999999
71.54600000000002
71.53500000000001
71.524
71.51400000000001
71.50200000000001
71.49100000000001
71.48
71.47099999999999
71.46100000000003
71.45100000000001
71.44299999999998
71.43400000000001
71.42500000000001
71.416
71.41000000000001
71.405
71.39899999999999
71.39300000000001
71.383
71.37199999999999
71.363
71.356
71.35
71.34400000000001
71.33500000000001
71.324
71.314
71.303
71.291
71.28
71.266
71.24900000000001
71.23099999999998
71.213
71.19900000000001
71.185
71.17200000000001
71.16000000000001
71.152
71.144
71.13600000000001
71.12800000000001
71.12
71.11200000000001
71.10300000000001
71.093
71.08400000000002
71.07500000000002
71.067
71.05900000000001
71.05000000000001
71.042
71.03800000000003
71.03500000000003
71.03100000000002
71.02600000000001
71.02300000000002
71.02
71.01400000000001
71.00900000000003
71.005
71.001
71.0
70.997
70.992
70.98700000000001
70.98
70.97200000000001
70.96799999999999
70.96199999999999
70.957
70.95
70.944
70.93799999999999
70.931
70.923
70.916
70.91
70.904
70.899
70.89299999999999
70.889
70.887
70.88499999999998
70.88199999999999
70.88100000000001
70.88199999999999
70.883
70.885
70.88699999999999
70.892
70.898
70.90199999999999
70.90600000000002
70.90700000000001
70.908
70.908
70.906
70.90499999999997
70.905
70.911
70.917
70.924
70.929
70.93499999999999
70.94
70.94400000000002
70.947
70.951
70.95500000000001
70.958
70.963
70.96500000000002
70.965
70.967
70.97
70.976
70.982
70.988
70.99499999999999
70.99900000000001
71.00200000000001
71.005
71.009
71.013
71.017
71.02
71.021
71.02100000000002
71.018
71.017
71.016
71.015
71.014
71.01199999999999
71.01100000000001
71.00899999999999
71.00699999999999
71.005
71.005
71.00699999999999
71.00899999999999
71.01199999999997
71.01499999999999
71.01899999999999
71.02299999999998
71.02799999999998
71.03299999999999
71.03699999999999
71.04099999999998
71.044
71.04599999999999
71.048
71.05
71.053
71.05600000000001
71.058
71.061
71.06400000000002
71.06600000000002
71.06700000000001
71.069
71.069
71.068
71.06799999999998
71.068
71.07000000000001
71.07300000000001
71.07600000000001
71.08000000000003
71.08200000000001
71.084
71.08200000000002
71.07900000000001
71.07799999999999
71.07600000000001
71.073
71.06899999999999
71.06400000000001
71.05999999999999
71.05599999999998
71.051
71.048
71.045
71.042
71.03699999999998
71.03
71.024
71.01700000000001
71.01000000000002
71.003
70.99700000000001
70.99199999999999
70.986
70.98400000000001
70.98200000000001
70.98100000000001
70.981
70.979
70.97699999999999
70.972
70.967
70.961
70.95599999999999
70.94999999999999
70.944
70.94
70.935
70.929
70.925
70.92
70.91300000000001
70.911
70.91000000000001
70.91099999999999
70.91099999999999
70.908
70.905
70.90100000000001
70.89500000000001
70.89300000000001
70.89300000000001
70.89399999999999
70.894
70.89300000000003
70.89200000000001
70.89000000000001
70.89000000000001
70.89299999999999
70.898
70.90400000000001
70.91
70.91399999999999
70.91799999999998
70.922
70.92599999999999
70.931
70.935
70.93799999999999
70.93900000000001
70.941
70.943
70.94400000000002
70.945
70.946
70.94800000000001
70.948
70.94900000000001
70.95000000000003
70.951
70.95200000000001
70.95400000000001
70.95599999999999
70.95800000000001
70.96300000000002
70.968
70.97
70.971
70.97200000000001
70.97300000000001
70.97400000000002
70.974
70.97499999999998
70.977
70.977
70.978
70.97500000000001
70.973
70.96999999999998
70.966
70.962
70.958
70.95800000000001
70.96
70.96
70.961
70.964
70.968
70.97200000000002
70.97500000000002
70.977
70.97800000000002
70.97800000000001
70.97900000000001
70.97800000000001
70.97500000000002
70.975
70.974
70.97100000000002
70.96900000000002
70.96700000000001
70.96500000000002
70.96300000000002
70.96100000000001
70.95700000000001
70.95300000000002
70.951
70.94900000000001
70.95000000000002
70.95100000000001
70.95300000000002
70.95500000000001
70.956
70.95500000000001
70.95500000000001
70.955
70.95200000000001
70.94900000000001
70.94500000000002
70.93900000000002
70.934
70.92900000000002
70.92300000000002
70.917
70.91000000000001
70.903
70.896
70.88900000000001
70.88500000000003
70.88400000000001
70.882
70.877
70.87100000000001
70.86600000000001
70.86200000000001
70.858
70.85600000000001
70.853
70.85000000000001
70.84700000000002
70.84200000000001
70.83800000000001
70.83600000000001
70.834
70.83300000000001
70.831
70.828
70.82400000000001
70.82100000000001
70.81800000000001
70.81500000000001
70.81400000000001
70.815
70.81600000000002
70.81700000000001
70.81800000000001
70.815
70.81200000000001
70.81000000000002
70.80799999999999
70.806
70.80299999999998
70.80099999999999
70.79899999999999
70.795
70.79099999999998
70.791
70.791
70.78999999999999
70.78899999999999
70.78699999999999
70.78499999999998
70.78199999999998
70.77799999999999
70.776
70.773
70.774
70.77499999999999
70.776
70.77799999999999
70.77999999999999
70.78299999999999
70.78399999999999
70.78399999999998
70.781
70.77699999999999
70.77199999999999
70.76800000000001
70.764
70.76
70.757
70.75399999999998
70.752
70.74900000000001
70.749
70.752
70.74999999999999
70.74799999999999
70.746
70.74399999999999
70.74199999999999
70.73899999999999
70.736
70.73299999999999
70.73
70.727
70.72200000000001
70.717
70.713
70.71
70.70400000000001
70.698
70.692
70.68699999999998
70.68199999999999
70.67699999999999
70.67499999999998
70.67299999999999
70.67299999999999
70.674
70.67599999999999
70.67799999999998
70.679
70.67999999999999
70.67999999999999
70.68
70.67999999999999
70.67999999999999
70.679
70.67699999999999
70.67499999999998
70.67300000000002
70.671
70.669
70.66600000000001
70.663
70.66000000000001
70.65700000000002
70.65400000000001
70.65100000000001
70.64900000000002
70.64600000000002
70.643
70.64000000000001
70.63600000000001
70.632
70.629
70.626
70.624
70.622
70.62
70.616
70.61099999999999
70.607
70.60300000000001
70.598
70.59800000000001
70.597
70.595
70.593
70.591
70.58900000000001
70.58600000000001
70.58299999999998
70.58
70.577
70.57399999999998
70.57100000000001
70.57000000000002
70.56900000000002
70.56900000000002
70.56900000000002
70.56800000000003
70.56800000000003
70.56500000000003
70.56100000000002
70.55600000000003
70.55000000000001
70.54400000000003
70.53700000000002
70.53000000000002
70.52200000000002
70.51600000000003
70.51
70.50700000000002
70.50400000000002
70.50200000000001
70.49900000000002
70.49600000000001
70.49300000000001
70.48900000000002
70.48500000000003
70.48000000000002
70.47500000000002
70.47000000000003
70.46400000000001
70.46100000000001
70.45900000000002
70.45900000000002
70.45800000000001
70.45800000000001
70.45800000000001
70.45800000000001
70.45800000000001
70.45600000000002
70.45500000000003
70.45400000000001
70.45300000000002
70.45200000000003
70.45
70.45200000000001
70.45400000000002
70.45700000000001
70.46000000000002
70.46300000000002
70.46600000000001
70.46800000000002
70.47000000000001
70.47000000000001
70.47000000000001
70.47000000000001
70.47000000000001
70.47100000000002
70.47200000000001
70.474
70.47600000000001
70.47800000000001
70.48
70.48300000000002
70.48600000000002
70.48700000000001
70.48800000000001
70.48900000000002
70.49000000000002
70.49300000000001
70.496
70.49900000000001
70.50200000000001
70.50500000000001
70.50800000000002
70.51100000000001
70.514
70.516
70.518
70.52
70.522
70.52300000000001
70.52399999999999
70.52400000000002
70.524
70.52399999999999
70.52500000000002
70.527
70.52800000000002
70.52900000000001
70.53
70.52900000000001
70.528
70.52600000000001
70.52500000000002
70.524
70.52300000000001
70.52300000000001
70.52300000000001
70.52400000000002
70.525
70.52600000000001
70.528
70.527
70.52600000000001
70.525
70.525
70.527
70.528
70.531
70.535
70.539
70.54299999999999
70.547
70.551
70.55499999999999
70.559
70.564
70.57000000000001
70.57400000000001
70.577
70.578
70.57900000000001
70.58
70.58000000000001
70.58000000000001
70.58
70.58000000000001
70.58000000000001
70.58
70.58000000000001
70.58000000000001
70.57900000000001
70.578
70.57700000000001
70.576
70.57499999999999
70.57400000000001
70.573
70.575
70.57800000000002
70.58000000000001
70.58200000000001
70.58400000000002
70.58600000000001
70.586
70.58600000000001
70.58500000000001
70.585
70.58500000000001
70.58500000000001
70.586
70.58700000000002
70.58900000000001
70.59000000000002
70.59
70.59100000000001
70.59200000000001
70.593
70.593
70.59300000000002
70.59100000000001
70.58900000000001
70.58700000000002
70.586
70.587
70.58800000000001
70.58800000000001
70.587
70.585
70.583
70.581
70.58
70.57900000000001
70.578
70.576
70.574
70.57300000000001
70.572
70.57000000000001
70.568
70.56600000000002
70.56400000000001
70.56300000000002
70.56200000000001
70.561
70.55900000000001
70.55600000000001
70.55300000000001
70.54999999999998
70.548
70.54699999999998
70.546
70.546
70.545
70.54399999999998
70.54299999999999
70.54199999999999
70.541
70.53900000000002
70.537
70.53399999999998
70.52999999999999
70.52799999999999
70.526
70.524
70.521
70.51699999999998
70.51299999999999
70.50899999999999
70.505
70.50200000000001
70.5
70.49799999999998
70.496
70.49399999999999
70.49199999999999
70.489
70.48500000000001
70.48199999999999
70.47999999999999
70.479
70.47800000000001
70.477
70.47600000000001
70.47699999999999
70.479
70.48
70.48100000000001
70.483
70.485
70.48800000000001
70.491
70.49199999999999
70.49300000000001
70.493
70.49299999999998
70.494
70.49499999999999
70.49499999999998
70.494
70.494
70.49399999999997
70.494
70.494
70.49499999999998
70.497
70.49999999999999
70.50199999999998
70.504
70.50599999999999
70.508
70.51
70.51
70.51
70.51
70.51
70.51
70.51
70.51100000000001
70.512
70.513
70.514
70.515
70.515
70.51499999999999
70.515
70.51700000000001
70.51899999999998
70.521
70.52300000000001
70.52499999999998
70.52600000000001
70.52700000000002
70.52799999999998
70.52999999999999
70.532
70.53399999999998
70.53599999999999
70.538
70.53999999999998
70.54199999999999
70.544
70.54499999999999
70.54599999999999
70.547
70.55
70.55300000000001
70.557
70.56000000000002
70.56199999999998
70.56399999999998
70.566
70.56700000000001
70.568
70.569
70.57
70.57099999999998
70.57300000000001
70.57600000000001
70.58
70.583
70.58599999999998
70.58899999999998
70.592
70.595
70.598
70.601
70.60399999999998
70.60699999999999
70.61
70.613
70.61500000000001
70.617
70.61899999999999
70.62
70.621
70.622
70.62300000000002
70.625
70.627
70.62899999999999
70.631
70.63300000000001
70.635
70.636
70.63599999999998
70.63699999999999
70.639
70.639
70.639
70.63799999999999
70.637
70.63799999999999
70.639
70.639
70.639
70.638
70.637
70.636
70.634
70.632
70.63
70.628
70.626
70.624
70.62100000000001
70.618
70.615
70.61200000000001
70.609
70.606
70.60300000000001
70.602
70.601
70.60000000000001
70.598
70.596
70.59400000000001
70.59200000000001
70.59
70.59
70.59
70.59
70.59
70.59
70.59
70.58900000000001
70.58800000000001
70.587
70.58600000000001
70.58500000000001
70.58600000000001
70.58700000000002
70.58800000000001
70.59
70.592
70.59400000000001
70.59600000000002
70.59800000000001
70.60000000000001
70.602
70.604
70.605
70.60600000000001
70.607
70.606
70.60500000000002
70.604
70.60400000000001
70.60400000000001
70.604
70.60400000000001
70.60600000000001
70.608
70.61
70.61200000000001
70.616
70.619
70.62
70.62
70.621
70.62200000000001
70.623
70.625
70.62700000000001
70.629
70.631
70.63300000000001
70.63300000000001
70.63300000000001
70.63300000000001
70.634
70.63300000000001
70.632
70.632
70.632
70.632
70.632
70.632
70.632
70.632
70.632
70.631
70.63000000000001
70.629
70.628
70.628
70.627
70.62700000000001
70.62700000000001
70.628
70.629
70.63000000000001
70.631
70.633
70.635
70.636
70.637
70.638
70.639
70.639
70.639
70.639
70.639
70.639
70.639
70.639
70.639
70.639
70.639
70.639
70.639
70.639
70.64
70.641
70.64200000000001
70.643
70.64399999999999
70.645
70.646
70.647
70.64800000000001
70.649
70.64999999999999
70.651
70.652
70.653
70.65400000000001
70.655
70.65599999999999
70.657
70.65599999999999
70.65499999999999
70.655
70.654
70.65299999999999
70.652
70.651
70.651
70.651
70.651
70.651
70.652
70.653
70.653
70.65299999999999
70.654
70.65500000000002
70.65599999999999
70.65700000000001
70.65800000000003
70.66099999999999
70.662
70.663
70.663
70.66300000000003
70.66000000000001
70.657
70.655
70.654
70.65400000000001
70.65400000000002
70.653
70.651
70.64900000000002
70.64699999999999
70.644
70.64100000000002
70.64000000000001
70.639
70.638
70.636
70.636
70.63600000000001
70.63600000000001
70.63599999999998
70.636
70.636
70.636
70.63600000000001
70.63600000000001
70.63599999999998
70.63699999999999
70.63799999999999
70.639
70.64
70.64000000000001
70.63999999999999
70.63999999999999
70.64
70.641
70.64200000000002
70.64300000000001
70.64399999999999
70.644
70.644
70.64500000000001
70.64600000000002
70.64700000000002
70.648
70.649
70.65
70.65100000000001
70.65200000000002
70.653
70.654
70.655
70.656
70.65700000000001
70.659
70.661
70.663
70.66499999999999
70.666
70.667
70.66799999999999
70.669
70.67
70.67
70.67
70.67
70.67
70.67
70.67
70.67
70.67
70.67
70.67
70.671
70.672
70.673
70.674
70.675
70.675
70.674
70.673
70.672
70.671
70.67
70.669
70.668
70.667
70.666
70.665
70.665
70.665
70.664
70.66199999999999
70.66000000000001
70.658
70.65599999999999
70.652
70.649
70.646
70.644
70.642
70.641
70.641
70.64099999999999
70.64
70.639
70.63799999999999
70.637
70.636
70.63499999999999
70.634
70.634
70.634
70.634
70.634
70.634
70.634
70.634
70.634
70.634
70.634
70.634
70.634
70.634
70.634
70.634
70.634
70.634
70.634
70.634
70.634
70.634
70.635
70.63600000000001
70.637
70.63499999999999
70.63299999999998
70.631
70.62899999999999
70.62799999999999
70.627
70.62599999999999
70.62499999999999
70.624
70.62299999999999
70.62299999999999
70.62299999999999
70.62299999999999
70.62299999999999
70.62299999999999
70.62299999999999
70.62299999999999
70.62299999999999
70.62299999999999
70.62199999999999
70.621
70.61999999999999
70.61899999999999
70.618
70.61699999999999
70.61599999999999
70.615
70.61399999999999
70.61399999999999
70.61399999999999
70.61399999999999
70.61399999999999
70.61399999999999
70.61399999999999
70.61399999999999
70.61399999999999
70.61399999999999
70.61399999999999
70.613
70.612
70.61099999999999
70.61
70.609
70.609
70.60999999999999
70.61099999999999
70.612
70.61299999999999
70.61399999999999
70.615
70.61599999999999
70.61699999999999
70.618
70.61899999999999
70.61899999999999
70.61899999999999
70.61899999999999
70.61899999999999
70.61899999999999
70.61899999999999
70.61899999999999
70.61899999999999
70.61899999999999
70.61899999999999
70.61899999999999
70.61899999999999
70.61899999999999
70.618
70.61699999999999
70.61599999999999
70.615
70.61399999999999
70.61399999999999
70.61399999999999
70.61399999999999
70.61399999999999
70.61399999999999
70.61399999999999
70.61399999999999
70.61399999999999
70.61399999999999
70.61399999999999
70.61399999999999
70.61399999999999
70.61399999999999
70.61399999999999
70.61399999999999
70.615
70.616
70.61699999999999
70.618
70.619
70.619
70.619
70.619
70.619
70.619
70.618
70.617
70.616
70.616
70.616
70.616
70.616
70.616
70.616
70.616
70.616
70.616
70.616
70.616
70.616
70.616
70.616
70.616
70.616
70.616
70.616
70.616
70.616
70.616
70.616
70.616
70.616
70.616
70.616
70.616
70.616
70.616
70.616
70.616
70.616
70.616
70.616
70.616
70.616
70.616
70.616
70.616
70.616
70.617
70.618
70.618
70.61699999999999
70.61599999999999
70.615
70.61399999999999
70.61299999999999
70.612
70.61099999999999
70.60999999999999
70.609
70.60799999999999
70.60699999999999
70.60699999999999
70.60699999999999
70.60699999999999
70.60699999999999
70.60699999999999
70.60699999999999
70.60699999999999
70.60699999999999
70.60699999999999
70.60699999999999
70.60699999999999
70.60699999999999
70.60699999999999
70.60699999999999
70.60699999999999
70.60699999999999
70.60699999999999
70.60699999999999
70.60699999999999
70.60699999999999
70.60699999999999
70.60699999999999
70.60699999999999
70.60699999999999
70.60699999999999
70.60699999999999
70.60699999999999
70.60699999999999
70.60699999999999
70.60699999999999
70.60699999999999
70.60699999999999
70.60699999999999
70.606
70.60499999999999
70.60399999999998
70.603
70.60199999999999
70.60199999999999
70.603
70.604
70.60499999999999
70.60499999999999
70.60499999999999
70.60499999999999
70.60499999999999
70.60499999999999
70.60499999999999
70.60499999999999
70.606
70.60699999999999
70.60799999999999
70.609
70.60999999999999
70.61099999999999
70.612
70.61299999999999
70.61399999999999
70.615
70.61599999999999
70.61699999999999
70.618
70.61899999999999
70.61999999999999
70.621
70.62199999999999
70.62299999999999
70.624
70.62499999999999
70.62599999999999
70.62599999999999
70.62599999999999
70.62599999999999
70.62599999999999
70.62599999999999
70.62599999999999
70.62599999999999
70.62599999999999
70.62599999999999
70.62599999999999
70.62599999999999
70.62599999999999
70.62599999999999
70.62599999999999
70.62599999999999
70.62599999999999
70.625
70.624
70.624
70.624
70.624
70.624
70.624
70.624
70.624
70.624
70.624
70.624
70.624
70.624
70.624
70.624
70.624
70.624
70.624
70.624
70.624
70.624
70.624
70.624
70.624
70.624
70.624
70.624
70.624
70.624
70.625
70.62599999999999
70.627
70.628
70.62899999999999
70.63
70.63
70.631
70.63199999999999
70.633
70.634
70.63499999999999
70.636
70.637
70.63799999999999
70.639
70.64
70.64099999999999
70.64099999999999
70.64099999999999
70.64099999999999
70.64099999999999
70.64099999999999
70.64
70.639
70.63799999999999
70.63799999999999
70.63799999999999
70.63799999999999
70.63799999999999
70.63799999999999
70.639
70.63999999999999
70.63999999999999
70.64
70.63999999999999
70.63999999999999
70.64
70.639
70.63799999999999
70.637
70.636
70.63499999999999
70.634
70.633
70.63199999999999
70.631
70.63099999999999
70.63099999999999
70.631
70.63099999999999
70.63099999999999
70.63
70.62899999999999
70.62899999999999
70.62899999999999
70.62899999999999
70.62899999999999
70.62899999999999
70.62899999999999
70.62899999999999
70.62899999999999
70.62899999999999
70.62899999999999
70.62899999999999
70.62899999999999
70.62899999999999
70.62899999999999
70.62899999999999
70.62899999999999
70.62899999999999
70.62899999999999
70.62899999999999
70.62899999999999
70.62899999999999
70.62899999999999
70.62899999999999
70.62899999999999
70.62899999999999
70.62899999999999
70.62899999999999
70.62899999999999
70.62899999999999
70.62899999999999
70.62899999999999
70.62899999999999
70.62899999999999
70.62899999999999
70.62899999999999
70.62899999999999
70.62899999999999
70.62899999999999
70.62899999999999
70.62899999999999
70.62899999999999
70.62899999999999
70.62899999999999
70.62899999999999
70.62899999999999
70.62899999999999
70.62799999999999
70.627
70.62599999999999
70.62499999999999
70.624
70.62299999999999
70.62299999999999
70.622
70.621
70.61999999999999
70.619
70.618
70.61699999999999
70.616
70.615
70.61399999999999
70.613
70.612
70.612
70.612
70.612
70.612
70.612
70.612
70.612
70.612
70.612
70.612
70.612
70.613
70.61399999999999
70.61399999999999
70.613
70.612
70.61099999999999
70.61
70.609
70.60799999999999
70.60799999999999
70.60799999999999
70.60799999999999
70.60799999999999
70.60799999999999
70.60799999999999
70.60799999999999
70.60799999999999
70.60799999999999
70.607
70.606
70.60499999999999
70.604
70.603
70.603
70.603
70.603
70.603
70.603
70.603
70.603
70.603
70.603
70.603
70.603
70.603
70.603
70.603
70.603
70.603
70.603
70.603
70.603
70.603
70.603
70.603
70.603
70.603
70.603
70.603
70.603
70.603
70.603
70.603
70.603
70.603
70.603
70.603
70.603
70.603
70.603
70.603
70.603
70.603
70.603
70.603
70.603
70.603
70.603
70.603
70.603
70.603
70.603
70.603
70.603
70.603
70.603
70.603
70.603
70.603
70.603
70.603
70.603
70.603
70.603
70.603
70.603
70.603
70.603
70.603
70.603
70.603
70.603
70.603
70.603
70.603
70.603
70.603
70.603
70.603
70.603
70.60199999999999
70.601
70.6
70.6
70.6
70.6
70.6
70.6
70.6
70.6
70.6
70.6
70.601
70.601
70.601
70.601
70.601
70.601
70.601
70.601
70.601
70.601
70.601
70.601
70.601
70.601
70.601
70.601
70.601
70.601
70.601
70.601
70.601
70.601
70.601
70.601
70.601
70.601
70.601
70.601
70.601
70.601
70.601
70.601
70.601
70.601
70.601
70.601
70.601
70.601
70.601
70.601
70.601
70.601
70.601
70.601
70.601
70.601
70.601
70.601
70.601
70.601
70.601
70.601
70.601
70.601
70.601
70.601
70.601
70.601
70.601
70.601
70.601
70.601
70.601
70.601
70.601
70.601
70.601
70.601
70.601
70.601
70.601
70.601
70.601
70.601
70.601
70.601
70.601
70.601
70.601
70.601
70.601
70.601
70.601
70.601
70.601
70.601
70.601
70.601
70.601
70.601
70.601
70.601
70.601
70.601
70.601
70.601
70.601
70.601
70.601
70.601
70.6
70.6
70.6
70.601
70.60199999999999
70.60199999999999
70.60199999999999
70.60199999999999
70.60199999999999
70.60199999999999
70.60199999999999
70.60199999999999
70.60199999999999
70.60199999999999
70.60199999999999
70.60199999999999
70.60199999999999
70.60199999999999
70.60199999999999
70.60199999999999
70.60199999999999
70.60199999999999
70.60199999999999
70.60199999999999
70.60199999999999
70.60199999999999
70.60199999999999
70.60199999999999
70.60199999999999
70.60199999999999
70.60199999999999
70.60199999999999
70.60199999999999
70.60199999999999
70.60199999999999
70.60199999999999
70.60199999999999
70.60199999999999
70.60199999999999
70.60199999999999
70.60199999999999
70.60199999999999
70.60199999999999
70.60199999999999
70.60199999999999
70.60199999999999
70.60199999999999
70.60199999999999
70.60199999999999
70.60199999999999
70.60199999999999
70.60199999999999
70.60199999999999
70.60199999999999
70.60199999999999
70.60199999999999
70.60199999999999
70.60199999999999
70.60199999999999
70.60199999999999
70.60199999999999
70.60199999999999
70.60199999999999
70.60199999999999
70.60199999999999
70.60199999999999
70.60199999999999
70.60199999999999
70.60199999999999
70.60199999999999
70.60199999999999
70.60199999999999
70.60199999999999
70.60199999999999
70.60199999999999
70.60199999999999
70.60199999999999
70.60199999999999
70.60199999999999
70.60199999999999
70.60199999999999
70.60199999999999
70.60199999999999
70.60199999999999
70.60199999999999
70.60199999999999
70.60199999999999
70.60199999999999
70.60199999999999
70.60199999999999
70.60199999999999
70.60199999999999
70.60199999999999
70.60199999999999
70.60199999999999
70.60199999999999
70.60199999999999
70.60199999999999
70.60199999999999
70.60199999999999
70.60199999999999
70.60199999999999
70.60199999999999
70.601
70.6
70.6
70.6
70.6
70.6
70.6
70.6
70.6
70.6
70.6
70.6
70.6
70.6
70.6
70.6
70.6
70.6
70.6
70.6
70.6
70.6
70.6
70.6
70.6
70.6
70.6
70.6
70.6
70.6
70.6
70.6
70.6
70.6
70.6
70.6
70.6
70.6
70.6
70.6
70.6
70.6
70.6
70.6
70.6
70.6
70.6
70.6
70.6
70.6
70.6
70.6
70.6
70.6
70.6
70.6
70.6
70.6
70.6
70.6
70.6
70.6
70.6
70.6
70.6
70.6
70.6
70.6
70.6
