0.15500000000000003
0.16300000000000003
0.17100000000000004
0.17900000000000005
0.18800000000000006
0.19800000000000006
0.21000000000000002
0.221
0.234
0.24600000000000002
0.258
0.269
0.28
0.29100000000000004
0.302
0.314
0.327
0.34
0.35300000000000004
0.36700000000000005
0.38100000000000006
0.3940000000000001
0.4070000000000001
0.4200000000000001
0.4330000000000001
0.4460000000000001
0.45900000000000013
0.4720000000000001
0.4860000000000001
0.5010000000000001
0.5160000000000001
0.5280000000000001
0.541
0.553
0.5650000000000001
0.5780000000000001
0.5930000000000001
0.6110000000000001
0.6290000000000001
0.6470000000000001
0.667
0.687
0.7100000000000001
0.7330000000000001
0.758
0.7810000000000001
0.8049999999999999
0.8290000000000002
0.8539999999999999
0.874
0.8939999999999999
0.917
0.942
0.966
0.99
1.0119999999999998
1.0330000000000001
1.049
1.0659999999999998
1.085
1.106
1.1260000000000001
1.1460000000000001
1.1660000000000001
1.1860000000000002
1.207
1.229
1.2510000000000001
1.274
1.294
1.312
1.3300000000000003
1.349
1.369
1.39
1.407
1.425
1.4419999999999997
1.459
1.4759999999999998
1.494
1.5149999999999997
1.536
1.5589999999999997
1.5829999999999997
1.608
1.6350000000000002
1.662
1.689
1.714
1.7390000000000003
1.758
1.778
1.797
1.8170000000000002
1.8379999999999999
1.8600000000000003
1.8780000000000001
1.8969999999999998
1.9129999999999998
1.9279999999999997
1.946
1.9639999999999997
1.9829999999999999
2.003
2.0229999999999997
2.046
2.072
2.096
2.124
2.154
2.1799999999999997
2.211
2.239
2.2680000000000002
2.29
2.3099999999999996
2.3270000000000004
2.3449999999999998
2.363
2.3829999999999996
2.408
2.435
2.463
2.4949999999999997
2.5239999999999996
2.555
2.588
2.6220000000000003
2.6540000000000004
2.69
2.726
2.762
2.7980000000000005
2.832
2.8669999999999995
2.9010000000000002
2.936
2.9740000000000006
3.0110000000000006
3.0470000000000006
3.0830000000000006
3.115
3.1429999999999993
3.168
3.194
3.219
3.242
3.267
3.299
3.337
3.3740000000000006
3.4140000000000006
3.4560000000000004
3.5029999999999997
3.547
3.587
3.632
3.678
3.7270000000000003
3.774
3.8159999999999994
3.8550000000000004
3.8859999999999997
3.914999999999999
3.947
3.9840000000000004
4.026
4.069
4.115
4.163
4.206
4.246
4.286999999999999
4.329000000000001
4.368999999999999
4.4079999999999995
4.4479999999999995
4.489999999999999
4.5329999999999995
4.579
4.622999999999999
4.6690000000000005
4.721
4.7780000000000005
4.834
4.89
4.939
4.982
5.023
5.064
5.109
5.154
5.206
5.2620000000000005
5.322
5.384
5.449
5.513999999999999
5.574999999999999
5.634999999999999
5.686000000000001
5.737
5.772000000000001
5.800000000000001
5.824999999999999
5.848000000000001
5.871
5.899000000000001
5.926
5.955
5.996
6.039000000000001
6.081
6.121000000000001
6.167999999999999
6.218000000000001
6.260000000000001
6.298
6.336000000000001
6.371999999999999
6.4060000000000015
6.441000000000001
6.472000000000001
6.502000000000001
6.532
6.558999999999999
6.585
6.612
6.636999999999999
6.661999999999999
6.691000000000001
6.723
6.759
6.798000000000001
6.832
6.862
6.888
6.909999999999998
6.933000000000001
6.957
6.977
6.995
7.010999999999999
7.026
7.040000000000001
7.055999999999999
7.077
7.1
7.122
7.145
7.168
7.191
7.2139999999999995
7.238
7.257999999999999
7.279000000000001
7.294
7.3069999999999995
7.31
7.31
7.314
7.323999999999999
7.341999999999999
7.361000000000001
7.378
7.3919999999999995
7.402
7.41
7.4110000000000005
7.41
7.414000000000001
7.422000000000001
7.428
7.430999999999998
7.4449999999999985
7.463000000000001
7.488999999999998
7.515999999999999
7.541999999999999
7.572000000000002
7.605
7.64
7.663000000000001
7.681
7.7
7.720000000000001
7.742
7.769999999999999
7.799999999999999
7.830999999999999
7.8629999999999995
7.8950000000000005
7.9140000000000015
7.928999999999999
7.938
7.947
7.9510000000000005
7.945
7.941
7.939
7.941
7.946
7.967
7.994000000000001
8.023
8.048
8.07
8.090000000000002
8.111
8.13
8.147
8.161
8.181
8.207
8.235000000000001
8.264
8.304
8.352
8.401
8.457000000000003
8.51
8.562000000000001
8.613000000000001
8.655
8.701
8.750000000000002
8.796999999999999
8.841000000000001
8.882
8.912
8.939
8.963999999999999
8.983
9.0
9.011000000000001
9.027
9.036999999999999
9.051000000000002
9.066
9.081
9.102
9.134
9.170000000000002
9.211000000000002
9.254
9.296999999999999
9.342999999999998
9.384000000000002
9.414
9.434000000000001
9.451999999999998
9.463
9.475999999999999
9.489999999999998
9.515
9.554
9.599999999999996
9.646
9.696000000000002
9.746
9.795000000000002
9.843
9.876999999999999
9.91
9.947000000000001
9.985000000000001
10.031
10.077999999999998
10.128000000000002
10.177
10.222999999999999
10.27
10.325000000000001
10.385000000000002
10.437000000000001
10.486
10.524999999999999
10.559000000000003
10.592
10.615
10.640999999999998
10.668
10.703000000000001
10.747
10.786
10.824
10.871
10.919
10.97
11.025
11.071
11.108
11.146
11.183000000000002
11.222999999999997
11.263000000000002
11.31
11.370000000000003
11.43
11.482000000000001
11.536
11.593
11.652999999999999
11.719999999999999
11.786000000000003
11.857999999999999
11.932
12.004
12.081
12.158999999999999
12.236999999999998
12.315000000000003
12.384
12.443999999999999
12.494
12.540999999999997
12.588
12.634
12.681999999999999
12.727
12.767999999999999
12.807000000000002
12.85
12.908000000000001
12.969000000000001
13.039000000000001
13.103
13.164999999999997
13.227
13.297
13.363
13.424000000000001
13.481
13.548
13.626999999999999
13.709999999999997
13.808
13.909
14.018999999999998
14.129999999999999
14.234
14.325000000000001
14.405999999999999
14.479999999999999
14.550999999999998
14.627000000000002
14.697
14.77
14.854
14.944000000000003
15.049
15.168000000000001
15.290000000000001
15.416
15.539
15.658000000000001
15.772000000000002
15.881
15.988
16.1
16.214000000000002
16.327
16.458
16.595
16.724999999999998
16.850000000000005
16.966000000000005
17.08
17.197
17.316
17.442
17.570999999999998
17.694
17.819000000000003
17.945000000000004
18.069000000000003
18.197
18.327
18.463
18.602000000000004
18.724999999999998
18.837
18.944000000000003
19.045
19.148
19.25
19.351
19.459999999999997
19.562999999999995
19.66
19.767000000000003
19.889999999999997
20.018
20.148999999999997
20.270999999999997
20.393000000000004
20.511
20.619999999999997
20.740000000000002
20.868999999999993
21.000000000000004
21.128000000000004
21.251
21.365
21.487
21.615000000000006
21.738
21.868
21.98
22.087
22.186999999999998
22.283
22.383
22.493
22.613
22.740999999999996
22.870999999999995
23.002
23.131999999999998
23.267
23.405
23.544999999999998
23.681
23.807000000000002
23.929000000000002
24.039
24.158999999999995
24.281000000000002
24.418
24.556000000000004
24.705999999999996
24.866000000000003
25.024
25.171000000000003
25.301
25.412
25.5
25.581999999999997
25.643
25.700000000000003
25.764
25.833
25.915000000000003
26.005
26.087
26.156000000000002
26.217000000000002
26.269
26.318
26.363999999999997
26.394000000000002
26.413
26.422
26.413000000000004
26.395
26.369999999999997
26.345000000000002
26.324
26.311
26.299000000000007
26.296
26.294
26.292999999999996
26.293999999999997
26.306
26.329000000000004
26.358999999999998
26.397
26.446
26.491999999999997
26.531
26.573
26.611000000000004
26.639
26.667000000000005
26.698
26.728
26.758999999999997
26.788999999999998
26.819000000000003
26.853999999999996
26.889000000000003
26.922
26.953000000000007
26.975
26.993999999999993
27.005
27.006999999999998
27.020000000000003
27.041
27.062000000000005
27.083999999999993
27.107
27.128999999999998
27.163999999999998
27.203
27.238000000000007
27.283
27.326
27.375
27.43
27.489
27.555
27.624999999999996
27.691000000000003
27.740999999999996
27.795999999999996
27.841
27.897000000000002
27.957999999999995
28.020000000000003
28.081
28.146000000000004
28.21
28.277
28.342
28.405
28.472
28.530999999999995
28.587999999999997
28.651999999999997
28.714
28.777000000000005
28.840000000000003
28.900999999999996
28.962999999999997
29.014000000000003
29.065999999999995
29.110000000000003
29.159000000000002
29.194000000000003
29.22
29.239
29.252999999999997
29.27
29.301000000000002
29.345999999999997
29.397000000000002
29.459999999999994
29.525999999999993
29.593
29.665
29.745999999999995
29.839000000000002
29.948999999999998
30.072000000000006
30.205000000000002
30.35
30.509
30.674000000000003
30.857999999999997
31.049
31.244
31.449
31.671999999999993
31.901999999999994
32.13999999999999
32.386
32.611
32.82
32.998000000000005
33.158
33.296
33.422000000000004
33.532000000000004
33.628
33.709
33.778
33.838
33.902
33.976
34.053000000000004
34.134
34.227
34.32300000000001
34.417
34.52199999999999
34.636
34.755
34.879999999999995
35.024
35.18300000000001
35.346000000000004
35.515
35.698
35.885999999999996
36.077000000000005
36.25599999999999
36.426
36.58500000000001
36.74
36.891000000000005
37.041000000000004
37.19199999999999
37.336000000000006
37.476000000000006
37.632000000000005
37.785999999999994
37.928999999999995
38.064
38.185
38.291000000000004
38.393
38.498000000000005
38.609
38.73800000000001
38.87499999999999
39.02700000000001
39.18299999999999
39.345
39.524
39.717999999999996
39.913
40.111
40.29
40.453
40.605
40.74400000000001
40.897
41.038
41.17300000000001
41.30500000000001
41.43300000000001
41.56299999999999
41.691
41.827
41.974
42.126
42.275
42.424
42.589
42.768
42.973
43.2
43.449000000000005
43.71000000000001
43.961999999999996
44.20399999999999
44.44199999999999
44.67699999999999
44.913000000000004
45.143
45.353
45.538
45.714
45.885999999999996
46.062
46.237
46.40500000000001
46.584
46.733000000000004
46.865
46.994
47.12200000000001
47.242999999999995
47.358999999999995
47.46
47.553000000000004
47.65800000000001
47.785
47.935
48.104000000000006
48.294999999999995
48.498
48.71199999999999
48.937
49.166
49.405
49.63099999999999
49.84999999999999
50.059
50.253
50.451
50.652
50.855
51.064
51.266000000000005
51.459
51.632999999999996
51.79299999999999
51.945
52.088
52.237
52.39399999999999
52.55600000000001
52.726
52.913
53.11599999999999
53.329
53.555
53.79899999999999
54.04800000000001
54.286
54.51299999999999
54.733
54.949
55.166000000000004
55.397
55.638000000000005
55.887
56.139
56.40299999999999
56.66499999999999
56.92500000000001
57.18400000000001
57.429
57.65400000000001
57.85500000000002
58.043
58.21799999999999
58.377
58.522000000000006
58.667
58.803000000000004
58.945
59.097
59.258
59.42400000000001
59.584
59.756
59.926
60.106
60.29099999999998
60.483
60.690000000000005
60.901999999999994
61.12100000000001
61.342999999999996
61.57600000000001
61.81399999999999
62.04999999999999
62.278000000000006
62.49900000000001
62.708
62.904
63.085
63.28099999999999
63.485
63.69599999999999
63.914999999999985
64.12700000000001
64.339
64.55499999999999
64.782
65.011
65.24499999999999
65.471
65.688
65.89
66.072
66.263
66.458
66.656
66.86300000000001
67.057
67.247
67.439
67.63099999999999
67.819
67.998
68.183
68.37500000000001
68.571
68.75800000000001
68.93900000000001
69.11899999999999
69.316
69.519
69.731
69.95200000000001
70.16900000000001
70.391
70.60399999999998
70.80699999999999
71.00700000000002
71.19800000000001
71.38499999999999
71.572
71.76700000000001
71.961
72.151
72.33300000000001
72.499
72.649
72.791
72.925
73.04899999999999
73.179
73.30199999999999
73.423
73.53
73.62299999999999
73.717
73.81099999999999
73.90799999999999
74.00800000000001
74.08800000000001
74.15299999999999
74.21700000000001
74.28399999999999
74.36
74.444
74.539
74.64100000000002
74.73600000000002
74.84200000000001
74.96100000000001
75.101
75.244
75.395
75.544
75.695
75.83699999999999
75.986
76.147
76.31199999999998
76.487
76.67200000000001
76.86
77.049
77.24800000000002
77.44500000000002
77.654
77.864
78.076
78.28300000000002
78.47700000000002
78.662
78.83899999999998
79.00900000000001
79.17
79.322
79.452
79.57399999999998
79.687
79.791
79.888
79.98100000000001
80.061
80.12899999999999
80.18900000000002
80.24000000000001
80.30599999999998
80.377
80.45299999999997
80.518
80.586
80.66800000000002
80.76599999999999
80.87
80.975
81.088
81.198
81.298
81.39799999999998
81.50399999999999
81.63
81.77000000000001
81.92200000000001
82.07900000000001
82.224
82.35499999999998
82.47500000000001
82.60300000000001
82.73200000000001
82.86699999999999
82.992
83.099
83.205
83.30699999999999
83.42399999999999
83.553
83.69300000000001
83.839
83.97099999999999
84.09899999999999
84.224
84.344
84.469
84.60399999999998
84.742
84.88900000000001
85.055
85.23000000000002
85.417
85.61599999999999
85.82899999999998
86.03699999999999
86.24699999999999
86.45399999999998
86.65
86.843
87.03900000000002
87.227
87.405
87.56499999999998
87.737
87.90599999999999
88.074
88.227
88.37500000000001
88.51200000000001
88.63000000000002
88.72800000000001
88.817
88.88899999999998
88.961
89.031
89.109
89.184
89.26300000000002
89.34499999999998
89.44
89.53999999999998
89.645
89.753
89.86000000000003
89.95800000000001
90.053
90.14500000000001
90.24000000000001
90.33800000000001
90.43599999999999
90.532
90.619
90.69900000000001
90.79
90.88400000000001
90.97600000000001
91.06400000000001
91.152
91.237
91.34600000000002
91.465
91.60000000000001
91.746
91.892
92.04300000000002
92.199
92.357
92.53200000000001
92.72099999999999
92.902
93.07800000000002
93.24499999999999
93.42
93.601
93.77300000000001
93.939
94.10900000000001
94.286
94.463
94.64599999999997
94.833
95.029
95.221
95.39600000000002
95.55399999999999
95.701
95.85099999999998
96.009
96.176
96.338
96.494
96.65200000000002
96.807
96.96199999999999
97.127
97.29599999999999
97.461
97.614
97.74400000000001
97.86599999999999
97.97500000000002
98.099
98.23200000000001
98.35400000000001
98.47600000000001
98.596
98.70700000000001
98.804
98.89800000000001
98.987
99.06799999999998
99.12400000000001
99.16100000000002
99.172
99.16799999999999
99.16399999999999
99.14699999999999
99.13799999999999
99.13400000000001
99.14
99.162
99.19500000000001
99.24199999999999
99.281
99.32199999999997
99.34400000000001
99.36599999999999
99.37799999999999
99.384
99.38399999999999
99.38699999999999
99.40099999999998
99.41699999999999
99.434
99.44099999999999
99.44000000000001
99.44799999999998
99.46599999999998
99.494
99.532
99.57300000000004
99.61300000000001
99.66799999999999
99.716
99.795
99.88799999999999
99.99399999999999
100.104
100.22099999999999
100.33899999999998
100.45999999999998
100.593
100.73799999999999
100.889
101.05199999999999
101.21400000000001
101.369
101.52300000000001
101.67300000000002
101.809
101.935
102.045
102.15000000000002
102.24799999999998
102.33199999999998
102.41499999999999
102.49300000000001
102.566
102.642
102.71600000000001
102.78699999999999
102.86000000000001
102.92200000000001
102.976
103.02799999999999
103.08100000000002
103.131
103.17800000000001
103.22699999999999
103.28200000000002
103.334
103.404
103.489
103.56999999999998
103.64899999999999
103.72899999999998
103.79299999999999
103.85199999999999
103.91199999999999
103.983
104.059
104.133
104.19699999999999
104.26999999999998
104.34
104.42
104.512
104.61300000000001
104.732
104.85700000000003
104.985
105.111
105.232
105.378
105.525
105.67499999999998
105.83599999999998
105.996
106.153
106.305
106.45
106.608
106.781
106.971
107.176
107.38400000000001
107.601
107.82
108.04899999999998
108.27899999999997
108.52700000000002
108.77100000000002
109.00699999999999
109.25699999999999
109.52000000000001
109.79
110.064
110.34700000000001
110.62700000000001
110.926
111.22800000000001
111.52300000000001
111.82499999999999
112.12300000000002
112.425
112.74
113.05000000000001
113.35200000000002
113.65
113.94200000000001
114.221
114.495
114.741
114.989
115.203
115.393
115.55799999999999
115.707
115.839
115.96199999999999
116.06899999999999
116.17599999999999
116.28099999999999
116.37099999999998
116.44499999999998
116.51300000000002
116.577
116.64400000000002
116.72600000000001
116.819
116.921
117.032
117.15499999999999
117.28400000000002
117.43100000000001
117.58
117.737
117.89800000000001
118.06000000000002
118.213
118.36299999999999
118.518
118.677
118.82199999999999
118.95
119.07300000000001
119.18599999999999
119.28599999999999
119.379
119.45500000000001
119.52
119.56400000000001
119.59100000000002
119.615
119.637
119.661
119.69500000000001
119.715
119.729
119.74599999999998
119.751
119.76899999999999
119.78899999999999
119.81400000000001
119.84
119.86999999999999
119.91399999999999
119.96100000000001
120.01299999999999
120.07300000000001
120.15099999999998
120.24299999999998
120.34699999999998
120.447
120.56000000000002
120.67600000000002
120.78699999999996
120.90700000000001
121.03200000000001
121.16899999999998
121.31900000000002
121.468
121.603
121.71600000000001
121.81400000000002
121.89800000000001
121.98400000000001
122.071
122.15899999999999
122.24799999999999
122.32199999999999
122.403
122.48800000000003
122.581
122.667
122.75500000000001
122.847
122.93900000000001
123.041
123.14500000000001
123.24999999999999
123.35900000000001
123.468
123.57
123.66000000000001
123.738
123.811
123.878
123.93199999999997
123.97399999999998
124.014
124.04799999999997
124.083
124.11500000000001
124.146
124.184
124.22699999999999
124.275
124.33199999999998
124.37700000000001
124.42599999999999
124.446
124.453
124.45499999999998
124.46199999999997
124.47800000000002
124.50900000000003
124.54500000000002
124.584
124.62599999999999
124.67299999999999
124.72999999999998
124.791
124.85
124.90799999999999
124.98999999999998
125.07799999999997
125.16600000000001
125.254
125.35
125.453
125.558
125.666
125.79800000000002
125.95400000000001
126.12699999999998
126.308
126.48899999999999
126.66699999999999
126.849
127.03399999999998
127.21699999999998
127.395
127.57999999999998
127.75899999999999
127.92699999999998
128.08499999999998
128.261
128.428
128.581
128.73799999999997
128.874
129.001
129.10500000000002
129.20600000000002
129.299
129.388
129.45300000000003
129.501
129.536
129.547
129.55100000000002
129.539
129.52399999999997
129.50600000000003
129.482
129.465
129.44799999999998
129.443
129.435
129.423
129.412
129.407
129.423
129.457
129.49800000000002
129.534
129.563
129.594
129.617
129.63
129.639
129.659
129.66400000000002
129.65
129.64600000000002
129.634
129.616
129.59099999999998
129.563
129.538
129.516
129.50100000000003
129.499
129.51500000000001
129.541
129.574
129.601
129.63199999999998
129.661
129.69899999999998
129.73899999999998
129.78199999999998
129.818
129.848
129.874
129.905
129.942
129.97799999999998
130.01999999999998
130.06699999999998
130.118
130.17800000000003
130.24499999999998
130.30699999999996
130.377
130.45399999999998
130.539
130.62900000000002
130.73200000000003
130.83499999999998
130.93900000000002
131.04700000000003
131.165
131.283
131.38600000000002
131.478
131.566
131.64499999999998
131.72500000000002
131.792
131.85600000000002
131.91199999999998
131.964
132.003
132.027
132.04399999999998
132.06400000000002
132.09199999999998
132.12
132.148
132.19199999999998
132.24699999999999
132.29100000000003
132.34400000000002
132.39700000000002
132.447
132.48399999999998
132.529
132.57399999999998
132.616
132.654
132.687
132.70700000000002
132.714
132.71299999999997
132.68
132.64100000000002
132.59099999999998
132.527
132.45799999999997
132.38500000000002
132.321
132.24699999999999
132.163
132.08699999999996
132.01399999999998
131.955
131.892
131.82
131.76
131.702
131.647
131.589
131.52100000000002
131.457
131.39400000000003
131.343
131.277
131.214
131.15299999999996
131.08300000000003
131.001
130.894
130.777
130.641
130.504
130.373
130.25
130.114
129.97899999999998
129.84
129.69500000000002
129.554
129.418
129.279
129.136
129.00300000000001
128.865
128.72500000000002
128.58200000000002
128.43400000000003
128.293
128.17
128.06699999999998
127.98099999999998
127.893
127.80299999999998
127.71600000000001
127.64600000000002
127.58799999999998
127.552
127.529
127.51299999999999
127.51199999999999
127.511
127.51700000000001
127.516
127.518
127.504
127.48399999999998
127.44800000000001
127.41099999999999
127.35200000000002
127.27099999999999
127.178
127.088
126.99900000000001
126.922
126.84800000000001
126.78900000000002
126.733
126.68800000000002
126.629
126.56599999999999
126.495
126.42499999999998
126.35700000000001
126.28100000000002
126.20400000000001
126.12500000000001
126.026
125.916
125.823
125.73899999999999
125.663
125.59999999999998
125.53800000000001
125.46700000000003
125.392
125.32900000000002
125.25700000000002
125.18800000000002
125.131
125.07399999999998
125.00699999999999
124.94000000000003
124.885
124.83300000000003
124.779
124.72399999999999
124.64599999999999
124.554
124.477
124.406
124.334
124.26400000000001
124.19300000000001
124.128
124.07800000000002
124.025
124.001
123.991
124.00099999999999
124.029
124.04700000000003
124.068
124.08099999999999
124.108
124.12799999999999
124.16
124.20499999999998
124.255
124.32600000000001
124.41300000000001
124.51999999999998
124.628
124.72700000000002
124.819
124.911
125.00100000000002
125.095
125.186
125.268
125.345
125.41599999999998
125.492
125.57100000000001
125.655
125.74
125.824
125.919
126.008
126.08399999999999
126.143
126.187
126.23400000000001
126.272
126.30199999999999
126.314
126.30299999999998
126.269
126.2
126.12099999999998
126.014
125.89699999999999
125.76599999999998
125.61699999999999
125.462
125.29999999999998
125.14499999999998
124.998
124.845
124.71700000000001
124.622
124.54899999999999
124.49300000000001
124.447
124.39699999999999
124.355
124.32
124.29399999999998
124.27199999999999
124.25299999999999
124.237
124.23500000000001
124.23799999999999
124.25099999999999
124.26599999999998
124.283
124.31100000000002
124.34899999999999
124.391
124.425
124.444
124.46799999999999
124.489
124.50799999999998
124.53299999999999
124.549
124.56000000000002
124.571
124.59000000000002
124.6
124.624
124.639
124.64399999999999
124.649
124.64900000000002
124.65499999999999
124.66300000000001
124.67599999999999
124.69099999999999
124.68
124.65499999999999
124.61000000000001
124.544
124.46199999999999
124.362
124.244
124.11699999999999
123.95199999999998
123.76699999999998
123.56
123.34799999999998
123.147
122.952
122.772
122.599
122.44999999999999
122.314
122.19700000000002
122.101
122.02000000000001
121.95500000000001
121.883
121.818
121.765
121.71699999999998
121.669
121.61399999999999
121.539
121.453
121.35
121.23499999999999
121.123
121.009
120.89600000000002
120.788
120.681
120.57000000000002
120.44999999999999
120.32699999999997
120.205
120.08800000000001
119.965
119.816
119.65700000000001
119.49199999999999
119.322
119.156
118.991
118.839
118.678
118.52600000000001
118.37700000000001
118.226
118.09400000000001
117.957
117.81900000000002
117.674
117.526
117.363
117.197
117.016
116.81900000000002
116.60399999999998
116.363
116.11
115.841
115.549
115.241
114.919
114.595
114.27400000000002
113.93699999999998
113.596
113.25199999999998
112.915
112.572
112.218
111.85499999999999
111.491
111.12299999999999
110.759
110.38600000000001
110.005
109.63000000000001
109.24900000000001
108.878
108.51
108.17400000000002
107.85100000000001
107.54799999999999
107.26800000000001
107.01
106.78399999999999
106.58800000000001
106.42800000000003
106.29299999999998
106.19200000000001
106.12100000000001
106.08499999999998
106.07699999999998
106.09900000000002
106.149
106.216
106.29499999999999
106.382
106.475
106.56200000000001
106.654
106.73799999999999
106.81000000000002
106.87499999999999
106.93
106.973
107.003
107.018
107.00899999999999
106.97999999999999
106.92899999999997
106.856
106.759
106.644
106.529
106.41000000000001
106.28000000000002
106.141
106.00999999999999
105.885
105.78200000000001
105.69500000000002
105.627
105.56
105.49599999999997
105.42500000000001
105.348
105.268
105.19300000000001
105.13600000000001
105.07200000000002
105.00699999999999
104.94099999999999
104.87299999999999
104.82
104.797
104.78999999999999
104.78699999999999
104.783
104.788
104.801
104.81099999999999
104.82799999999999
104.84800000000001
104.85900000000001
104.87200000000001
104.887
104.906
104.938
104.971
105.01700000000002
105.079
105.137
105.19399999999999
105.24400000000001
105.29899999999998
105.36200000000001
105.43800000000002
105.512
105.59999999999998
105.68299999999999
105.772
105.87100000000001
105.97699999999999
106.09400000000001
106.22100000000002
106.341
106.459
106.58200000000001
106.71
106.859
107.02099999999999
107.20400000000001
107.39800000000001
107.60700000000001
107.82300000000001
108.04299999999999
108.27499999999999
108.53
108.788
109.04099999999998
109.28899999999999
109.529
109.746
109.957
110.16199999999998
110.34999999999998
110.522
110.678
110.80999999999999
110.906
110.975
111.02799999999999
111.06
111.065
111.04999999999998
111.013
110.969
110.909
110.84199999999998
110.769
110.71099999999998
110.66199999999999
110.604
110.55300000000001
110.51400000000001
110.47799999999998
110.449
110.427
110.4
110.36800000000001
110.337
110.311
110.29100000000003
110.28399999999999
110.272
110.26899999999998
110.28199999999998
110.306
110.33599999999998
110.363
110.381
110.40299999999999
110.41600000000001
110.409
110.38799999999999
110.34699999999998
110.297
110.23700000000001
110.16300000000001
110.093
110.02
109.95300000000002
109.87599999999999
109.79000000000002
109.708
109.62699999999998
109.555
109.50699999999999
109.46400000000001
109.426
109.40400000000001
109.398
109.40899999999999
109.439
109.47200000000001
109.504
109.532
109.549
109.55900000000003
109.53900000000002
109.506
109.44599999999998
109.359
109.25299999999999
109.12299999999999
108.98799999999999
108.834
108.678
108.517
108.365
108.219
108.071
107.912
107.755
107.59600000000002
107.43499999999999
107.26800000000001
107.107
106.934
106.73999999999998
106.53099999999999
106.306
106.07600000000001
105.836
105.594
105.344
105.096
104.83
104.54499999999999
104.24600000000001
103.93399999999998
103.62400000000001
103.30900000000001
103.00000000000003
102.687
102.375
102.06900000000002
101.767
101.476
101.209
100.946
100.694
100.45200000000001
100.22099999999999
99.99899999999998
99.791
99.59499999999998
99.411
99.24000000000001
99.064
98.877
98.694
98.50699999999999
98.322
98.12899999999999
97.924
97.706
97.481
97.25800000000001
97.04199999999999
96.831
96.632
96.43900000000002
96.242
96.063
95.883
95.697
95.506
95.31299999999999
95.129
94.95400000000001
94.75899999999999
94.57799999999999
94.412
94.26399999999998
94.143
94.036
93.944
93.85799999999999
93.77399999999999
93.699
93.63000000000001
93.577
93.534
93.49000000000001
93.448
93.405
93.35000000000001
93.29
93.223
93.14499999999998
93.046
92.926
92.793
92.649
92.49300000000001
92.33800000000002
92.181
92.023
91.889
91.76100000000001
91.657
91.57700000000001
91.52099999999999
91.488
91.46000000000001
91.439
91.413
91.373
91.31899999999999
91.247
91.16600000000001
91.09200000000001
91.011
90.922
90.836
90.761
90.68799999999999
90.64
90.61500000000001
90.6
90.60700000000001
90.62200000000001
90.658
90.70299999999999
90.76800000000001
90.844
90.93100000000001
91.03299999999999
91.14399999999999
91.25999999999999
91.38499999999999
91.517
91.65
91.791
91.925
92.04599999999999
92.15500000000002
92.236
92.312
92.382
92.44199999999998
92.488
92.52999999999999
92.576
92.618
92.65199999999999
92.67099999999999
92.679
92.693
92.712
92.72600000000001
92.752
92.784
92.81599999999999
92.86500000000001
92.926
92.99499999999999
93.07700000000001
93.16599999999998
93.25800000000001
93.32300000000001
93.361
93.379
93.373
93.34
93.29299999999999
93.232
93.16
93.07100000000001
92.96999999999998
92.875
92.774
92.678
92.58800000000002
92.479
92.359
92.22799999999998
92.07700000000001
91.92999999999999
91.77999999999999
91.616
91.44300000000001
91.25800000000001
91.061
90.856
90.645
90.44100000000002
90.23700000000001
90.033
89.826
89.627
89.44500000000002
89.27199999999999
89.10700000000001
88.95100000000001
88.78999999999999
88.63399999999999
88.48100000000001
88.323
88.16199999999999
88.00999999999999
87.862
87.716
87.56
87.40800000000002
87.253
87.11099999999999
86.989
86.872
86.76700000000001
86.66199999999999
86.552
86.441
86.329
86.218
86.10700000000001
85.983
85.831
85.658
85.47399999999999
85.27
85.05899999999998
84.834
84.599
84.352
84.089
83.81200000000001
83.53099999999999
83.24699999999999
82.969
82.67699999999999
82.367
82.04599999999999
81.721
81.39599999999999
81.074
80.75399999999999
80.455
80.14799999999998
79.84800000000001
79.554
79.27099999999999
79.006
78.753
78.512
78.278
78.068
77.872
77.687
77.507
77.32100000000001
77.13799999999999
76.94200000000001
76.749
76.542
76.322
76.104
75.881
75.646
75.41199999999999
75.19200000000001
74.98800000000001
74.793
74.607
74.446
74.289
74.126
73.957
73.784
73.61099999999999
73.447
73.28500000000001
73.119
72.941
72.769
72.59900000000002
72.429
72.265
72.08299999999998
71.884
71.67899999999999
71.46600000000001
71.245
71.021
70.795
70.571
70.339
70.101
69.86900000000001
69.642
69.41999999999999
69.193
68.954
68.717
68.478
68.245
68.01599999999999
67.794
67.57300000000001
67.354
67.13000000000001
66.907
66.69
66.49
66.294
66.103
65.90899999999999
65.704
65.501
65.29299999999999
65.09
64.88300000000001
64.674
64.474
64.269
64.05799999999999
63.841
63.629
63.407000000000004
63.185
62.966
62.74799999999998
62.527
62.315999999999995
62.11300000000001
61.918
61.736999999999995
61.56699999999999
61.411
61.260000000000005
61.10599999999999
60.964999999999996
60.817
60.65000000000001
60.483999999999995
60.315
60.150999999999996
59.981
59.818999999999996
59.657000000000004
59.49099999999999
59.321000000000005
59.132000000000005
58.927
58.699000000000005
58.454
58.197
57.92699999999999
57.647
57.354
57.06400000000001
56.763000000000005
56.464
56.164
55.867999999999995
55.575
55.269999999999996
54.958000000000006
54.644000000000005
54.31399999999999
53.991
53.676
53.377
53.086
52.803
52.528999999999996
52.277
52.042
51.815
51.593
51.361999999999995
51.12799999999999
50.885000000000005
50.625
50.35499999999999
50.07299999999999
49.792
49.515
49.251999999999995
49.00699999999999
48.772999999999996
48.548
48.338
48.134
47.93899999999999
47.741
47.547
47.356
47.163999999999994
46.973
46.78
46.585
46.393
46.192
45.983
45.76199999999999
45.537000000000006
45.306
45.068999999999996
44.824000000000005
44.562999999999995
44.294000000000004
44.02
43.731
43.437000000000005
43.147
42.858999999999995
42.576
42.294
42.015
41.738
41.474000000000004
41.195
40.917
40.643
40.36999999999999
40.107
39.857
39.629000000000005
39.412
39.19800000000001
38.981
38.765
38.544000000000004
38.32300000000001
38.101
37.873999999999995
37.635999999999996
37.383
37.117999999999995
36.855999999999995
36.595
36.351
36.125
35.894000000000005
35.666
35.43300000000001
35.202
34.971000000000004
34.727000000000004
34.479
34.235
33.989000000000004
33.743
33.505
33.267
33.03
32.80100000000001
32.574
32.35
32.125
31.900999999999996
31.668999999999997
31.435999999999996
31.203
30.968999999999998
30.741
30.519000000000002
30.307000000000002
30.105000000000004
29.911
29.721000000000004
29.524
29.321
29.12
28.924
28.724
28.519999999999996
28.324
28.131999999999998
27.954000000000004
27.784999999999997
27.626999999999995
27.491999999999994
27.375
27.262999999999998
27.149
27.026999999999997
26.904
26.78
26.646
26.513000000000005
26.377000000000002
26.238
26.084
25.933000000000003
25.767
25.599999999999998
25.435000000000002
25.272999999999996
25.11
24.949000000000005
24.795
24.651
24.511000000000003
24.378000000000004
24.246
24.11
23.979
23.852999999999998
23.730999999999998
23.607
23.476000000000003
23.345000000000002
23.216
23.091
22.97
22.851999999999997
22.723
22.602000000000004
22.476000000000003
22.354000000000003
22.253999999999998
22.155
22.055000000000003
21.953
21.861
21.770000000000003
21.680000000000003
21.589
21.5
21.423000000000002
21.348000000000003
21.277
21.198
21.116
21.036999999999995
20.961
20.877999999999997
20.793
20.714999999999996
20.634999999999998
20.552
20.463
20.381999999999998
20.302
20.217000000000002
20.129
20.035000000000004
19.949999999999996
19.865000000000002
19.771000000000004
19.676
19.586000000000002
19.501
19.424
19.351000000000003
19.279
19.211
19.152
19.097999999999995
19.052
19.002000000000002
18.941
18.88
18.819
18.761999999999997
18.706
18.653000000000002
18.599
18.533
18.465
18.395
18.328
18.251
18.173
18.076
17.970999999999997
17.859
17.746
17.624000000000002
17.502
17.380000000000003
17.258
17.135
17.022000000000002
16.918
16.826999999999998
16.741
16.66
16.58
16.496000000000002
16.407
16.317999999999998
16.238
16.157
16.093000000000004
16.032999999999998
15.967
15.892000000000001
15.816
15.733000000000002
15.644
15.552999999999999
15.456
15.36
15.258999999999999
15.161
15.063999999999998
14.972999999999999
14.895999999999999
14.831999999999999
14.770000000000001
14.713999999999999
14.657
14.592
14.527000000000001
14.462
14.399
14.321000000000002
14.245
14.164
14.085
14.004
13.93
13.861
13.782
13.698
13.603
13.503000000000002
13.398
13.283999999999999
13.162999999999998
13.032
12.896
12.756
12.610000000000001
12.465999999999998
12.336
12.216
12.092
11.97
11.851
11.738000000000001
11.625
11.514999999999999
11.419000000000002
11.331000000000001
11.249
11.171000000000001
11.099
11.031
10.977
10.925
10.867999999999999
10.81
10.747
10.68
10.614999999999998
10.55
10.477999999999998
10.403
10.347000000000001
10.305
10.264000000000001
10.229
10.196000000000002
10.16
10.113
10.061
10.007
9.945
9.884
9.821
9.757
9.689
9.637999999999998
9.598
9.56
9.52
9.484
9.446000000000002
9.402999999999999
9.356
9.304
9.247
9.186
9.122
9.054
8.987
8.93
8.883
8.837
8.793000000000001
8.751000000000001
8.709999999999999
8.656999999999998
8.600000000000001
8.543999999999999
8.491
8.437999999999999
8.386000000000001
8.328
8.262
8.206
8.149
8.100999999999999
8.056000000000001
8.012
7.9719999999999995
7.919999999999999
7.861000000000001
7.8039999999999985
7.746
7.6930000000000005
7.644
7.588
7.531000000000001
7.49
7.4590000000000005
7.433999999999999
7.409
7.385999999999999
7.367
7.345000000000001
7.3180000000000005
7.289000000000001
7.260999999999999
7.242
7.228
7.206
7.181
7.163
7.152000000000001
7.1499999999999995
7.1530000000000005
7.158999999999999
7.162000000000001
7.161
7.156
7.146999999999999
7.140000000000001
7.132999999999999
7.124999999999999
7.109
7.090000000000001
7.072999999999999
7.059
7.042
7.023000000000001
7.004
6.986999999999998
6.966000000000001
6.941999999999999
6.925
6.909
6.898
6.888999999999999
6.87
6.845
6.829000000000001
6.814
6.787
6.754
6.722999999999999
6.691000000000001
6.66
6.63
6.596
6.5600000000000005
6.531000000000001
6.505999999999999
6.474
6.439000000000001
6.408
6.379
6.349
6.318999999999999
6.289
6.263
6.237
6.214
6.187
6.158000000000001
6.134
6.1129999999999995
6.091999999999999
6.071
6.054
6.034
6.013999999999999
5.996
5.984
5.971
5.957
5.942
5.925000000000001
5.901
5.877000000000001
5.853
5.826
5.8
5.78
5.763
5.7459999999999996
5.729
5.709
5.686999999999999
5.664999999999999
5.638
5.614
5.59
5.568
5.55
5.526000000000001
5.501
5.485
5.471
5.457999999999999
5.446999999999999
5.425999999999999
5.402
5.377000000000001
5.343
5.305000000000001
5.265
5.234
5.208
5.180000000000001
5.151999999999999
5.138999999999999
5.129
5.119
5.112
5.1
5.084
5.069
5.055
5.0360000000000005
5.013999999999999
5.0009999999999994
4.99
4.9799999999999995
4.972
4.968999999999999
4.965
4.959
4.949999999999999
4.941
4.933
4.9270000000000005
4.921999999999999
4.9030000000000005
4.879999999999999
4.856000000000001
4.836
4.813000000000001
4.787999999999999
4.7700000000000005
4.756
4.742
4.729
4.721
4.715
4.711
4.709
4.704000000000001
4.696000000000001
4.699
4.709999999999999
4.718999999999999
4.728
4.747
4.768
4.789
4.809
4.818
4.819000000000001
4.8229999999999995
4.824999999999999
4.822
4.8100000000000005
4.805999999999999
4.809
4.813
4.816
4.821
4.826
4.832
4.840999999999999
4.842
4.837
4.832
4.829
4.819000000000001
4.801
4.789999999999999
4.785
4.783999999999999
4.785
4.7909999999999995
4.795999999999999
4.800000000000001
4.8020000000000005
4.792
4.781
4.77
4.758
4.741
4.723000000000001
4.712
4.702
4.694
4.685
4.681
4.678
4.670999999999999
4.662999999999999
4.641
4.612
4.591
4.574
4.556
4.541
4.534
4.53
4.526000000000001
4.521
4.518
4.516
4.51
4.506
4.492
4.4719999999999995
4.458
4.446
4.429
4.408
4.392
4.382
4.373
4.3629999999999995
4.353
4.3420000000000005
4.3309999999999995
4.322
4.302
4.276
4.255
4.2330000000000005
4.206
4.177
4.1610000000000005
4.149
4.139
4.125
4.1129999999999995
4.105
4.1
4.0920000000000005
4.075
4.0520000000000005
4.032
4.013999999999999
3.9960000000000004
3.9730000000000003
3.95
3.9290000000000003
3.908
3.891
3.873
3.8529999999999998
3.831
3.811
3.784
3.754
3.737
3.7259999999999995
3.707
3.6870000000000003
3.6719999999999997
3.6620000000000004
3.653
3.641
3.619
3.5979999999999994
3.577
3.5549999999999997
3.532
3.506
3.49
3.476
3.457
3.4379999999999997
3.428
3.425
3.4230000000000005
3.421
3.414
3.404
3.395
3.388
3.3800000000000003
3.373
3.3770000000000002
3.384
3.3920000000000003
3.402
3.4150000000000005
3.4280000000000004
3.439
3.45
3.4519999999999995
3.453
3.4499999999999997
3.446
3.441
3.436
3.442
3.4539999999999997
3.468
3.481
3.4949999999999997
3.505
3.513
3.52
3.5240000000000005
3.5269999999999997
3.526
3.521
3.5149999999999997
3.5069999999999997
3.5100000000000002
3.516
3.5189999999999997
3.523
3.5219999999999994
3.524
3.527
3.5269999999999997
3.525
3.5210000000000004
3.5130000000000003
3.503
3.4930000000000003
3.4810000000000003
3.479
3.486
3.4959999999999996
3.5060000000000002
3.515
3.523
3.5269999999999997
3.5309999999999997
3.534
3.538
3.542
3.544
3.545
3.546
3.5540000000000003
3.564
3.5769999999999995
3.59
3.5989999999999998
3.61
3.624
3.6380000000000003
3.649
3.657
3.668
3.6809999999999996
3.688
3.6929999999999996
3.706
3.72
3.732
3.7430000000000003
3.7569999999999997
3.77
3.7829999999999995
3.7969999999999997
3.8019999999999996
3.8049999999999997
3.814
3.8209999999999997
3.8249999999999993
3.8310000000000004
3.8380000000000005
3.845
3.8510000000000004
3.8560000000000003
3.8649999999999993
3.872
3.876
3.879
3.877
3.875
3.8750000000000004
3.878
3.8789999999999996
3.8810000000000002
3.883
3.883
3.88
3.875
3.87
3.864
3.859
3.8530000000000006
3.8360000000000003
3.8120000000000003
3.7960000000000003
3.782
3.769
3.755
3.741
3.728
3.7159999999999993
3.7039999999999997
3.691
3.678
3.6659999999999995
3.6550000000000002
3.6390000000000002
3.621
3.602
3.583
3.566
3.55
3.531
3.5119999999999996
3.4929999999999994
3.473
3.4539999999999997
3.4360000000000004
3.4269999999999996
3.422
3.4160000000000004
3.4139999999999997
3.4130000000000003
3.413
3.4150000000000005
3.4179999999999997
3.4190000000000005
3.4189999999999996
3.418
3.4139999999999997
3.4070000000000005
3.4
3.399
3.3980000000000006
3.3970000000000002
3.3960000000000004
3.3980000000000006
3.3999999999999995
3.3970000000000002
3.393
3.3870000000000005
3.381
3.374
3.367
3.3580000000000005
3.348
3.339
3.33
3.315
3.297
3.284
3.269
3.2560000000000002
3.2429999999999994
3.235
3.227
3.218
3.2110000000000003
3.202
3.1959999999999997
3.192
3.189
3.184
3.1769999999999996
3.179
3.183
3.1890000000000005
3.197
3.205
3.2109999999999994
3.218
3.224
3.221
3.2199999999999998
3.219
3.2180000000000004
3.214
3.2089999999999996
3.21
3.2119999999999997
3.215
3.2169999999999996
3.2139999999999995
3.208
3.2089999999999996
3.212
3.212
3.2089999999999996
3.202
3.194
3.1820000000000004
3.166
3.16
3.16
3.16
3.159
3.154
3.1470000000000002
3.143
3.1370000000000005
3.128
3.1180000000000003
3.1089999999999995
3.099
3.086
3.0729999999999995
3.066
3.061
3.06
3.0600000000000005
3.059
3.058
3.061
3.0629999999999997
3.0599999999999996
3.0559999999999996
3.0509999999999997
3.043
3.0330000000000004
3.02
3.008
2.9909999999999997
2.9730000000000003
2.956
2.9370000000000003
2.918
2.9050000000000002
2.895
2.885
2.873
2.862
2.851
2.838
2.8249999999999997
2.815
2.807
2.796
2.7840000000000003
2.776
2.77
2.767
2.766
2.759
2.7520000000000002
2.7439999999999993
2.7359999999999998
2.73
2.725
2.721
2.719
2.715
2.714
2.71
2.705
2.699
2.696
2.6879999999999997
2.676
2.665
2.652
2.6390000000000002
2.6270000000000002
2.613
2.5970000000000004
2.5810000000000004
2.564
2.546
2.528
2.513
2.497
2.472
2.4450000000000003
2.425
2.403
2.38
2.357
2.336
2.317
2.297
2.277
2.257
2.2359999999999998
2.219
2.202
2.178
2.154
2.133
2.116
2.1020000000000003
2.0900000000000003
2.0820000000000003
2.078
2.0740000000000003
2.07
2.065
2.06
2.061
2.065
2.0700000000000003
2.075
2.082
2.088
2.092
2.096
2.101
2.107
2.112
2.117
2.117
2.116
2.117
2.1199999999999997
2.122
2.125
2.131
2.138
2.1449999999999996
2.157
2.1639999999999997
2.168
2.1710000000000003
2.174
2.173
2.1710000000000003
2.169
2.168
2.1660000000000004
2.162
2.159
2.1559999999999997
2.153
2.15
2.1430000000000002
2.134
2.1260000000000003
2.116
2.102
2.088
2.075
2.062
2.049
2.035
2.029
2.023
2.019
2.015
2.01
2.003
1.998
1.995
1.993
1.988
1.9840000000000002
1.98
1.9760000000000002
1.971
1.967
1.9650000000000003
1.963
1.961
1.9589999999999999
1.9569999999999999
1.958
1.961
1.9600000000000002
1.961
1.9600000000000002
1.9569999999999999
1.954
1.951
1.952
1.9559999999999997
1.96
1.9660000000000002
1.972
1.978
1.9860000000000002
1.993
2.0
2.008
2.008
2.007
2.0069999999999997
2.007
2.009
2.011
2.0149999999999997
2.018
2.02
2.023
2.027
2.033
2.039
2.045
2.047
2.049
2.0500000000000003
2.05
2.048
2.0460000000000003
2.045
2.045
2.046
2.048
2.048
2.047
2.0460000000000003
2.0460000000000003
2.046
2.046
2.045
2.042
2.039
2.036
2.035
2.035
2.036
2.032
2.033
2.0359999999999996
2.0349999999999997
2.0340000000000003
2.037
2.0399999999999996
2.046
2.051
2.0549999999999997
2.06
2.064
2.068
2.071
2.073
2.078
2.086
2.094
2.102
2.114
2.126
2.138
2.149
2.158
2.166
2.173
2.18
2.187
2.1939999999999995
2.1999999999999997
2.2079999999999997
2.215
2.221
2.227
2.2340000000000004
2.2359999999999998
2.2359999999999998
2.237
2.2349999999999994
2.2350000000000003
2.235
2.236
2.237
2.237
2.2379999999999995
2.239
2.2399999999999998
2.2439999999999998
2.246
2.251
2.2569999999999997
2.262
2.267
2.272
2.278
2.279
2.276
2.27
2.262
2.252
2.243
2.234
2.2230000000000003
2.219
2.216
2.2119999999999997
2.209
2.206
2.204
2.203
2.202
2.202
2.201
2.198
2.192
2.187
2.181
2.179
2.177
2.1750000000000003
2.174
2.175
2.176
2.1769999999999996
2.179
2.182
2.184
2.19
2.1959999999999997
2.202
2.207
2.212
2.217
2.22
2.2230000000000003
2.226
2.2279999999999998
2.2289999999999996
2.229
2.2270000000000003
2.2260000000000004
2.2260000000000004
2.2260000000000004
2.225
2.224
2.2240000000000006
2.2260000000000004
2.224
2.223
2.2239999999999998
2.2239999999999998
2.225
2.226
2.225
2.224
2.224
2.223
2.218
2.214
2.209
2.204
2.199
2.194
2.189
2.184
2.179
2.174
2.169
2.164
2.161
2.156
2.149
2.14
2.129
2.1170000000000004
2.109
2.104
2.0980000000000003
2.0930000000000004
2.091
2.0900000000000003
2.0879999999999996
2.088
2.089
2.088
2.082
2.074
2.065
2.057
2.05
2.043
2.037
2.031
2.028
2.023
2.026
2.032
2.0420000000000003
2.0540000000000003
2.0629999999999997
2.0709999999999997
2.076
2.081
2.085
2.09
2.095
2.099
2.104
2.108
2.1100000000000003
2.111
2.112
2.112
2.107
2.101
2.0940000000000003
2.087
2.0810000000000004
2.074
2.068
2.061
2.0540000000000003
2.0469999999999997
2.0380000000000003
2.027
2.0149999999999997
2.004
1.9890000000000003
1.9740000000000002
1.961
1.9480000000000002
1.9400000000000004
1.932
1.9260000000000002
1.9200000000000002
1.9160000000000001
1.9120000000000001
1.9069999999999998
1.902
1.8980000000000001
1.893
1.883
1.873
1.8669999999999998
1.8630000000000002
1.8579999999999999
1.853
1.8519999999999999
1.8499999999999999
1.846
1.8419999999999999
1.837
1.8319999999999999
1.829
1.827
1.8239999999999998
1.8219999999999998
1.8219999999999998
1.8210000000000002
1.8219999999999998
1.8230000000000002
1.824
1.8250000000000002
1.827
1.83
1.8279999999999998
1.824
1.819
1.814
1.8079999999999998
1.8030000000000002
1.8009999999999997
1.8
1.8019999999999998
1.805
1.811
1.817
1.8230000000000002
1.8290000000000002
1.833
1.836
1.8410000000000002
1.844
1.846
1.851
1.855
1.861
1.868
1.874
1.88
1.886
1.891
1.897
1.899
1.901
1.899
1.897
1.894
1.891
1.8900000000000001
1.89
1.894
1.898
1.901
1.9030000000000002
1.905
1.907
1.906
1.905
1.9049999999999998
1.9060000000000001
1.906
1.9069999999999998
1.913
1.9200000000000002
1.927
1.934
1.9400000000000002
1.946
1.9509999999999998
1.956
1.9579999999999997
1.96
1.9629999999999999
1.966
1.9689999999999999
1.972
1.9769999999999999
1.9820000000000002
1.985
1.9880000000000002
1.9900000000000002
1.992
1.994
1.9960000000000002
1.9959999999999998
1.9960000000000002
1.9949999999999999
1.994
1.9929999999999999
1.991
1.994
1.9969999999999999
2.002
2.0050000000000003
2.008
2.01
2.01
2.011
2.011
2.013
2.0149999999999997
2.018
2.021
2.0229999999999997
2.025
2.027
2.031
2.0349999999999997
2.0389999999999997
2.043
2.046
2.048
2.048
2.0469999999999997
2.048
2.05
2.054
2.058
2.0620000000000003
2.066
2.07
2.073
2.075
2.076
2.072
2.067
2.061
2.0549999999999997
2.05
2.045
2.04
2.035
2.03
2.0220000000000002
2.02
2.0180000000000002
2.016
2.015
2.009
2.004
1.998
1.991
1.989
1.987
1.9859999999999998
1.9849999999999999
1.984
1.983
1.9840000000000002
1.9839999999999998
1.983
1.9819999999999998
1.9839999999999998
1.986
1.988
1.991
1.9959999999999998
2.001
2.005
2.009
2.0130000000000003
2.016
2.021
2.027
2.033
2.0389999999999997
2.046
2.054
2.061
2.069
2.077
2.085
2.0900000000000003
2.095
2.1
2.104
2.1060000000000003
2.107
2.108
2.109
2.1100000000000003
2.111
2.112
2.113
2.1140000000000003
2.115
2.115
2.115
2.115
2.115
2.114
2.114
2.1129999999999995
2.113
2.113
2.112
2.112
2.111
2.112
2.1109999999999998
2.11
2.108
2.105
2.1020000000000003
2.099
2.0949999999999998
2.0900000000000003
2.0850000000000004
2.08
2.0749999999999997
2.071
2.068
2.066
2.0639999999999996
2.0649999999999995
2.068
2.069
2.0700000000000003
2.0710000000000006
2.071
2.0710000000000006
2.071
2.0700000000000003
2.07
2.072
2.074
2.077
2.08
2.082
2.0839999999999996
2.083
2.0820000000000003
2.0810000000000004
2.0799999999999996
2.08
2.08
2.08
2.0789999999999997
2.082
2.084
2.087
2.09
2.092
2.094
2.0949999999999998
2.096
2.0970000000000004
2.098
2.0989999999999998
2.1
2.1010000000000004
2.102
2.1029999999999998
2.104
2.1050000000000004
2.105
2.105
2.1050000000000004
2.1060000000000003
2.107
2.1080000000000005
2.109
2.1080000000000005
2.106
2.1029999999999998
2.101
2.099
2.096
2.0939999999999994
2.0919999999999996
2.091
2.09
2.093
2.096
2.0989999999999998
2.1029999999999998
2.1069999999999998
2.1109999999999998
2.1149999999999998
2.1189999999999998
2.122
2.1249999999999996
2.13
2.135
2.1399999999999997
2.1449999999999996
2.153
2.1609999999999996
2.1679999999999997
2.175
2.182
2.189
2.194
2.198
2.202
2.206
2.209
2.2119999999999997
2.2159999999999997
2.22
2.2239999999999998
2.229
2.235
2.241
2.2479999999999998
2.2550000000000003
2.257
2.258
2.2560000000000002
2.2530000000000006
2.2499999999999996
2.247
2.2449999999999997
2.2430000000000003
2.2399999999999993
2.237
2.234
2.2310000000000003
2.2279999999999993
2.226
2.22
2.2140000000000004
2.2079999999999997
2.201
2.1959999999999997
2.1910000000000003
2.186
2.181
2.1759999999999997
2.1710000000000003
2.168
2.167
2.166
2.165
2.161
2.157
2.153
2.149
2.1449999999999996
2.1409999999999996
2.137
2.133
2.129
2.126
2.1239999999999997
2.121
2.1180000000000003
2.1159999999999997
2.114
2.112
2.107
2.1039999999999996
2.101
2.098
2.0940000000000003
2.09
2.086
2.082
2.0789999999999997
2.076
2.074
2.072
2.0700000000000003
2.068
2.065
2.061
2.056
2.051
2.0460000000000003
2.041
2.037
2.0330000000000004
2.027
2.0210000000000004
2.0149999999999997
2.009
2.005
2.0020000000000002
1.9979999999999998
1.9929999999999999
1.988
1.9830000000000003
1.9749999999999999
1.967
1.9589999999999999
1.9510000000000003
1.941
1.9310000000000003
1.9220000000000002
1.913
1.9040000000000001
1.8940000000000001
1.8860000000000001
1.878
1.8699999999999999
1.862
1.8559999999999999
1.85
1.8419999999999999
1.834
1.8259999999999998
1.8169999999999997
1.8099999999999996
1.803
1.7959999999999998
1.7889999999999997
1.786
1.7839999999999998
1.7839999999999998
1.7849999999999997
1.786
1.787
1.786
1.7849999999999997
1.7839999999999998
1.782
1.7799999999999998
1.778
1.7759999999999998
1.773
1.774
1.775
1.7759999999999998
1.7770000000000001
1.777
1.7770000000000001
1.778
1.7790000000000001
1.78
1.7810000000000001
1.782
1.7810000000000001
1.78
1.7790000000000001
1.7799999999999998
1.782
1.785
1.7879999999999998
1.7909999999999997
1.794
1.797
1.8
1.801
1.801
1.8020000000000003
1.803
1.804
1.804
1.804
1.804
1.807
1.8079999999999998
1.808
1.808
1.809
1.811
1.812
1.813
1.813
1.8130000000000002
1.8119999999999998
1.811
1.81
1.8090000000000002
1.81
1.811
1.8119999999999998
1.8129999999999997
1.8150000000000002
1.816
1.816
1.817
1.82
1.825
1.8299999999999998
1.834
1.838
1.842
1.846
1.8519999999999999
1.8590000000000002
1.867
1.8760000000000001
1.8849999999999998
1.891
1.897
1.9040000000000001
1.9119999999999997
1.92
1.928
1.9360000000000002
1.9439999999999997
1.9500000000000002
1.9569999999999999
1.9640000000000002
1.9709999999999999
1.976
1.9809999999999999
1.9849999999999999
1.9889999999999999
1.994
1.9989999999999999
2.002
2.006
2.01
2.0140000000000002
2.019
2.024
2.0300000000000002
2.036
2.043
2.05
2.056
2.0620000000000003
2.068
2.075
2.0829999999999997
2.091
2.0989999999999998
2.1069999999999998
2.1149999999999998
2.123
2.131
2.139
2.147
2.155
2.161
2.167
2.173
2.1790000000000003
2.1849999999999996
2.191
2.197
2.203
2.209
2.214
2.218
2.222
2.2259999999999995
2.23
2.234
2.238
2.245
2.252
2.258
2.264
2.2699999999999996
2.276
2.282
2.288
2.294
2.3
2.306
2.312
2.3179999999999996
2.323
2.329
2.335
2.3409999999999997
2.347
2.353
2.359
2.3649999999999998
2.371
2.3770000000000002
2.383
2.389
2.395
2.4000000000000004
2.405
2.4099999999999997
2.4139999999999997
2.4170000000000003
2.4179999999999997
2.419
2.42
2.421
2.4219999999999997
2.424
2.425
2.425
2.424
2.4229999999999996
2.423
2.427
2.4309999999999996
2.4349999999999996
2.439
2.442
2.445
2.4499999999999997
2.455
2.462
2.4679999999999995
2.474
2.48
2.486
2.492
2.4989999999999997
2.506
2.512
2.518
2.525
2.531
2.537
2.5430000000000006
2.5500000000000003
2.557
2.5629999999999997
2.569
2.574
2.5789999999999997
2.582
2.583
2.5829999999999997
2.582
2.5799999999999996
2.5780000000000003
2.576
2.5739999999999994
2.572
2.57
2.568
2.566
2.5639999999999996
2.5629999999999997
2.5629999999999997
2.5629999999999997
2.5629999999999997
2.563
2.5629999999999997
2.5630000000000006
2.5629999999999997
2.563
2.5629999999999997
2.563
2.5629999999999997
2.5630000000000006
2.5629999999999997
2.563
2.5620000000000003
2.561
2.559
2.5570000000000004
2.555
2.5540000000000003
2.553
2.5520000000000005
2.551
2.5500000000000003
2.549
2.548
2.547
2.5460000000000003
2.545
2.5440000000000005
2.543
2.5420000000000003
2.541
2.54
2.539
2.5380000000000003
2.537
2.5370000000000004
2.537
2.5370000000000004
2.537
2.537
2.537
2.5370000000000004
2.537
2.537
2.536
2.535
2.5340000000000003
2.533
2.5320000000000005
2.531
2.5300000000000002
2.529
2.528
2.527
2.5260000000000002
2.524
2.522
2.52
2.518
2.5149999999999997
2.513
2.511
2.507
2.5029999999999997
2.4979999999999998
2.493
2.488
2.483
2.4789999999999996
2.475
2.4709999999999996
2.467
2.464
2.461
2.457
2.453
2.4509999999999996
2.45
2.448
2.4459999999999997
2.444
2.443
2.4410000000000003
2.439
2.442
2.447
2.4529999999999994
2.459
2.4650000000000003
2.471
2.477
2.483
2.4880000000000004
2.493
2.4979999999999998
2.503
2.5070000000000006
2.5100000000000002
2.5140000000000002
2.5180000000000002
2.5220000000000002
2.526
2.5300000000000002
2.534
2.538
2.5420000000000003
2.5460000000000003
2.55
2.5540000000000003
2.558
2.5620000000000003
2.566
2.5709999999999997
2.576
2.5810000000000004
2.5860000000000003
2.5920000000000005
2.598
2.604
2.6100000000000003
2.616
2.622
2.628
2.6340000000000003
2.6400000000000006
2.646
2.65
2.652
2.6540000000000004
2.656
2.6580000000000004
2.66
2.6620000000000004
2.664
2.666
2.667
2.6679999999999997
2.669
2.6700000000000004
2.671
2.6719999999999997
2.673
2.674
2.675
2.6769999999999996
2.679
2.681
2.683
2.685
2.687
2.689
2.691
2.6929999999999996
2.695
2.6959999999999997
2.697
2.697
2.697
2.697
2.697
2.697
2.697
2.697
2.697
2.698
2.699
2.7
2.7009999999999996
2.702
2.703
2.704
2.705
2.705
2.705
2.705
2.705
2.703
2.7
2.6970000000000005
2.694
2.6910000000000003
2.6870000000000003
2.684
2.6810000000000005
2.6780000000000004
2.6750000000000003
2.672
2.669
2.6660000000000004
2.6630000000000003
2.66
2.6570000000000005
2.655
2.6530000000000005
2.6510000000000002
2.6490000000000005
2.6470000000000002
2.645
2.642
2.6390000000000002
2.636
2.6330000000000005
2.6300000000000003
2.6270000000000002
2.624
2.621
2.618
2.615
2.612
2.6090000000000004
2.6060000000000003
2.603
2.6
2.597
2.5949999999999998
2.593
2.5900000000000003
2.5860000000000003
2.5820000000000003
2.5780000000000003
2.5740000000000003
2.5700000000000003
2.566
2.562
2.557
2.552
2.549
2.548
2.5479999999999996
2.548
2.5479999999999996
2.548
2.5479999999999996
2.548
2.5479999999999996
2.548
2.5479999999999996
2.548
2.5479999999999996
2.548
2.549
2.55
2.5509999999999997
2.552
2.553
2.554
2.555
2.556
2.557
2.558
2.5589999999999997
2.56
2.5609999999999995
2.562
2.5639999999999996
2.566
2.568
2.57
2.572
2.574
2.576
2.578
2.5799999999999996
2.582
2.584
2.586
2.588
2.59
2.592
2.594
2.5959999999999996
2.598
2.6
2.602
2.604
2.606
2.608
2.61
2.6119999999999997
2.614
2.616
2.618
2.62
2.622
2.623
2.624
2.625
2.626
2.6270000000000002
2.628
2.6290000000000004
2.63
2.6310000000000002
2.632
2.633
2.634
2.636
2.638
2.64
2.642
2.644
2.646
2.6479999999999997
2.65
2.6529999999999996
2.6559999999999997
2.659
2.662
2.6639999999999997
2.666
2.6679999999999997
2.67
2.6719999999999997
2.6739999999999995
2.6750000000000003
2.676
2.677
2.678
2.679
2.68
2.681
2.6819999999999995
2.6830000000000003
2.684
2.686
2.688
2.69
2.692
2.693
2.694
2.6950000000000003
2.6959999999999997
2.697
2.6980000000000004
2.699
2.7
2.701
2.702
2.7030000000000003
2.7039999999999997
2.7039999999999997
2.704
2.7039999999999997
2.704
2.7039999999999997
2.7039999999999997
2.7039999999999997
2.7039999999999997
2.7039999999999997
2.704
2.7039999999999997
2.704
2.704
2.704
2.704
2.705
2.7060000000000004
2.707
2.708
2.7090000000000005
2.71
2.712
2.7140000000000004
2.716
2.718
2.7199999999999998
2.7220000000000004
2.724
2.726
2.728
2.728
2.7279999999999998
2.728
2.7279999999999998
2.728
2.728
2.728
2.729
2.7300000000000004
2.731
2.732
2.733
2.734
2.7350000000000003
2.736
2.737
2.7380000000000004
2.739
2.74
2.741
2.742
2.7430000000000003
2.744
2.745
2.7460000000000004
2.7470000000000003
2.748
2.749
2.75
2.7510000000000003
2.7520000000000002
2.753
2.7540000000000004
2.7550000000000003
2.755
2.755
2.7550000000000003
2.7550000000000003
2.7560000000000002
2.757
2.7590000000000003
2.761
2.762
2.763
2.7640000000000002
2.765
2.766
2.7670000000000003
2.7680000000000002
2.77
2.772
2.774
2.776
2.778
2.7800000000000002
2.782
2.7840000000000003
2.786
2.788
2.79
2.792
2.794
2.7960000000000003
2.798
2.8000000000000003
2.802
2.804
2.806
2.808
2.81
2.8129999999999997
2.8160000000000003
2.819
2.822
2.825
2.828
2.8310000000000004
2.834
2.8369999999999997
2.8400000000000003
2.843
2.846
2.849
2.852
2.8550000000000004
2.857
2.859
2.861
2.8630000000000004
2.865
2.867
2.868
2.8689999999999998
2.87
2.8710000000000004
2.8720000000000003
2.873
2.8740000000000006
2.876
2.878
2.882
2.886
2.8899999999999997
2.894
2.898
2.902
2.906
2.9090000000000003
2.912
2.915
2.917
2.919
2.921
2.923
2.925
2.927
2.93
2.933
2.936
2.939
2.9419999999999997
2.945
2.949
2.953
2.957
2.961
2.965
2.969
2.973
2.977
2.981
2.985
2.989
2.993
2.997
3.001
3.005
3.009
3.013
3.017
3.02
3.0229999999999997
3.0269999999999997
3.031
3.0349999999999997
3.0389999999999997
3.0429999999999997
3.047
3.0509999999999997
3.0549999999999997
3.0589999999999997
3.0629999999999997
3.0669999999999997
3.0709999999999997
3.0749999999999997
3.0789999999999997
3.0819999999999994
3.085
3.0879999999999996
3.0909999999999997
3.094
3.097
3.1
3.1039999999999996
3.1079999999999997
3.1119999999999997
3.116
3.1199999999999997
3.1239999999999997
3.1279999999999997
3.13
3.132
3.134
3.1359999999999997
3.138
3.1399999999999997
3.142
3.1439999999999997
3.146
3.148
3.15
3.1519999999999997
3.154
3.1559999999999997
3.158
3.1599999999999997
3.162
3.164
3.166
3.1679999999999997
3.17
3.1719999999999997
3.174
3.1759999999999997
3.178
3.18
3.182
3.1839999999999997
3.185
3.1859999999999995
3.187
3.1879999999999997
3.1889999999999996
3.19
3.191
3.192
3.1930000000000005
3.194
3.195
3.1959999999999997
3.1980000000000004
3.2
3.202
3.204
3.2060000000000004
3.208
3.209
3.21
3.2110000000000003
3.2119999999999997
3.213
3.214
3.214
3.214
3.214
3.214
3.214
3.214
3.214
3.214
3.214
3.214
3.214
3.214
3.214
3.214
3.214
3.214
3.214
3.214
3.214
3.214
3.214
3.214
3.214
3.215
3.2159999999999997
3.217
3.218
3.218
3.2169999999999996
3.2159999999999997
3.215
3.2139999999999995
3.213
3.2119999999999997
3.2119999999999997
3.2119999999999997
3.2119999999999997
3.2119999999999997
3.2119999999999997
3.2119999999999997
3.2119999999999997
3.211
3.21
3.2089999999999996
3.2079999999999997
3.207
3.2059999999999995
3.205
3.205
3.205
3.205
3.205
3.205
3.205
3.205
3.205
3.205
3.205
3.205
3.205
3.205
3.205
3.205
3.205
3.205
3.205
3.205
3.205
3.205
3.205
3.205
3.205
3.205
3.205
3.205
3.205
3.205
3.205
3.205
3.205
3.205
3.205
3.205
3.205
3.205
3.205
3.205
3.205
3.205
3.205
3.205
3.205
3.205
3.205
3.205
3.205
3.205
3.205
3.205
3.205
3.205
3.205
3.205
3.205
3.205
3.205
3.205
3.205
3.205
3.205
3.205
3.205
3.205
3.205
3.205
3.205
3.205
3.205
3.205
3.205
3.206
3.207
3.208
3.2079999999999997
3.208
3.2079999999999997
3.2079999999999997
3.208
3.207
3.206
3.205
3.2039999999999997
3.2030000000000003
3.202
3.201
3.201
3.2009999999999996
3.201
3.2
3.199
3.1980000000000004
3.197
3.196
3.1950000000000003
3.194
3.193
3.192
3.191
3.1900000000000004
3.189
3.188
3.1870000000000003
3.186
3.185
3.184
3.183
3.1820000000000004
3.181
3.18
3.1790000000000003
3.178
3.177
3.176
3.175
3.1740000000000004
3.173
3.172
3.1710000000000003
3.17
3.169
3.168
3.167
3.1660000000000004
3.165
3.164
3.1630000000000003
3.162
3.161
3.16
3.159
3.1580000000000004
3.157
3.156
3.1550000000000002
3.154
3.153
3.152
3.151
3.1500000000000004
3.149
3.148
3.1470000000000002
3.146
3.145
3.144
3.143
3.1420000000000003
3.141
3.14
3.1390000000000002
3.138
3.137
3.136
3.1350000000000002
3.1340000000000003
3.133
3.132
3.1310000000000002
3.13
3.129
3.128
3.1270000000000002
3.1260000000000003
3.125
3.124
3.123
3.122
3.121
3.12
3.119
3.117
3.115
3.1130000000000004
3.111
3.109
3.107
3.1050000000000004
3.103
3.103
3.103
3.103
3.103
3.103
3.103
3.103
3.102
3.101
3.1
3.1
3.1
3.1
3.1
3.1
3.1
3.1
3.1
3.1
3.1
3.1
3.1
3.1
3.1
3.1
3.1
3.1
3.1
3.1
3.1
3.1
3.101
3.1020000000000003
3.1029999999999998
3.104
3.105
3.106
3.107
3.107
3.107
3.107
3.107
3.107
3.107
3.107
3.107
3.107
3.107
3.107
3.107
3.107
3.107
3.107
3.107
3.107
3.107
3.107
3.107
3.107
3.107
3.107
3.107
3.107
3.107
3.107
3.107
3.107
3.107
3.107
3.107
3.107
3.107
3.107
3.107
3.107
3.107
3.107
3.107
3.107
3.107
3.107
3.107
3.107
3.107
3.107
3.107
3.107
3.107
3.107
3.107
3.107
3.107
3.107
3.107
3.107
3.107
3.107
3.107
3.107
3.107
3.107
3.107
3.107
3.107
3.107
3.107
3.107
3.107
3.107
3.107
3.107
3.107
3.107
3.107
3.107
3.107
3.107
3.107
3.107
3.107
3.107
3.107
3.107
3.107
3.107
3.107
3.107
3.107
3.107
3.107
3.107
3.106
3.105
3.104
3.1029999999999998
3.1020000000000003
3.101
3.1
3.1
3.1
3.1
3.1
3.1
3.1
3.1
3.1
3.1
3.1
3.1
3.1
3.1
3.1
3.1
3.1
3.1
3.1
3.101
3.1020000000000003
3.1029999999999998
3.104
3.105
3.106
3.107
3.108
3.109
3.1100000000000003
3.1109999999999998
3.112
3.113
3.114
3.115
3.116
3.117
3.118
3.1189999999999998
3.12
3.121
3.122
3.123
