0.17100000000000004
0.18000000000000002
0.18900000000000003
0.19700000000000004
0.20600000000000002
0.21600000000000003
0.22700000000000004
0.23700000000000002
0.24900000000000003
0.262
0.2750000000000001
0.28700000000000003
0.29900000000000004
0.311
0.323
0.335
0.34800000000000003
0.36100000000000004
0.37400000000000005
0.38500000000000006
0.3960000000000001
0.4070000000000001
0.41800000000000004
0.43100000000000005
0.44500000000000006
0.4590000000000001
0.4740000000000001
0.4890000000000001
0.5050000000000001
0.517
0.529
0.541
0.554
0.5650000000000001
0.5740000000000001
0.5820000000000001
0.5900000000000001
0.6020000000000001
0.6150000000000001
0.6260000000000001
0.6390000000000001
0.652
0.667
0.679
0.6940000000000001
0.7070000000000001
0.7200000000000001
0.7340000000000001
0.7510000000000001
0.7640000000000001
0.776
0.788
0.804
0.8220000000000001
0.8420000000000001
0.8630000000000001
0.8860000000000001
0.905
0.925
0.9450000000000001
0.9650000000000001
0.986
1.009
1.031
1.056
1.082
1.1079999999999999
1.1300000000000001
1.151
1.168
1.183
1.198
1.213
1.2260000000000002
1.242
1.2540000000000002
1.2639999999999998
1.2750000000000001
1.287
1.2990000000000002
1.313
1.326
1.341
1.3539999999999999
1.371
1.3850000000000002
1.4
1.4169999999999996
1.4349999999999998
1.4519999999999997
1.4679999999999997
1.4799999999999998
1.492
1.51
1.5299999999999998
1.5459999999999998
1.5619999999999998
1.573
1.5849999999999997
1.593
1.599
1.6079999999999999
1.619
1.6340000000000001
1.649
1.6660000000000001
1.683
1.7039999999999997
1.7240000000000002
1.7440000000000002
1.766
1.787
1.8090000000000002
1.8310000000000002
1.8529999999999998
1.8760000000000001
1.9
1.923
1.946
1.972
2.001
2.032
2.063
2.089
2.1170000000000004
2.1430000000000002
2.169
2.1930000000000005
2.2140000000000004
2.237
2.2600000000000007
2.2870000000000004
2.314
2.342
2.3720000000000003
2.4060000000000006
2.445
2.4760000000000004
2.5060000000000002
2.5330000000000004
2.5580000000000003
2.5809999999999995
2.6020000000000003
2.629
2.6529999999999996
2.676
2.696
2.713
2.7319999999999998
2.7560000000000002
2.7849999999999997
2.817
2.8490000000000006
2.8689999999999998
2.891
2.9080000000000004
2.921
2.937
2.958
2.98
3.004
3.0239999999999996
3.0439999999999996
3.065
3.086
3.1030000000000006
3.1239999999999997
3.1450000000000005
3.167
3.188
3.2070000000000003
3.224
3.24
3.26
3.276
3.2939999999999996
3.3120000000000007
3.3310000000000004
3.3510000000000004
3.373
3.3950000000000005
3.419
3.442
3.467
3.487
3.512999999999999
3.5389999999999993
3.567
3.5939999999999994
3.6220000000000003
3.654
3.693
3.7399999999999998
3.787
3.837
3.884000000000001
3.9310000000000005
3.971
4.005
4.042
4.081999999999999
4.124
4.167
4.199000000000001
4.227
4.2509999999999994
4.275
4.301
4.329000000000001
4.356
4.385
4.412
4.438000000000001
4.47
4.506
4.5440000000000005
4.583
4.618
4.651
4.683
4.715
4.752
4.796
4.837
4.875
4.905000000000001
4.928000000000001
4.954000000000001
4.986000000000001
5.024
5.065
5.096
5.122999999999999
5.151
5.182
5.2139999999999995
5.243
5.271
5.304
5.338000000000001
5.3660000000000005
5.396
5.428000000000001
5.462000000000001
5.502999999999999
5.545000000000001
5.596
5.648
5.698999999999999
5.753
5.812
5.86
5.903
5.949
5.985
6.026999999999999
6.073
6.124000000000001
6.170999999999999
6.212999999999999
6.25
6.286999999999999
6.325
6.367000000000001
6.41
6.4479999999999995
6.492
6.530000000000001
6.5619999999999985
6.598
6.6370000000000005
6.681000000000001
6.732
6.7780000000000005
6.824
6.872
6.927
6.981999999999999
7.032
7.069999999999999
7.108
7.145
7.1850000000000005
7.23
7.28
7.335999999999999
7.397
7.450999999999998
7.4990000000000006
7.539
7.581
7.614
7.639999999999999
7.6530000000000005
7.662
7.6770000000000005
7.691
7.717
7.748
7.780000000000001
7.814
7.841
7.863
7.889
7.915000000000001
7.9430000000000005
7.9719999999999995
7.995
8.018999999999998
8.046
8.072
8.104999999999999
8.145
8.183
8.221
8.254999999999999
8.288
8.331000000000001
8.377
8.419
8.465
8.505
8.542
8.588000000000001
8.631
8.683
8.741999999999999
8.8
8.856
8.897
8.932
8.963000000000001
8.991
9.02
9.05
9.08
9.108999999999998
9.140999999999998
9.173
9.213000000000001
9.264000000000001
9.316
9.371
9.405
9.421999999999999
9.440999999999999
9.456000000000003
9.479000000000003
9.501
9.514
9.52
9.532
9.544999999999998
9.565
9.594000000000001
9.621
9.652000000000003
9.672
9.687999999999999
9.711
9.738999999999999
9.77
9.807
9.837000000000002
9.863999999999999
9.893999999999998
9.916000000000002
9.952
9.997
10.045
10.092999999999998
10.129999999999999
10.152000000000001
10.181
10.216000000000001
10.251999999999999
10.290000000000001
10.329
10.372
10.427999999999999
10.484999999999998
10.549
10.610999999999999
10.671
10.729000000000001
10.774
10.817000000000002
10.867999999999999
10.928
11.006
11.088000000000001
11.182
11.277000000000001
11.378999999999998
11.483
11.584
11.682
11.781
11.877
11.971000000000002
12.056000000000001
12.146999999999998
12.244999999999997
12.354999999999999
12.478
12.603
12.727
12.841
12.946000000000002
13.028
13.094999999999999
13.146
13.192
13.229999999999999
13.261000000000001
13.295
13.323999999999998
13.354
13.384999999999998
13.421000000000001
13.455000000000002
13.479
13.491999999999997
13.504999999999999
13.521
13.537000000000003
13.549000000000001
13.563999999999998
13.579
13.610999999999999
13.652999999999999
13.71
13.777999999999999
13.853
13.93
14.005999999999998
14.083999999999998
14.159000000000002
14.224000000000002
14.287999999999998
14.349
14.414999999999997
14.478999999999997
14.559
14.649000000000001
14.744000000000002
14.841000000000001
14.925999999999998
15.009
15.1
15.193000000000001
15.279000000000002
15.362
15.442999999999998
15.522
15.602999999999998
15.683
15.773
15.864999999999997
15.954
16.043
16.125
16.191
16.243
16.285999999999998
16.328999999999997
16.373
16.413
16.452
16.496000000000002
16.545
16.602999999999998
16.677
16.75
16.828
16.902
16.967
17.025
17.081
17.134
17.186000000000003
17.228
17.277
17.32
17.359
17.401
17.438999999999997
17.475
17.515000000000004
17.538
17.546999999999997
17.544
17.538
17.531
17.529
17.528999999999996
17.538999999999998
17.55
17.564999999999998
17.586
17.625
17.675
17.725
17.756999999999998
17.776999999999997
17.790000000000003
17.806
17.828
17.86
17.916
17.992
18.08
18.163999999999998
18.248
18.332
18.415
18.511000000000003
18.595
18.675
18.744000000000003
18.809
18.883999999999997
18.969
19.054000000000002
19.140000000000004
19.226000000000003
19.323
19.417
19.509
19.590999999999998
19.662999999999997
19.73
19.793
19.844000000000005
19.887
19.930999999999997
19.972
20.011
20.054
20.092999999999996
20.141000000000002
20.185000000000002
20.238
20.29
20.344999999999995
20.392
20.439
20.494
20.552000000000003
20.605999999999995
20.663
20.739
20.824
20.918999999999997
21.019
21.105999999999998
21.185000000000002
21.257
21.325000000000003
21.394999999999996
21.461
21.536
21.619
21.706
21.799000000000003
21.896
21.994999999999997
22.096000000000004
22.200999999999997
22.297000000000004
22.388000000000005
22.474
22.551999999999996
22.627000000000002
22.696
22.764999999999993
22.837000000000003
22.909
22.989
23.066
23.144000000000002
23.226
23.293999999999997
23.367
23.436000000000003
23.5
23.554000000000002
23.594999999999995
23.621
23.653999999999996
23.692000000000004
23.741999999999997
23.799
23.854
23.905999999999995
23.962000000000003
24.012999999999995
24.067
24.125999999999998
24.178000000000004
24.225999999999996
24.266999999999996
24.305000000000003
24.356000000000005
24.417
24.489
24.557000000000006
24.625000000000004
24.687
24.743000000000002
24.794
24.846
24.905999999999995
24.965
25.033000000000005
25.102000000000004
25.166
25.232999999999997
25.304
25.381999999999998
25.455
25.518
25.574
25.628999999999998
25.684
25.743999999999996
25.801
25.855000000000004
25.906000000000002
25.968000000000004
26.040000000000003
26.122999999999998
26.217000000000002
26.328
26.455000000000005
26.564000000000004
26.669
26.764
26.852
26.934
27.004
27.073
27.133
27.207
27.288
27.373999999999995
27.461
27.538999999999998
27.608999999999998
27.677
27.745000000000005
27.796000000000003
27.832999999999995
27.861000000000004
27.889000000000003
27.929000000000002
27.98
28.047000000000004
28.129999999999995
28.217000000000002
28.314999999999998
28.412999999999997
28.509999999999998
28.614000000000004
28.715000000000003
28.8
28.879
28.957
29.026999999999997
29.110999999999997
29.202
29.307000000000002
29.424999999999994
29.545999999999996
29.662
29.777
29.886
29.997999999999998
30.099000000000004
30.200000000000003
30.294000000000004
30.390999999999995
30.498
30.616000000000003
30.751999999999995
30.901
31.076
31.266
31.471
31.687
31.915
32.139
32.364
32.57299999999999
32.767
32.952
33.126000000000005
33.301
33.478
33.658
33.83
33.994
34.148999999999994
34.301
34.446999999999996
34.592
34.742999999999995
34.888999999999996
35.023
35.147
35.262
35.38099999999999
35.49699999999999
35.623999999999995
35.757
35.88
35.995000000000005
36.10699999999999
36.211000000000006
36.327
36.458000000000006
36.602000000000004
36.757999999999996
36.924
37.105999999999995
37.291999999999994
37.482
37.684999999999995
37.894000000000005
38.093
38.284
38.458000000000006
38.620000000000005
38.77100000000001
38.910000000000004
39.05200000000001
39.186
39.338
39.5
39.665
39.832
40.005
40.172
40.31700000000001
40.45000000000001
40.568
40.676
40.797000000000004
40.93099999999999
41.07
41.197
41.328
41.476000000000006
41.623999999999995
41.769000000000005
41.925999999999995
42.087
42.23700000000001
42.385
42.535999999999994
42.681999999999995
42.839999999999996
43.016999999999996
43.19800000000001
43.388999999999996
43.601000000000006
43.827
44.055
44.291
44.515
44.74099999999999
44.94099999999999
45.117000000000004
45.271
45.422
45.574
45.73400000000001
45.886
46.037000000000006
46.197
46.357000000000006
46.508
46.65899999999999
46.799
46.945
47.093
47.231
47.36600000000001
47.49299999999999
47.621
47.748
47.883
48.016
48.178000000000004
48.363
48.558
48.775000000000006
49.001000000000005
49.233000000000004
49.46400000000001
49.687
49.891
50.08700000000001
50.27400000000001
50.463
50.644
50.816
50.995
51.178
51.366
51.550999999999995
51.737
51.928
52.11500000000001
52.28999999999999
52.467000000000006
52.63700000000001
52.80899999999999
52.99
53.153999999999996
53.309
53.461
53.60000000000001
53.73799999999999
53.867
53.992
54.116
54.236000000000004
54.35399999999999
54.464999999999996
54.56700000000001
54.672000000000004
54.78199999999999
54.894000000000005
55.019
55.160999999999994
55.32
55.475
55.64100000000001
55.806999999999995
55.983
56.161
56.354
56.557
56.766000000000005
56.986999999999995
57.21399999999999
57.425
57.617000000000004
57.794
57.98199999999999
58.168
58.338
58.50700000000001
58.678000000000004
58.833
58.992000000000004
59.144999999999996
59.285
59.422
59.56699999999999
59.711
59.849000000000004
60.00999999999999
60.193
60.37499999999999
60.553
60.73499999999999
60.915
61.10799999999999
61.300999999999995
61.51299999999999
61.72899999999999
61.97300000000001
62.225
62.48099999999999
62.735
63.00299999999999
63.272
63.537
63.8
64.069
64.33200000000001
64.59
64.83000000000001
65.047
65.252
65.453
65.65899999999999
65.86
66.051
66.22700000000002
66.393
66.53699999999999
66.652
66.75
66.82600000000001
66.882
66.92500000000001
66.957
66.978
67.00999999999999
67.05
67.095
67.12400000000001
67.158
67.199
67.241
67.292
67.34
67.389
67.43
67.46799999999999
67.514
67.56099999999999
67.622
67.70700000000001
67.795
67.88700000000001
68.001
68.127
68.259
68.405
68.538
68.66600000000001
68.79199999999999
68.917
69.042
69.174
69.322
69.477
69.62999999999998
69.768
69.89699999999999
70.02
70.125
70.22200000000001
70.316
70.396
70.488
70.567
70.644
70.722
70.796
70.86000000000001
70.91900000000001
70.982
71.05999999999999
71.16
71.28099999999998
71.409
71.55000000000001
71.713
71.89399999999999
72.085
72.286
72.48100000000001
72.681
72.89199999999998
73.097
73.295
73.48199999999999
73.66399999999999
73.81799999999998
73.94000000000001
74.058
74.16099999999999
74.256
74.34100000000001
74.40699999999998
74.46100000000001
74.50399999999999
74.54400000000001
74.575
74.604
74.637
74.683
74.727
74.765
74.77999999999999
74.78399999999999
74.77699999999999
74.773
74.76499999999999
74.75
74.741
74.73799999999999
74.73599999999999
74.73
74.73599999999999
74.762
74.80100000000002
74.863
74.94199999999998
75.041
75.159
75.301
75.44900000000001
75.604
75.76999999999998
75.96000000000001
76.16199999999999
76.37899999999999
76.605
76.843
77.07499999999999
77.30499999999999
77.52800000000002
77.749
77.991
78.24900000000001
78.508
78.765
78.99600000000001
79.21600000000001
79.417
79.593
79.77399999999999
79.94500000000001
80.095
80.22100000000002
80.331
80.415
80.503
80.591
80.679
80.75099999999999
80.80899999999998
80.85400000000001
80.88499999999999
80.92899999999997
80.986
81.06200000000001
81.16499999999999
81.27100000000002
81.40400000000001
81.55599999999998
81.733
81.93
82.13999999999999
82.36900000000001
82.60299999999998
82.83299999999998
83.07199999999997
83.324
83.598
83.883
84.16799999999999
84.447
84.717
84.972
85.21499999999999
85.43999999999998
85.64799999999998
85.84900000000002
86.034
86.19800000000001
86.35900000000001
86.49700000000001
86.634
86.76299999999999
86.88799999999999
87.006
87.11899999999999
87.22099999999998
87.31799999999998
87.40599999999999
87.487
87.56200000000001
87.64699999999999
87.71999999999998
87.806
87.902
87.99600000000001
88.09900000000002
88.20100000000001
88.29299999999999
88.39200000000001
88.50500000000001
88.631
88.771
88.912
89.045
89.16600000000001
89.29299999999998
89.43
89.559
89.69200000000001
89.83
89.95700000000001
90.068
90.17200000000001
90.265
90.364
90.46900000000001
90.57099999999998
90.661
90.745
90.82300000000001
90.905
90.993
91.08800000000002
91.19
91.288
91.386
91.49499999999999
91.608
91.733
91.85499999999998
91.971
92.08000000000003
92.176
92.27300000000004
92.375
92.489
92.61500000000001
92.756
92.88900000000001
93.02900000000001
93.182
93.33800000000001
93.506
93.7
93.89099999999999
94.086
94.28499999999998
94.50199999999998
94.731
94.967
95.223
95.483
95.73799999999999
95.98599999999999
96.225
96.46199999999999
96.692
96.91100000000002
97.11599999999999
97.31400000000001
97.49800000000002
97.67399999999999
97.83599999999998
97.99200000000002
98.13999999999999
98.28099999999999
98.388
98.467
98.52300000000001
98.548
98.553
98.54600000000002
98.531
98.509
98.48300000000002
98.44999999999999
98.42399999999999
98.41600000000001
98.41199999999998
98.421
98.414
98.404
98.403
98.39600000000003
98.402
98.43299999999999
98.47
98.51699999999998
98.579
98.66
98.73899999999999
98.848
98.94699999999999
99.05899999999998
99.177
99.29399999999998
99.401
99.50200000000001
99.60199999999999
99.703
99.816
99.94199999999998
100.08599999999998
100.24300000000002
100.434
100.63
100.826
101.03699999999999
101.248
101.45199999999998
101.63200000000002
101.79899999999999
101.95799999999998
102.112
102.253
102.396
102.53899999999999
102.69800000000001
102.86699999999998
103.048
103.23900000000002
103.41399999999999
103.57400000000001
103.71
103.84599999999999
103.98300000000003
104.103
104.21099999999998
104.31899999999997
104.426
104.535
104.644
104.76299999999998
104.88199999999999
105.006
105.12500000000001
105.237
105.34400000000001
105.45499999999998
105.57
105.68899999999996
105.83099999999999
105.97900000000001
106.142
106.308
106.477
106.63800000000002
106.80499999999998
106.966
107.12199999999997
107.253
107.355
107.44399999999999
107.51499999999999
107.566
107.59700000000001
107.607
107.61099999999999
107.602
107.57100000000001
107.526
107.47
107.401
107.32300000000001
107.22999999999999
107.13400000000001
107.06
106.992
106.95499999999997
106.94300000000001
106.95299999999999
106.97800000000001
107.021
107.08100000000002
107.14699999999999
107.21499999999999
107.292
107.36400000000002
107.42800000000003
107.49399999999999
107.586
107.68499999999999
107.781
107.89000000000001
108.00800000000001
108.123
108.248
108.39800000000001
108.55500000000002
108.73400000000001
108.92900000000002
109.131
109.347
109.56199999999998
109.78099999999999
109.993
110.22200000000002
110.46300000000002
110.711
110.95700000000001
111.196
111.44399999999999
111.68799999999997
111.929
112.162
112.38499999999999
112.59899999999999
112.788
112.95999999999998
113.13
113.313
113.486
113.664
113.836
114.00100000000003
114.14600000000002
114.266
114.369
114.461
114.54399999999998
114.614
114.691
114.76400000000001
114.85400000000001
114.94399999999999
115.043
115.167
115.31
115.46499999999999
115.63299999999998
115.795
115.956
116.11200000000002
116.24600000000002
116.37
116.483
116.58900000000001
116.681
116.764
116.833
116.88199999999999
116.92299999999999
116.95300000000002
116.954
116.958
116.965
116.98299999999999
116.99600000000001
117.01899999999999
117.051
117.11399999999999
117.201
117.29799999999999
117.42099999999999
117.561
117.72099999999999
117.88900000000001
118.049
118.20600000000002
118.361
118.508
118.64000000000001
118.773
118.893
119.01599999999999
119.135
119.238
119.34399999999998
119.43299999999999
119.527
119.616
119.701
119.79100000000003
119.88100000000001
119.97699999999999
120.083
120.174
120.268
120.37200000000003
120.49199999999998
120.609
120.73500000000001
120.86500000000001
121.0
121.12799999999999
121.25500000000001
121.373
121.47100000000002
121.56200000000001
121.63499999999999
121.69399999999999
121.74499999999999
121.784
121.81099999999998
121.832
121.852
121.859
121.84800000000001
121.803
121.745
121.68400000000001
121.59400000000001
121.50099999999999
121.39899999999999
121.29199999999999
121.187
121.087
120.99300000000001
120.91600000000001
120.84400000000002
120.778
120.73000000000002
120.67399999999999
120.622
120.58099999999999
120.548
120.541
120.54199999999999
120.56600000000002
120.586
120.613
120.642
120.686
120.72500000000001
120.77799999999999
120.82300000000001
120.85499999999998
120.86800000000001
120.872
120.881
120.88800000000002
120.90899999999999
120.94300000000001
121.00499999999998
121.06800000000001
121.14799999999998
121.226
121.311
121.40199999999999
121.50599999999997
121.631
121.75699999999999
121.882
122.02900000000001
122.16199999999999
122.29399999999998
122.414
122.533
122.634
122.726
122.81200000000001
122.88499999999998
122.967
123.044
123.10500000000002
123.153
123.19699999999997
123.24000000000001
123.272
123.32
123.363
123.411
123.46700000000001
123.533
123.597
123.659
123.735
123.80999999999999
123.889
123.95800000000001
124.03200000000001
124.102
124.155
124.21600000000001
124.26
124.30199999999999
124.34700000000001
124.36699999999999
124.376
124.36500000000001
124.34700000000001
124.326
124.27999999999999
124.22100000000002
124.141
124.064
123.96800000000002
123.86700000000002
123.74899999999998
123.61099999999999
123.457
123.28599999999999
123.105
122.93199999999997
122.756
122.58099999999999
122.406
122.243
122.09699999999998
121.95599999999999
121.828
121.721
121.622
121.53200000000001
121.44900000000001
121.38
121.316
121.28100000000002
121.25199999999998
121.24000000000002
121.21799999999999
121.19900000000001
121.175
121.15100000000001
121.126
121.08800000000001
121.054
121.01200000000001
120.957
120.90499999999999
120.841
120.77100000000002
120.693
120.626
120.533
120.42099999999999
120.30300000000001
120.18599999999998
120.06400000000001
119.931
119.79399999999997
119.642
119.485
119.31400000000002
119.155
118.99800000000002
118.86299999999999
118.743
118.621
118.48100000000002
118.31800000000001
118.13699999999999
117.95899999999999
117.75099999999999
117.55300000000001
117.34700000000002
117.14
116.92399999999999
116.71
116.496
116.268
116.052
115.823
115.596
115.377
115.17399999999999
114.98100000000001
114.799
114.64500000000001
114.48799999999999
114.35999999999999
114.24200000000002
114.13399999999999
114.04
113.966
113.89699999999999
113.83900000000001
113.784
113.73899999999998
113.703
113.679
113.66199999999999
113.662
113.646
113.636
113.626
113.61200000000001
113.613
113.61499999999998
113.604
113.57200000000002
113.523
113.49100000000001
113.45500000000001
113.42399999999999
113.37400000000001
113.33399999999999
113.29700000000001
113.287
113.297
113.326
113.37100000000001
113.43399999999998
113.489
113.555
113.63500000000002
113.727
113.834
113.954
114.097
114.22399999999999
114.33300000000001
114.433
114.52999999999999
114.60299999999998
114.66699999999999
114.72099999999999
114.747
114.749
114.72
114.70300000000002
114.68700000000001
114.68499999999999
114.69200000000001
114.692
114.71
114.70699999999998
114.706
114.68799999999999
114.65999999999998
114.63099999999999
114.598
114.58
114.55
114.53099999999999
114.535
114.549
114.574
114.58699999999999
114.58899999999998
114.59199999999998
114.59100000000002
114.58599999999998
114.59100000000001
114.588
114.577
114.55300000000001
114.52000000000001
114.478
114.44
114.40899999999998
114.391
114.36599999999999
114.35199999999999
114.32699999999997
114.30000000000001
114.27700000000002
114.261
114.256
114.25099999999999
114.257
114.262
114.25599999999999
114.237
114.21100000000001
114.17699999999999
114.13799999999999
114.10499999999999
114.06099999999998
114.026
113.99700000000003
113.985
113.97299999999998
113.95900000000002
113.95099999999998
113.955
113.932
113.91
113.881
113.83900000000001
113.783
113.73599999999999
113.681
113.63400000000001
113.58500000000001
113.52399999999999
113.465
113.40899999999999
113.36300000000001
113.345
113.33800000000001
113.34000000000002
113.33900000000001
113.34
113.34899999999999
113.369
113.39900000000002
113.429
113.435
113.42
113.38
113.32000000000001
113.24199999999999
113.17099999999999
113.06899999999999
112.93299999999998
112.772
112.577
112.372
112.14700000000002
111.924
111.71600000000001
111.49300000000001
111.26
111.04500000000002
110.826
110.614
110.42099999999999
110.243
110.09299999999999
109.948
109.80999999999997
109.682
109.55399999999999
109.43300000000002
109.312
109.217
109.139
109.07799999999999
109.02599999999998
108.98699999999998
108.956
108.897
108.83200000000001
108.766
108.67900000000002
108.581
108.48500000000001
108.404
108.334
108.27000000000001
108.197
108.12400000000001
108.04500000000002
107.97799999999998
107.91699999999999
107.84700000000001
107.763
107.68099999999998
107.592
107.50899999999999
107.415
107.315
107.217
107.115
107.00399999999999
106.889
106.768
106.641
106.51999999999998
106.37999999999998
106.23200000000001
106.095
105.961
105.83800000000001
105.71300000000001
105.59599999999999
105.49300000000001
105.39699999999999
105.289
105.16199999999999
105.013
104.85799999999999
104.691
104.521
104.352
104.19300000000001
104.024
103.84299999999999
103.65799999999999
103.46799999999999
103.26400000000001
103.047
102.831
102.60400000000001
102.36699999999999
102.13099999999999
101.88599999999998
101.643
101.39599999999999
101.17
100.945
100.73600000000002
100.54400000000001
100.361
100.19000000000001
100.03000000000002
99.89
99.763
99.64999999999999
99.559
99.47999999999999
99.431
99.39299999999999
99.374
99.37499999999999
99.40000000000002
99.44400000000002
99.493
99.553
99.62700000000001
99.70600000000002
99.78800000000001
99.86599999999999
99.93300000000002
100.001
100.079
100.159
100.233
100.28500000000001
100.32600000000001
100.359
100.38499999999999
100.39399999999999
100.395
100.40100000000001
100.386
100.338
100.28300000000002
100.226
100.172
100.115
100.06099999999998
100.001
99.93799999999997
99.89699999999999
99.855
99.79400000000001
99.708
99.62199999999999
99.51799999999999
99.41499999999999
99.30099999999999
99.16799999999999
99.03499999999998
98.88499999999999
98.74399999999997
98.61899999999999
98.516
98.42800000000001
98.343
98.265
98.21700000000001
98.182
98.171
98.172
98.18000000000002
98.195
98.22099999999999
98.25
98.29
98.33299999999998
98.387
98.45200000000001
98.509
98.55700000000002
98.602
98.61700000000002
98.61399999999999
98.61099999999999
98.596
98.57800000000002
98.553
98.53
98.498
98.45799999999998
98.41699999999999
98.39099999999999
98.369
98.36499999999998
98.366
98.377
98.386
98.38199999999999
98.391
98.39699999999998
98.39600000000002
98.40799999999997
98.416
98.42399999999999
98.42699999999999
98.436
98.41799999999999
98.38800000000002
98.34400000000001
98.29400000000003
98.22900000000001
98.14899999999999
98.055
97.95400000000001
97.851
97.738
97.60499999999999
97.43700000000001
97.273
97.116
96.945
96.76899999999999
96.59199999999998
96.40899999999999
96.219
96.02199999999999
95.829
95.645
95.474
95.31000000000002
95.13000000000001
94.939
94.75600000000001
94.581
94.40200000000002
94.22099999999999
94.03200000000001
93.857
93.68200000000002
93.499
93.31499999999998
93.13900000000001
92.96700000000001
92.79899999999999
92.62100000000002
92.442
92.275
92.122
91.982
91.831
91.686
91.546
91.42299999999999
91.29899999999999
91.191
91.09300000000002
91.00900000000003
90.95700000000001
90.899
90.852
90.809
90.76399999999998
90.701
90.632
90.55100000000002
90.46699999999998
90.355
90.224
90.073
89.903
89.73
89.544
89.34200000000001
89.122
88.88799999999999
88.643
88.383
88.11100000000002
87.839
87.57600000000001
87.30700000000002
87.05799999999999
86.82300000000001
86.59600000000002
86.398
86.22
86.06099999999999
85.928
85.81199999999998
85.703
85.611
85.52
85.425
85.323
85.215
85.09800000000001
84.993
84.885
84.78299999999999
84.69399999999999
84.6
84.493
84.385
84.254
84.11099999999999
83.949
83.79599999999999
83.63100000000001
83.46999999999998
83.3
83.134
82.96600000000001
82.80600000000001
82.653
82.48499999999999
82.31
82.136
81.97999999999999
81.818
81.65
81.478
81.308
81.135
80.958
80.78200000000001
80.61099999999999
80.45000000000002
80.30699999999999
80.14000000000001
79.95899999999999
79.782
79.602
79.417
79.23400000000001
79.04499999999999
78.848
78.65800000000002
78.456
78.27000000000001
78.08199999999998
77.89500000000001
77.718
77.52300000000001
77.316
77.102
76.88000000000001
76.65999999999998
76.436
76.2
75.96600000000001
75.72600000000001
75.49000000000001
75.26399999999998
75.043
74.83199999999998
74.62299999999999
74.407
74.178
73.953
73.72599999999998
73.50399999999999
73.28800000000001
73.08399999999999
72.895
72.717
72.539
72.37700000000001
72.221
72.08
71.95599999999999
71.83
71.69600000000001
71.568
71.449
71.338
71.236
71.137
71.04400000000001
70.93900000000001
70.828
70.711
70.57900000000001
70.447
70.31200000000001
70.161
70.002
69.83599999999998
69.658
69.459
69.251
69.018
68.77199999999999
68.517
68.249
67.973
67.69000000000001
67.405
67.13
66.853
66.575
66.31700000000001
66.075
65.836
65.62
65.416
65.228
65.054
64.899
64.743
64.59400000000001
64.44200000000001
64.293
64.136
63.97200000000001
63.822
63.68499999999999
63.54299999999999
63.394000000000005
63.242999999999995
63.096000000000004
62.95
62.79
62.617999999999995
62.442
62.267
62.087
61.901
61.705000000000005
61.526999999999994
61.354
61.19
61.02199999999999
60.850999999999985
60.672000000000004
60.49700000000001
60.321
60.13699999999999
59.946
59.739999999999995
59.528
59.318
59.099999999999994
58.895
58.69700000000001
58.50299999999999
58.318
58.12899999999999
57.93599999999999
57.74099999999999
57.544000000000004
57.347
57.145999999999994
56.942
56.73099999999999
56.495000000000005
56.25800000000001
56.028
55.80700000000001
55.58299999999999
55.365
55.135000000000005
54.898999999999994
54.661
54.415
54.168000000000006
53.934000000000005
53.708
53.49199999999999
53.275999999999996
53.065000000000005
52.847
52.64600000000001
52.441
52.235
52.027
51.819
51.61300000000001
51.406000000000006
51.21000000000001
51.019000000000005
50.84199999999999
50.67100000000001
50.49700000000001
50.315999999999995
50.132
49.95
49.75399999999999
49.53999999999999
49.318999999999996
49.09299999999999
48.876999999999995
48.666
48.471
48.294999999999995
48.12400000000001
47.964
47.787000000000006
47.602
47.412
47.222
47.036
46.847
46.644000000000005
46.431000000000004
46.211
45.991
45.762
45.532
45.312000000000005
45.094
44.861000000000004
44.61299999999999
44.362
44.108
43.854
43.605999999999995
43.365
43.133
42.913
42.688
42.468999999999994
42.263
42.062999999999995
41.87200000000001
41.669
41.452999999999996
41.242000000000004
41.036
40.83100000000001
40.624
40.404
40.18500000000001
39.973
39.765
39.564
39.382
39.209
39.053
38.896
38.743
38.58700000000001
38.437
38.298
38.160000000000004
38.016
37.865
37.716
37.571000000000005
37.42
37.269
37.11900000000001
36.968
36.806
36.642999999999994
36.492000000000004
36.343
36.19800000000001
36.050000000000004
35.897999999999996
35.749
35.606
35.467
35.318000000000005
35.162
34.997
34.824
34.632000000000005
34.427
34.213
33.988
33.778999999999996
33.568999999999996
33.364000000000004
33.166
32.975
32.786
32.595000000000006
32.397
32.201
32.011
31.815
31.617999999999995
31.426
31.227999999999998
31.036999999999995
30.847
30.664999999999996
30.496999999999996
30.342
30.191
30.04
29.895
29.752000000000002
29.608999999999998
29.483000000000004
29.363
29.259
29.166
29.084000000000003
29.016000000000002
28.947
28.874999999999996
28.810000000000002
28.745000000000005
28.677
28.6
28.516
28.423999999999996
28.331
28.239000000000004
28.164999999999996
28.107000000000003
28.060999999999996
28.028
27.992000000000004
27.939999999999998
27.889000000000003
27.841000000000005
27.784
27.721000000000004
27.662000000000003
27.598
27.534
27.467
27.404000000000003
27.343999999999998
27.279000000000007
27.205999999999996
27.13
27.063
27.003999999999998
26.95
26.881999999999998
26.805999999999997
26.724
26.628
26.524
26.413
26.288999999999998
26.153
26.018
25.876
25.720000000000002
25.567
25.416999999999998
25.281
25.136999999999997
24.997
24.866000000000003
24.744
24.633
24.532000000000004
24.447000000000003
24.366000000000003
24.293
24.219
24.145
24.064
23.984999999999996
23.904999999999998
23.820999999999994
23.733
23.643
23.561
23.477
23.393
23.313000000000002
23.242
23.176000000000005
23.115
23.052
22.990000000000002
22.930999999999997
22.874000000000002
22.816
22.753
22.69
22.632999999999996
22.567999999999998
22.491000000000003
22.418
22.345
22.272000000000002
22.209999999999997
22.145000000000003
22.080000000000002
22.009999999999998
21.935
21.843000000000004
21.743000000000002
21.639
21.532999999999998
21.423
21.309
21.193
21.077
20.968000000000004
20.855999999999998
20.741
20.615
20.484
20.357999999999997
20.233000000000004
20.114
19.994000000000003
19.883000000000003
19.776
19.664
19.548000000000002
19.427999999999997
19.311
19.195
19.078999999999997
18.961
18.835
18.712
18.585
18.454
18.322
18.188000000000002
18.048
17.909999999999997
17.776999999999997
17.645
17.523000000000003
17.408
17.291999999999998
17.173000000000002
17.053
16.929999999999996
16.796
16.668
16.551000000000002
16.444000000000003
16.336000000000002
16.229
16.128
16.032
15.958
15.905
15.862000000000004
15.824
15.773000000000003
15.708
15.641999999999998
15.574
15.517
15.457
15.399
15.339
15.275999999999996
15.214
15.148000000000001
15.086
15.019999999999998
14.955
14.880999999999998
14.802
14.721
14.636000000000001
14.554000000000002
14.472999999999999
14.400999999999998
14.324000000000002
14.257
14.189
14.126
14.057
13.990000000000002
13.921
13.838999999999999
13.754999999999999
13.658999999999999
13.554
13.449
13.349
13.255
13.167
13.09
13.022
12.955
12.889
12.821
12.749999999999998
12.677000000000001
12.6
12.535
12.476
12.439
12.410999999999998
12.38
12.339
12.297999999999998
12.259
12.213000000000001
12.160999999999998
12.105
12.048
11.975999999999999
11.899000000000001
11.816999999999998
11.731000000000002
11.65
11.572
11.498
11.424000000000001
11.350000000000001
11.278
11.212
11.149000000000001
11.08
11.009000000000002
10.936000000000002
10.860999999999999
10.794
10.729000000000001
10.665
10.597999999999999
10.536999999999999
10.482
10.431
10.387
10.351
10.314
10.272
10.227
10.175000000000002
10.123000000000001
10.071000000000002
10.015999999999998
9.962
9.897
9.826999999999998
9.753
9.688
9.626999999999999
9.568000000000001
9.511000000000001
9.456
9.397
9.331
9.261999999999999
9.209
9.164
9.122
9.074
9.027000000000001
8.981
8.937999999999999
8.893
8.846
8.797
8.74
8.681000000000001
8.614
8.548
8.489999999999998
8.439
8.393
8.352
8.318999999999999
8.289
8.264
8.244
8.216999999999999
8.184
8.145
8.107000000000001
8.056999999999999
8.004
7.956
7.904999999999999
7.862
7.824
7.785
7.743
7.704000000000001
7.659999999999999
7.619
7.574
7.527000000000001
7.478999999999999
7.433999999999999
7.393
7.358
7.3260000000000005
7.292
7.255000000000001
7.210000000000001
7.164
7.13
7.1049999999999995
7.086
7.066
7.0459999999999985
7.0329999999999995
7.007000000000001
6.975
6.9559999999999995
6.9399999999999995
6.924999999999999
6.911
6.891
6.860999999999999
6.833
6.801
6.774
6.751
6.723000000000001
6.693
6.654999999999999
6.611
6.57
6.526
6.484
6.448
6.411
6.372999999999999
6.335000000000001
6.295
6.255999999999999
6.218
6.172
6.127
6.078
6.032
5.995
5.96
5.93
5.907
5.886
5.869999999999999
5.862
5.859
5.853
5.851000000000001
5.8469999999999995
5.8389999999999995
5.82
5.795999999999999
5.771000000000001
5.75
5.734
5.720000000000001
5.707
5.696
5.683
5.673
5.657
5.643000000000001
5.627
5.615
5.604000000000001
5.589
5.581
5.571999999999999
5.563
5.555000000000001
5.546
5.532
5.513
5.494999999999999
5.476
5.4559999999999995
5.439
5.428000000000001
5.4190000000000005
5.411
5.401
5.388999999999999
5.380000000000001
5.375
5.371
5.3660000000000005
5.367000000000001
5.371
5.363
5.352
5.337
5.325
5.313000000000001
5.300000000000001
5.282
5.26
5.236
5.208
5.177
5.146
5.12
5.096
5.067
5.0360000000000005
5.002
4.968
4.936
4.9
4.872
4.852
4.834
4.821
4.811999999999999
4.801
4.798
4.801
4.803
4.808
4.81
4.813
4.811999999999999
4.804
4.7989999999999995
4.796
4.793
4.79
4.785
4.7780000000000005
4.775
4.779
4.776999999999999
4.7780000000000005
4.7749999999999995
4.769
4.757999999999999
4.749
4.7379999999999995
4.7219999999999995
4.708
4.697
4.686
4.672
4.667
4.6659999999999995
4.66
4.651
4.641
4.627
4.607
4.587
4.564
4.538
4.519
4.498
4.4750000000000005
4.4510000000000005
4.431000000000001
4.409
4.386
4.359
4.331
4.298
4.263999999999999
4.226
4.188000000000001
4.151000000000001
4.114999999999999
4.08
4.0440000000000005
4.006
3.974
3.9459999999999997
3.9170000000000003
3.8890000000000002
3.8560000000000003
3.8280000000000003
3.8
3.77
3.735
3.699
3.676
3.66
3.6430000000000002
3.6239999999999997
3.6079999999999997
3.5940000000000003
3.577
3.559
3.551
3.545
3.5380000000000003
3.5260000000000002
3.5100000000000002
3.494
3.488
3.486
3.483
3.484
3.4850000000000003
3.4869999999999997
3.484
3.48
3.478
3.4779999999999998
3.475
3.4690000000000003
3.456
3.4379999999999997
3.426
3.412
3.395
3.3770000000000002
3.3589999999999995
3.344
3.3230000000000004
3.3000000000000003
3.28
3.258
3.233
3.204
3.1780000000000004
3.158
3.147
3.138
3.124
3.1109999999999998
3.1030000000000006
3.0970000000000004
3.0900000000000003
3.0810000000000004
3.079
3.078
3.0759999999999996
3.073
3.0649999999999995
3.049
3.04
3.0339999999999994
3.0279999999999996
3.021
3.014
3.006
2.9909999999999997
2.9779999999999998
2.968
2.9579999999999997
2.949
2.9389999999999996
2.924
2.908
2.904
2.9050000000000002
2.9050000000000002
2.9059999999999997
2.906
2.9059999999999997
2.899
2.894
2.888
2.881
2.876
2.875
2.874
2.874
2.88
2.886
2.889
2.892
2.8970000000000002
2.902
2.908
2.9110000000000005
2.916
2.9189999999999996
2.924
2.923
2.9179999999999997
2.9139999999999997
2.9179999999999997
2.922
2.924
2.9259999999999997
2.93
2.937
2.937
2.9339999999999997
2.931
2.927
2.9210000000000003
2.9139999999999997
2.9059999999999997
2.899
2.894
2.891
2.8819999999999997
2.873
2.862
2.8469999999999995
2.829
2.8109999999999995
2.7969999999999997
2.7849999999999997
2.774
2.762
2.7510000000000003
2.742
2.739
2.7380000000000004
2.7369999999999997
2.7350000000000003
2.7319999999999998
2.7260000000000004
2.723
2.7180000000000004
2.717
2.7180000000000004
2.722
2.727
2.73
2.7329999999999997
2.7350000000000003
2.735
2.732
2.7270000000000003
2.727
2.726
2.721
2.712
2.703
2.696
2.687
2.676
2.662
2.645
2.636
2.631
2.626
2.621
2.616
2.608
2.599
2.5919999999999996
2.5909999999999997
2.588
2.585
2.582
2.573
2.561
2.557
2.5550000000000006
2.553
2.551
2.549
2.549
2.549
2.548
2.552
2.555
2.5610000000000004
2.569
2.575
2.577
2.5780000000000003
2.578
2.5770000000000004
2.576
2.5770000000000004
2.577
2.57
2.5620000000000003
2.5540000000000003
2.5490000000000004
2.544
2.5389999999999997
2.528
2.513
2.504
2.496
2.488
2.479
2.47
2.4599999999999995
2.447
2.43
2.419
2.412
2.406
2.4
2.388
2.378
2.3699999999999997
2.3619999999999997
2.359
2.356
2.3510000000000004
2.346
2.3400000000000003
2.3360000000000003
2.338
2.3379999999999996
2.341
2.344
2.342
2.34
2.3400000000000003
2.3420000000000005
2.3480000000000003
2.356
2.361
2.365
2.368
2.37
2.37
2.3720000000000003
2.373
2.374
2.3649999999999998
2.354
2.348
2.344
2.3419999999999996
2.34
2.34
2.34
2.333
2.326
2.3200000000000003
2.3160000000000003
2.311
2.3040000000000003
2.2920000000000003
2.2800000000000002
2.2769999999999997
2.2760000000000002
2.2740000000000005
2.271
2.267
2.262
2.2560000000000002
2.251
2.247
2.242
2.234
2.224
2.2119999999999997
2.2009999999999996
2.197
2.195
2.194
2.192
2.1879999999999997
2.186
2.185
2.181
2.179
2.1790000000000003
2.178
2.177
2.171
2.162
2.157
2.156
2.1550000000000002
2.152
2.144
2.1340000000000003
2.1229999999999998
2.113
2.109
2.106
2.1020000000000003
2.097
2.092
2.0839999999999996
2.083
2.085
2.0869999999999997
2.09
2.091
2.092
2.091
2.087
2.088
2.091
2.0960000000000005
2.1
2.093
2.084
2.0829999999999997
2.081
2.0780000000000003
2.075
2.068
2.059
2.054
2.046
2.0429999999999997
2.0389999999999997
2.033
2.0279999999999996
2.0180000000000002
2.008
2.005
2.003
1.998
1.9909999999999999
1.98
1.9669999999999999
1.9540000000000002
1.9420000000000002
1.931
1.922
1.911
1.9
1.8889999999999998
1.879
1.874
1.8699999999999999
1.8609999999999998
1.853
1.847
1.842
1.838
1.835
1.833
1.8279999999999998
1.8219999999999998
1.8170000000000002
1.809
1.8000000000000003
1.798
1.7959999999999998
1.7880000000000003
1.7810000000000001
1.775
1.769
1.764
1.76
1.7570000000000001
1.754
1.754
1.7530000000000001
1.749
1.745
1.745
1.7439999999999998
1.7360000000000002
1.7269999999999999
1.717
1.706
1.6969999999999998
1.689
1.679
1.669
1.661
1.653
1.6430000000000002
1.6320000000000001
1.6250000000000002
1.6190000000000002
1.6099999999999999
1.6010000000000002
1.5950000000000002
1.592
1.592
1.594
1.5950000000000002
1.5959999999999999
1.598
1.6010000000000002
1.6
1.5979999999999999
1.5959999999999999
1.595
1.589
1.5839999999999999
1.5770000000000002
1.5710000000000002
1.5650000000000002
1.5590000000000002
1.555
1.555
1.5530000000000002
1.5490000000000002
1.54
1.53
1.529
1.532
1.5330000000000004
1.534
1.5310000000000001
1.528
1.5260000000000002
1.524
1.5190000000000001
1.5180000000000002
1.516
1.5130000000000001
1.5070000000000001
1.499
1.492
1.4840000000000002
1.473
1.4600000000000002
1.448
1.4360000000000004
1.4249999999999998
1.414
1.407
1.401
1.396
1.3909999999999998
1.385
1.3769999999999998
1.369
1.358
1.346
1.334
1.3250000000000002
1.314
1.3010000000000002
1.287
1.27
1.2530000000000001
1.239
1.228
1.217
1.206
1.197
1.187
1.177
1.166
1.158
1.1500000000000001
1.145
1.141
1.137
1.134
1.133
1.1309999999999998
1.1229999999999998
1.1150000000000002
1.1099999999999999
1.105
1.099
1.0939999999999999
1.095
1.097
1.103
1.112
1.1219999999999999
1.129
1.139
1.151
1.157
1.1590000000000003
1.1620000000000001
1.165
1.167
1.17
1.1760000000000002
1.18
1.185
1.188
1.19
1.193
1.198
1.2029999999999998
1.204
1.204
1.201
1.198
1.197
1.198
1.201
1.202
1.205
1.206
1.2069999999999999
1.2089999999999999
1.212
1.213
1.209
1.206
1.204
1.2009999999999998
1.199
1.1969999999999998
1.196
1.1949999999999998
1.198
1.2029999999999998
1.209
1.216
1.225
1.232
1.2319999999999998
1.2309999999999999
1.23
1.2300000000000002
1.2320000000000002
1.234
1.2369999999999999
1.24
1.245
1.2510000000000001
1.2570000000000001
1.264
1.268
1.2710000000000001
1.268
1.263
1.2610000000000001
1.259
1.256
1.254
1.254
1.2550000000000001
1.2610000000000001
1.27
1.28
1.2890000000000001
1.2990000000000002
1.3100000000000003
1.3150000000000002
1.3180000000000003
1.322
1.325
1.332
1.34
1.343
1.3459999999999999
1.347
1.346
1.343
1.3410000000000002
1.339
1.3370000000000002
1.328
1.318
1.307
1.2969999999999997
1.29
1.2830000000000001
1.2770000000000001
1.27
1.2650000000000001
1.26
1.254
1.246
1.236
1.2280000000000002
1.218
1.206
1.197
1.19
1.185
1.1820000000000002
1.179
1.1760000000000002
1.173
1.1700000000000002
1.165
1.1600000000000001
1.157
1.1540000000000001
1.15
1.145
1.143
1.141
1.1440000000000001
1.1460000000000001
1.1460000000000001
1.1440000000000001
1.1440000000000001
1.147
1.151
1.154
1.1580000000000001
1.161
1.1620000000000001
1.162
1.1620000000000001
1.16
1.1600000000000001
1.16
1.16
1.1580000000000001
1.1540000000000001
1.1500000000000001
1.1460000000000001
1.1410000000000002
1.1380000000000001
1.1340000000000001
1.1260000000000001
1.117
1.112
1.108
1.108
1.108
1.105
1.102
1.1
1.1
1.1
1.1010000000000002
1.102
1.102
1.102
1.102
1.1049999999999998
1.108
1.11
1.1130000000000002
1.114
1.115
1.116
1.117
1.116
1.112
1.107
1.103
1.095
1.085
1.081
1.079
1.077
1.074
1.068
1.061
1.0579999999999998
1.0550000000000002
1.0540000000000003
1.054
1.0550000000000002
1.0550000000000002
1.055
1.0530000000000002
1.054
1.056
1.061
1.0650000000000002
1.067
1.07
1.073
1.076
1.0779999999999998
1.08
1.081
1.0839999999999999
1.0879999999999999
1.091
1.0879999999999999
1.087
1.087
1.087
1.084
1.08
1.0779999999999998
1.0750000000000002
1.069
1.0630000000000002
1.055
1.0470000000000002
1.0379999999999998
1.0279999999999998
1.019
1.01
1.002
0.9949999999999999
0.986
0.978
0.97
0.9630000000000001
0.954
0.9430000000000002
0.928
0.9130000000000001
0.897
0.8810000000000001
0.866
0.852
0.842
0.8330000000000001
0.8230000000000001
0.8130000000000001
0.802
0.7920000000000001
0.784
0.7760000000000001
0.767
0.7580000000000001
0.7460000000000001
0.735
0.728
0.721
0.717
0.7140000000000001
0.7100000000000001
0.7060000000000001
0.7060000000000001
0.7060000000000001
0.7060000000000001
0.7070000000000001
0.7050000000000001
0.7010000000000001
0.6980000000000001
0.6950000000000001
0.6930000000000001
0.6910000000000001
0.6920000000000001
0.694
0.693
0.692
0.693
0.6940000000000001
0.6940000000000001
0.693
0.689
0.686
0.684
0.681
0.6809999999999999
0.6819999999999999
0.6829999999999999
0.683
0.6809999999999999
0.6799999999999999
0.6809999999999999
0.6819999999999999
0.6829999999999999
0.6839999999999999
0.6799999999999999
0.6739999999999999
0.6679999999999999
0.6639999999999999
0.661
0.6579999999999999
0.6569999999999999
0.6559999999999999
0.6529999999999999
0.6499999999999999
0.6469999999999999
0.643
0.638
0.6339999999999999
0.6300000000000001
0.6259999999999999
0.625
0.622
0.618
0.615
0.618
0.619
0.616
0.613
0.613
0.612
0.6110000000000001
0.6110000000000001
0.6120000000000001
0.6140000000000001
0.619
0.623
0.627
0.631
0.6320000000000001
0.634
0.635
0.635
0.638
0.6399999999999999
0.642
0.643
0.646
0.6519999999999999
0.6619999999999999
0.6729999999999999
0.6849999999999999
0.698
0.707
0.716
0.723
0.73
0.733
0.736
0.74
0.743
0.744
0.744
0.746
0.747
0.747
0.746
0.7429999999999999
0.74
0.7370000000000001
0.7330000000000001
0.7290000000000001
0.726
0.72
0.714
0.7070000000000001
0.698
0.6920000000000001
0.6859999999999999
0.68
0.6739999999999999
0.669
0.6639999999999999
0.6599999999999999
0.6559999999999999
0.6539999999999999
0.651
0.6479999999999999
0.6439999999999999
0.639
0.6339999999999999
0.631
0.627
0.621
0.615
0.608
0.6
0.594
0.589
0.587
0.585
0.5820000000000001
0.579
0.574
0.569
0.568
0.569
0.567
0.563
0.5579999999999999
0.5529999999999999
0.5479999999999999
0.5439999999999999
0.5409999999999999
0.5379999999999999
0.5359999999999999
0.5349999999999999
0.5339999999999999
0.5319999999999999
0.529
0.526
0.52
0.514
0.508
0.501
0.495
0.489
0.486
0.483
0.48
0.478
0.474
0.469
0.46599999999999997
0.46299999999999997
0.45899999999999996
0.45499999999999996
0.44999999999999996
0.44499999999999995
0.44299999999999995
0.43999999999999995
0.43700000000000006
0.43400000000000005
0.43000000000000005
0.42700000000000005
0.42400000000000004
0.42200000000000004
0.41900000000000004
0.41300000000000003
0.40700000000000003
0.4
0.392
0.383
0.379
0.375
0.374
0.374
0.378
0.383
0.385
0.387
0.388
0.389
0.387
0.386
0.386
0.386
0.387
0.388
0.389
0.39
0.391
0.391
0.39099999999999996
0.39099999999999996
0.38999999999999996
0.38899999999999996
0.38699999999999996
0.385
0.382
0.38
0.377
0.374
0.369
0.364
0.36
0.356
0.352
0.348
0.345
0.34199999999999997
0.33899999999999997
0.33699999999999997
0.33499999999999996
0.33299999999999996
0.33199999999999996
0.33199999999999996
0.32999999999999996
0.32699999999999996
0.32299999999999995
0.31799999999999995
0.31399999999999995
0.31199999999999994
0.30999999999999994
0.309
0.308
0.307
0.308
0.31
0.312
0.315
0.317
0.318
0.31999999999999995
0.32199999999999995
0.32299999999999995
0.32299999999999995
0.32099999999999995
0.31899999999999995
0.31799999999999995
0.31899999999999995
0.31899999999999995
0.31999999999999995
0.32099999999999995
0.32099999999999995
0.31999999999999995
0.31899999999999995
0.31899999999999995
0.31899999999999995
0.31799999999999995
0.31699999999999995
0.31599999999999995
0.31599999999999995
0.317
0.317
0.316
0.31500000000000006
0.315
0.315
0.316
0.317
0.318
0.319
0.321
0.322
0.321
0.319
0.317
0.315
0.314
0.313
0.313
0.313
0.30899999999999994
0.305
0.3
0.294
0.288
0.28099999999999997
0.27699999999999997
0.27299999999999996
0.272
0.272
0.273
0.273
0.273
0.273
0.27
0.268
0.267
0.266
0.267
0.268
0.268
0.268
0.268
0.268
0.269
0.27
0.271
0.271
0.27
0.269
0.269
0.269
0.269
0.269
0.268
0.267
0.266
0.265
0.264
0.262
0.261
0.26
0.26
0.259
0.258
0.257
0.256
0.255
0.253
0.249
0.24700000000000003
0.24500000000000002
0.24400000000000002
0.24300000000000002
0.24300000000000002
0.24200000000000002
0.24000000000000002
0.23700000000000002
0.23500000000000001
0.233
0.23199999999999998
0.23099999999999998
0.22999999999999998
0.22899999999999998
0.22899999999999998
0.22999999999999998
0.23199999999999998
0.23199999999999998
0.23299999999999998
0.23299999999999998
0.232
0.232
0.231
0.23
0.229
0.228
0.227
0.225
0.223
0.22
0.216
0.21200000000000002
0.20900000000000002
0.20600000000000002
0.203
0.2
0.196
0.193
0.19
0.187
0.183
0.179
0.177
0.175
0.175
0.175
0.174
0.173
0.16999999999999998
0.16599999999999998
0.16599999999999998
0.16599999999999998
0.16599999999999998
0.16699999999999998
0.16799999999999998
0.16899999999999998
0.16899999999999998
0.16899999999999998
0.168
0.167
0.167
0.167
0.166
0.165
0.166
0.166
0.166
0.167
0.16599999999999998
0.16499999999999998
0.16499999999999998
0.165
0.165
0.165
0.166
0.168
0.17
0.17200000000000001
0.175
0.178
0.181
0.184
0.189
0.194
0.201
0.20800000000000002
0.21200000000000002
0.21500000000000002
0.21800000000000003
0.22100000000000003
0.22300000000000003
0.22500000000000003
0.226
0.227
0.228
0.22999999999999998
0.23299999999999998
0.236
0.239
0.242
0.245
0.247
0.248
0.249
0.248
0.247
0.247
0.247
0.247
0.247
0.245
0.243
0.241
0.24
0.241
0.241
0.24
0.239
0.238
0.238
0.239
0.239
0.24
0.241
0.242
0.243
0.244
0.245
0.246
0.247
0.248
0.251
0.253
0.255
0.256
0.259
0.262
0.264
0.265
0.266
0.267
0.268
0.269
0.27
0.267
0.264
0.261
0.258
0.256
0.255
0.253
0.253
0.253
0.254
0.255
0.257
0.257
0.257
0.258
0.259
0.26
0.262
0.263
0.264
0.266
0.268
0.267
0.265
0.264
0.263
0.261
0.25999999999999995
0.25899999999999995
0.25799999999999995
0.25699999999999995
0.25499999999999995
0.25299999999999995
0.25099999999999995
0.24899999999999994
0.24699999999999994
0.24499999999999994
0.243
0.238
0.23200000000000004
0.22500000000000003
0.21900000000000003
0.21599999999999997
0.21400000000000002
0.21200000000000002
0.21000000000000002
0.20900000000000002
0.20800000000000002
0.20700000000000002
0.20600000000000002
0.20400000000000001
0.201
0.198
0.195
0.191
0.187
0.183
0.179
0.176
0.174
0.174
0.174
0.174
0.174
0.174
0.174
0.174
0.174
0.174
0.173
0.17099999999999999
0.16899999999999998
0.16699999999999998
0.16499999999999998
0.16399999999999998
0.16199999999999998
0.15999999999999998
0.15799999999999997
0.156
0.154
0.152
0.15
0.14800000000000002
0.14700000000000002
0.14600000000000002
0.14500000000000002
0.14400000000000002
0.14100000000000001
0.139
0.137
0.135
0.131
0.128
0.126
0.124
0.123
0.12199999999999998
0.121
0.12
0.119
0.122
0.125
0.12799999999999997
0.13099999999999998
0.13199999999999998
0.13299999999999998
0.13399999999999998
0.13299999999999998
0.132
0.129
0.126
0.124
0.123
0.122
0.12
0.118
0.11499999999999999
0.111
0.109
0.108
0.107
0.106
0.107
0.108
0.109
0.11
0.111
0.112
0.11699999999999999
0.122
0.126
0.13
0.132
0.134
0.136
0.139
0.142
0.145
0.149
0.154
0.159
0.163
0.166
0.16899999999999998
0.172
0.175
0.177
0.179
0.181
0.184
0.188
0.192
0.194
0.196
0.198
0.201
0.202
0.203
0.20500000000000002
0.20600000000000002
0.20600000000000002
0.20600000000000002
0.20600000000000002
0.20600000000000002
0.20600000000000002
0.20600000000000002
0.20700000000000002
0.20999999999999996
0.21299999999999997
0.21599999999999997
0.21999999999999997
0.22499999999999998
0.22899999999999998
0.23299999999999998
0.237
0.241
0.245
0.249
0.252
0.255
0.258
0.261
0.264
0.266
0.268
0.27
0.27199999999999996
0.27399999999999997
0.27599999999999997
0.27799999999999997
0.27999999999999997
0.282
0.283
0.283
0.284
0.284
0.284
0.284
0.284
0.284
0.283
0.28200000000000003
0.281
0.28
0.279
0.278
0.27699999999999997
0.27599999999999997
0.275
0.274
0.273
0.27
0.268
0.266
0.264
0.262
0.261
0.26
0.259
0.257
0.255
0.253
0.251
0.249
0.246
0.243
0.241
0.238
0.232
0.226
0.22000000000000003
0.21400000000000002
0.21000000000000002
0.20600000000000002
0.202
0.197
0.192
0.18700000000000006
0.18200000000000005
0.17800000000000005
0.17400000000000004
0.17100000000000004
0.16900000000000004
0.16700000000000004
0.16600000000000004
0.16500000000000004
0.16500000000000004
0.16500000000000004
0.16500000000000004
0.16400000000000003
0.16300000000000006
0.16200000000000003
0.16200000000000003
0.16200000000000003
0.16100000000000003
0.16000000000000003
0.16100000000000003
0.16200000000000003
0.16100000000000003
0.16000000000000003
0.16000000000000003
0.16100000000000003
0.16100000000000003
0.16100000000000003
0.16100000000000003
0.16200000000000003
0.16300000000000003
0.16300000000000003
0.16400000000000003
0.165
0.164
0.162
0.161
0.161
0.159
0.157
0.155
0.15300000000000002
0.15200000000000002
0.15100000000000002
0.15000000000000002
0.15000000000000002
0.14900000000000002
0.14800000000000002
0.14800000000000002
0.148
0.14700000000000002
0.14600000000000002
0.14400000000000002
0.14200000000000002
0.14100000000000001
0.14
0.139
0.138
0.137
0.137
0.137
0.137
0.137
0.13699999999999998
0.136
0.136
0.135
0.134
0.135
0.136
0.137
0.138
0.139
0.14
0.14
0.14
0.14
0.14100000000000001
0.14200000000000002
0.14300000000000002
0.14400000000000002
0.14500000000000002
0.14600000000000002
0.14700000000000002
0.14900000000000002
0.15100000000000002
0.15100000000000002
0.15100000000000002
0.15100000000000002
0.15100000000000002
0.15100000000000002
0.15100000000000002
0.15100000000000002
0.15100000000000002
0.15100000000000002
0.15100000000000002
0.15100000000000002
0.15100000000000002
0.15100000000000002
0.15100000000000002
0.15100000000000002
0.15100000000000002
0.15100000000000002
0.15100000000000002
0.15100000000000002
0.15000000000000002
0.14900000000000002
0.14900000000000002
0.14800000000000002
0.14700000000000002
0.14600000000000002
0.14500000000000002
0.14400000000000002
0.14300000000000002
0.14200000000000002
0.14100000000000001
0.139
0.137
0.137
0.136
0.136
0.136
0.136
0.137
0.138
0.139
0.141
0.144
0.145
0.145
0.145
0.144
0.14200000000000002
0.14100000000000001
0.141
0.141
0.14
0.13799999999999998
0.13799999999999998
0.13799999999999998
0.13799999999999998
0.13799999999999998
0.13699999999999998
0.13599999999999998
0.13499999999999998
0.13299999999999998
0.133
0.133
0.132
0.131
0.13
0.129
0.129
0.129
0.129
0.129
0.129
0.129
0.129
0.12799999999999997
0.127
0.126
0.125
0.124
0.126
0.127
0.129
0.131
0.132
0.133
0.133
0.133
0.133
0.133
0.134
0.135
0.136
0.136
0.136
0.136
0.136
0.136
0.138
0.14
0.14100000000000001
0.14200000000000002
0.14500000000000002
0.148
0.15100000000000002
0.15500000000000003
0.15900000000000003
0.16300000000000003
0.16600000000000004
0.16900000000000004
0.17100000000000004
0.17300000000000004
0.17500000000000004
0.17700000000000005
0.17900000000000005
0.18100000000000005
0.18300000000000005
0.18500000000000005
0.18700000000000006
0.18800000000000006
0.18900000000000006
0.19000000000000006
0.19100000000000003
0.19100000000000003
0.19100000000000003
0.19100000000000003
0.19100000000000003
0.19100000000000003
0.19100000000000003
0.19100000000000003
0.19100000000000003
0.19100000000000003
0.19200000000000003
0.19300000000000003
0.19300000000000003
0.19300000000000003
0.19200000000000003
0.19100000000000003
0.19100000000000003
0.19000000000000003
0.18900000000000003
0.18700000000000003
0.18500000000000003
0.18200000000000002
0.18100000000000002
0.18000000000000002
0.17900000000000002
0.17800000000000002
0.17700000000000002
0.17500000000000002
0.17300000000000001
0.171
0.17
0.169
0.168
0.167
0.166
0.165
0.165
0.165
0.165
0.166
0.165
0.164
0.163
0.162
0.162
0.162
0.162
0.162
0.162
0.162
0.162
0.162
0.162
0.162
0.162
0.162
0.163
0.164
0.163
0.16200000000000003
0.16000000000000003
0.15800000000000003
0.15700000000000003
0.15600000000000003
0.15600000000000003
0.15600000000000003
0.15600000000000003
0.15600000000000003
0.15600000000000003
0.15600000000000003
0.15600000000000003
0.15700000000000003
0.15800000000000003
0.15900000000000003
0.15900000000000003
0.15900000000000003
0.15700000000000003
0.15500000000000003
0.15300000000000002
0.15100000000000002
0.14900000000000002
0.14700000000000002
0.14600000000000002
0.14400000000000002
0.14200000000000002
0.14
0.139
0.138
0.138
0.138
0.138
0.138
0.137
0.136
0.136
0.136
0.136
0.136
0.136
0.136
0.136
0.137
0.138
0.139
0.14
0.14100000000000001
0.14100000000000001
0.14100000000000001
0.14
0.139
0.138
0.137
0.137
0.137
0.137
0.137
0.137
0.137
0.137
0.137
0.137
0.137
0.137
0.137
0.137
0.137
0.137
0.137
0.137
0.137
0.137
0.137
0.137
0.137
0.137
0.137
0.137
0.137
0.137
0.136
0.136
0.136
0.136
0.136
0.136
0.136
0.136
0.136
0.136
0.136
0.136
0.136
0.136
0.136
0.136
0.136
0.135
0.134
0.133
0.132
0.132
0.132
0.132
0.132
0.132
0.132
0.132
0.132
0.132
0.132
0.132
0.131
0.13
0.129
0.129
0.129
0.129
0.129
0.129
0.129
0.129
0.129
0.128
0.12700000000000003
0.12600000000000003
0.12500000000000003
0.12400000000000001
0.12300000000000001
0.12200000000000001
0.12100000000000001
0.12000000000000001
0.11900000000000001
0.11900000000000001
0.11900000000000001
0.11800000000000001
0.117
0.116
0.115
0.115
0.11500000000000002
0.11500000000000002
0.11400000000000002
0.11300000000000002
0.11200000000000002
0.11200000000000002
0.112
0.113
0.114
0.116
0.11800000000000001
0.11800000000000001
0.11800000000000001
0.11800000000000001
0.11800000000000001
0.11800000000000001
0.11800000000000001
0.11800000000000001
0.11800000000000001
0.11800000000000001
0.11800000000000001
0.11800000000000001
0.11900000000000001
0.12000000000000001
0.12100000000000001
0.12200000000000001
0.12300000000000001
0.12400000000000001
0.125
0.126
0.127
0.128
0.129
0.13
0.131
0.132
0.133
0.134
0.135
0.136
0.137
0.138
0.13899999999999998
0.13999999999999999
0.141
0.142
0.143
0.144
0.145
0.146
0.147
0.148
0.15
0.152
0.154
0.156
0.158
0.16
0.162
0.164
0.166
0.168
0.17
0.17200000000000001
0.17400000000000002
0.17600000000000002
0.17800000000000002
0.17900000000000002
0.18000000000000002
0.18100000000000002
0.18200000000000002
0.18300000000000002
0.18400000000000002
0.18500000000000003
0.18600000000000003
0.18700000000000003
0.18800000000000003
0.18900000000000003
0.19
0.191
0.192
0.193
0.194
0.195
0.197
0.199
0.201
0.202
0.203
0.20400000000000001
0.20500000000000002
0.20600000000000002
0.20700000000000002
0.20800000000000002
0.20900000000000002
0.21000000000000002
0.21100000000000002
0.21100000000000002
0.21100000000000002
0.21000000000000002
0.20900000000000002
0.20800000000000002
0.20700000000000002
0.20600000000000002
0.20500000000000002
0.203
0.201
0.199
0.197
0.195
0.193
0.194
0.195
0.196
0.197
0.199
0.201
0.203
0.20500000000000002
0.20700000000000002
0.20900000000000002
0.21000000000000002
0.21000000000000002
0.21000000000000002
0.21000000000000002
0.20900000000000002
0.20900000000000002
0.20900000000000002
0.20900000000000002
0.20900000000000002
0.20900000000000002
0.20900000000000002
0.20900000000000002
0.20900000000000005
0.20900000000000005
0.20900000000000005
0.20900000000000005
0.20900000000000002
0.20900000000000002
0.20800000000000002
0.20700000000000002
0.20600000000000002
0.20500000000000002
0.20400000000000001
0.203
0.202
0.201
0.2
0.199
0.198
0.197
0.196
0.194
0.19200000000000003
0.19000000000000003
0.18800000000000003
0.18600000000000003
0.18400000000000002
0.18200000000000002
0.18000000000000002
0.17900000000000002
0.17800000000000002
0.17700000000000002
0.176
0.175
0.174
0.173
0.173
0.173
0.17300000000000001
0.17300000000000001
0.17300000000000001
0.17300000000000001
0.17200000000000001
0.171
0.17
0.17
0.17
0.17
0.17
0.17
0.17
0.17
0.17
0.169
0.16800000000000004
0.16700000000000004
0.16600000000000004
0.16500000000000004
0.16400000000000003
0.16300000000000003
0.16200000000000003
0.16100000000000003
0.16000000000000003
0.15900000000000003
0.15800000000000003
0.15700000000000003
0.15700000000000003
0.15700000000000003
0.15700000000000003
0.15700000000000003
0.15700000000000003
0.15700000000000003
0.15700000000000003
0.15700000000000003
0.15700000000000003
0.15700000000000003
0.15700000000000003
0.15700000000000003
0.15700000000000003
0.15700000000000003
0.15600000000000003
0.15500000000000003
0.15400000000000003
0.15300000000000002
0.15100000000000002
0.14900000000000002
0.14700000000000002
0.14500000000000002
0.14300000000000002
0.14100000000000001
0.14
0.139
0.138
0.137
0.137
0.136
0.135
0.134
0.133
0.132
0.131
0.13
0.129
0.128
0.127
0.126
0.125
0.124
0.124
0.124
0.124
0.124
0.124
0.124
0.124
0.124
0.124
0.124
0.124
0.124
0.124
0.124
0.124
0.124
0.124
0.124
0.124
0.125
0.126
0.126
0.126
0.126
0.125
0.12400000000000001
0.12300000000000001
0.12200000000000001
0.12100000000000001
0.12000000000000001
0.11900000000000001
0.11800000000000001
0.117
0.116
0.116
0.116
0.116
0.115
0.114
0.11300000000000002
0.11200000000000002
0.11100000000000002
0.11000000000000001
0.10900000000000001
0.10800000000000001
0.10700000000000001
0.10600000000000001
0.10500000000000001
0.10500000000000001
0.10500000000000001
0.10500000000000001
0.10500000000000001
0.10500000000000001
0.10500000000000001
0.10500000000000001
0.10500000000000001
0.10500000000000001
0.10500000000000001
0.10500000000000001
0.10500000000000001
0.10500000000000001
0.10500000000000001
0.10500000000000001
0.10500000000000001
0.10500000000000001
0.10500000000000001
0.10500000000000001
0.10500000000000001
0.10500000000000001
0.10500000000000001
0.10500000000000001
0.10500000000000001
0.10500000000000001
0.10500000000000001
0.10500000000000001
0.10500000000000001
0.10600000000000001
0.10700000000000001
0.10800000000000001
0.10900000000000001
0.11000000000000001
0.11100000000000002
0.11100000000000002
0.11100000000000002
0.11100000000000002
0.11100000000000002
0.11100000000000002
0.11100000000000002
0.11100000000000002
0.11100000000000002
0.11100000000000002
0.11100000000000002
0.11100000000000002
0.11100000000000002
0.11100000000000002
0.11100000000000002
0.11100000000000002
0.11100000000000002
0.11100000000000002
0.11100000000000002
0.11100000000000002
0.11100000000000002
0.11100000000000002
0.11100000000000002
0.11100000000000002
0.11100000000000002
0.11100000000000002
0.11100000000000002
0.11100000000000002
0.11200000000000002
0.11200000000000002
0.11200000000000002
0.11200000000000002
0.11200000000000002
0.11200000000000002
0.11200000000000002
0.11300000000000002
0.11400000000000002
0.11500000000000002
0.11500000000000002
0.11500000000000002
0.11500000000000002
0.11400000000000002
0.11300000000000002
0.11300000000000002
0.11300000000000002
0.11300000000000002
0.11300000000000002
0.11300000000000002
0.11300000000000002
0.11300000000000002
0.11300000000000002
0.11300000000000002
0.11400000000000002
0.11400000000000002
0.11400000000000002
0.11400000000000002
0.11400000000000002
0.11400000000000002
0.11400000000000002
0.11400000000000002
0.11400000000000002
0.11400000000000002
0.11400000000000002
0.11400000000000002
0.11400000000000002
0.11400000000000002
0.11400000000000002
0.11400000000000002
0.11400000000000002
0.11400000000000002
0.11400000000000002
0.11400000000000002
0.11400000000000002
0.11400000000000002
0.11400000000000002
0.11400000000000002
0.11400000000000002
0.11400000000000002
0.11400000000000002
0.11400000000000002
0.11400000000000002
0.11400000000000002
0.11400000000000002
0.11400000000000002
0.11400000000000002
0.11400000000000002
0.11400000000000002
0.11400000000000002
0.11400000000000002
0.11400000000000002
0.11400000000000002
0.11400000000000002
0.11400000000000002
0.11400000000000002
0.11400000000000002
0.11300000000000002
0.11200000000000002
0.11100000000000002
0.11000000000000001
0.10900000000000001
0.10800000000000001
0.10800000000000001
0.10800000000000001
0.10800000000000001
0.10800000000000001
0.10800000000000001
0.10800000000000001
0.10800000000000001
0.10800000000000001
0.10800000000000001
0.10800000000000001
0.10800000000000001
0.10800000000000001
0.10800000000000001
0.10800000000000001
0.10800000000000001
0.10800000000000001
0.10800000000000001
0.10800000000000001
0.10800000000000001
0.10800000000000001
0.10800000000000001
0.10800000000000001
0.10800000000000001
0.10800000000000001
0.10800000000000001
0.10800000000000001
0.10800000000000001
0.10700000000000001
0.10700000000000001
0.10700000000000001
0.10700000000000001
0.10700000000000001
0.10700000000000001
0.10700000000000001
0.10600000000000001
0.10500000000000001
0.10400000000000001
0.10300000000000001
0.10200000000000001
0.101
0.101
0.101
0.101
0.101
0.101
0.101
0.101
0.101
0.101
0.101
0.101
0.101
0.10200000000000001
0.10300000000000001
0.10400000000000001
0.10500000000000001
0.10600000000000001
0.10700000000000001
0.10800000000000001
0.109
0.11
0.111
0.111
0.111
0.111
0.111
0.111
0.111
0.111
0.111
0.111
0.111
0.111
0.111
0.111
0.112
0.113
0.114
0.114
0.114
0.114
0.114
0.114
0.114
0.114
0.114
0.114
0.114
0.114
0.114
0.114
0.114
0.114
0.114
0.114
0.114
0.114
0.114
0.114
0.114
0.114
0.114
0.114
0.114
0.114
0.114
0.114
0.114
0.114
0.114
0.114
0.114
0.114
0.114
0.114
0.114
0.114
0.114
0.114
0.114
0.114
0.114
0.114
0.114
0.114
0.114
0.114
0.114
0.114
0.114
0.114
0.114
0.114
0.114
0.114
0.114
0.114
0.114
0.114
0.114
0.114
0.114
0.114
0.114
0.114
0.114
0.114
0.114
0.114
0.114
0.114
0.113
0.112
0.11100000000000002
0.11000000000000001
0.10900000000000001
0.10800000000000001
0.10700000000000001
0.10600000000000001
0.10500000000000001
0.10400000000000001
0.10300000000000001
0.10300000000000001
0.10300000000000001
0.10300000000000001
0.10300000000000001
0.10300000000000001
0.10300000000000001
0.10300000000000001
0.10300000000000001
0.10300000000000001
0.10300000000000001
0.10300000000000001
0.10300000000000001
0.10300000000000001
0.10200000000000001
0.101
0.1
0.1
0.1
0.1
0.1
0.1
0.1
0.1
0.1
0.1
0.1
0.1
0.1
0.1
0.1
0.1
0.1
0.1
0.1
0.1
0.1
0.101
0.10200000000000001
0.10300000000000001
0.10400000000000001
0.10500000000000001
0.10600000000000001
0.10700000000000001
0.10800000000000001
0.109
0.11
0.11
0.11
0.11
0.11
0.11
0.11
0.11
0.11
0.11
0.11
0.11
0.11
0.11
