0.002
0.004
0.006
0.008
0.01
0.012
0.014000000000000002
0.016
0.018
0.02
0.024
0.028000000000000004
0.032
0.036
0.04
0.044
0.048
0.052000000000000005
0.05600000000000001
0.06
0.064
0.068
0.074
0.082
0.09
0.098
0.10600000000000001
0.114
0.12400000000000001
0.134
0.14600000000000002
0.158
0.16999999999999998
0.182
0.194
0.206
0.218
0.23
0.242
0.254
0.268
0.28200000000000003
0.29600000000000004
0.31
0.324
0.336
0.34800000000000003
0.36000000000000004
0.37200000000000005
0.38599999999999995
0.39999999999999997
0.414
0.428
0.44
0.45199999999999996
0.46399999999999997
0.476
0.48999999999999994
0.5039999999999999
0.5159999999999999
0.5299999999999999
0.5459999999999999
0.5619999999999999
0.578
0.594
0.61
0.628
0.646
0.664
0.682
0.7000000000000001
0.7180000000000001
0.7360000000000001
0.7540000000000001
0.7719999999999999
0.7899999999999999
0.8079999999999999
0.826
0.844
0.862
0.882
0.904
0.926
0.9480000000000001
0.972
0.996
1.02
1.044
1.068
1.092
1.12
1.1460000000000001
1.1720000000000002
1.2000000000000002
1.23
1.262
1.294
1.3279999999999998
1.362
1.398
1.432
1.468
1.506
1.534
1.5619999999999998
1.588
1.6139999999999999
1.638
1.662
1.686
1.71
1.7360000000000002
1.766
1.798
1.83
1.862
1.8940000000000001
1.9220000000000002
1.9500000000000002
1.9779999999999998
2.006
2.026
2.042
2.058
2.074
2.09
2.106
2.122
2.136
2.15
2.164
2.178
2.194
2.202
2.208
2.214
2.222
2.23
2.238
2.246
2.252
2.258
2.264
2.27
2.276
2.284
2.292
2.3
2.308
2.314
2.32
2.326
2.332
2.3400000000000003
2.348
2.3560000000000003
2.3640000000000003
2.372
2.3800000000000003
2.388
2.394
2.398
2.402
2.4080000000000004
2.416
2.4240000000000004
2.4299999999999997
2.436
2.442
2.4480000000000004
2.4539999999999997
2.4560000000000004
2.46
2.464
2.468
2.474
2.4800000000000004
2.4880000000000004
2.496
2.506
2.514
2.52
2.528
2.5380000000000003
2.5460000000000003
2.5420000000000003
2.536
2.5300000000000002
2.524
2.5180000000000002
2.5100000000000002
2.504
2.5
2.494
2.4859999999999998
2.474
2.4619999999999997
2.448
2.434
2.4179999999999997
2.404
2.392
2.378
2.3760000000000003
2.378
2.3840000000000003
2.3920000000000003
2.402
2.4160000000000004
2.43
2.444
2.4560000000000004
2.466
2.476
2.4859999999999998
2.492
2.498
2.5100000000000002
2.524
2.524
2.52
2.526
2.536
2.546
2.558
2.572
2.588
2.588
2.586
2.58
2.574
2.568
2.56
2.558
2.558
2.558
2.5559999999999996
2.556
2.5559999999999996
2.556
2.5559999999999996
2.558
2.5620000000000003
2.5700000000000003
2.578
2.586
2.596
2.604
2.61
2.616
2.622
2.628
2.634
2.642
2.652
2.6639999999999997
2.678
2.694
2.7119999999999997
2.734
2.756
2.778
2.802
2.824
2.846
2.8680000000000003
2.8899999999999997
2.912
2.938
2.9619999999999997
2.99
3.0220000000000002
3.0519999999999996
3.082
3.116
3.146
3.178
3.2119999999999997
3.2460000000000004
3.2779999999999996
3.312
3.3440000000000003
3.374
3.3919999999999995
3.412
3.4419999999999997
3.474
3.506
3.5380000000000003
3.558
3.572
3.586
3.598
3.606
3.6159999999999997
3.632
3.6500000000000004
3.6660000000000004
3.684
3.702
3.7199999999999998
3.7379999999999995
3.7560000000000002
3.768
3.776
3.78
3.782
3.782
3.7799999999999994
3.7820000000000005
3.784
3.7880000000000003
3.79
3.7960000000000003
3.8039999999999994
3.8180000000000005
3.832
3.8420000000000005
3.8540000000000005
3.87
3.888
3.904
3.926
3.95
3.976
4.006
4.036
4.084
4.138
4.2
4.2620000000000005
4.316000000000001
4.366
4.404
4.438000000000001
4.464
4.484
4.5
4.514
4.5280000000000005
4.546
4.562
4.578
4.59
4.604
4.616
4.6259999999999994
4.634
4.644
4.6499999999999995
4.652
4.656000000000001
4.662000000000001
4.6659999999999995
4.67
4.6739999999999995
4.676
4.676
4.676
4.666
4.656
4.646
4.638000000000001
4.628
4.618
4.6080000000000005
4.598000000000001
4.588000000000001
4.574
4.566
4.558
4.552
4.546
4.538
4.5280000000000005
4.522
4.516
4.497999999999999
4.48
4.462
4.444
4.42
4.392
4.3740000000000006
4.356
4.34
4.324
4.308000000000001
4.292
4.292
4.298
4.298
4.298
4.3
4.304
4.304
4.302
4.304
4.306
4.308
4.31
4.308
4.308
4.314
4.322
4.326
4.328
4.33
4.3340000000000005
4.328
4.319999999999999
4.314
4.312
4.304
4.296
4.288
4.28
4.2780000000000005
4.276
4.284
4.298
4.308
4.31
4.3020000000000005
4.287999999999999
4.2700000000000005
4.25
4.23
4.208
4.188000000000001
4.168
4.1579999999999995
4.152
4.162
4.178
4.192
4.21
4.226
4.242
4.26
4.276
4.2940000000000005
4.312
4.33
4.346
4.364
4.382000000000001
4.406
4.43
4.454000000000001
4.49
4.52
4.55
4.58
4.612
4.646
4.684000000000001
4.714
4.732
4.756
4.779999999999999
4.804
4.8260000000000005
4.844000000000001
4.858
4.867999999999999
4.88
4.8919999999999995
4.906000000000001
4.922
4.936
4.946
4.952
4.956
4.9559999999999995
4.9559999999999995
4.960000000000001
4.976
4.994000000000001
5.014000000000001
5.034
5.064
5.102
5.1419999999999995
5.182000000000001
5.222
5.26
5.289999999999999
5.316
5.344
5.372
5.408
5.442
5.488
5.534
5.586
5.64
5.693999999999999
5.750000000000001
5.808000000000001
5.868
5.922
5.974
6.024
6.074
6.12
6.16
6.203999999999999
6.252000000000001
6.282
6.302
6.314
6.321999999999999
6.334
6.344000000000001
6.35
6.356000000000001
6.357999999999999
6.360000000000001
6.359999999999999
6.3580000000000005
6.359999999999999
6.362
6.364000000000001
6.368
6.3740000000000006
6.382
6.390000000000001
6.4
6.398
6.386000000000001
6.368
6.352
6.342
6.332
6.337999999999999
6.35
6.364000000000001
6.382000000000001
6.398
6.414
6.43
6.446000000000001
6.458
6.474
6.486000000000001
6.5
6.513999999999999
6.532
6.556
6.575999999999999
6.6
6.618
6.636000000000001
6.648
6.656
6.668
6.68
6.699999999999999
6.720000000000001
6.738
6.754
6.768
6.794
6.822
6.848
6.876
6.904
6.938000000000001
6.968
6.996
7.026
7.061999999999999
7.09
7.116
7.129999999999999
7.136
7.134
7.128000000000001
7.122
7.1160000000000005
7.112
7.104
7.1
7.096
7.088
7.082
7.084
7.088
7.085999999999999
7.079999999999999
7.076
7.074
7.062
7.048
7.0280000000000005
7.016
7.007999999999999
6.997999999999999
6.975999999999999
6.946000000000001
6.922
6.901999999999999
6.876000000000001
6.84
6.812
6.793999999999999
6.776
6.75
6.747999999999999
6.757999999999999
6.774
6.795999999999999
6.8100000000000005
6.83
6.851999999999999
6.8740000000000006
6.89
6.896
6.906
6.9159999999999995
6.933999999999999
6.953999999999999
6.984
7.016
7.042
7.058
7.07
7.084
7.104
7.134
7.164
7.188
7.203999999999999
7.218
7.226
7.231999999999999
7.239999999999999
7.244
7.244
7.242000000000001
7.247999999999999
7.258000000000001
7.272
7.286
7.304
7.324
7.344000000000001
7.359999999999999
7.372
7.378
7.372
7.364000000000001
7.35
7.3420000000000005
7.338000000000001
7.328
7.3260000000000005
7.327999999999999
7.336
7.352
7.368
7.3839999999999995
7.392
7.401999999999999
7.419999999999999
7.436
7.454000000000001
7.464
7.470000000000001
7.475999999999999
7.482
7.488
7.508
7.534
7.552
7.5600000000000005
7.571999999999999
7.588000000000001
7.606
7.621999999999999
7.634
7.648000000000001
7.648
7.640000000000001
7.638
7.642
7.646000000000001
7.658
7.667999999999999
7.68
7.6899999999999995
7.706
7.728
7.75
7.773999999999999
7.792
7.7940000000000005
7.789999999999999
7.792
7.7940000000000005
7.798
7.8020000000000005
7.814
7.834
7.856
7.88
7.904
7.934
7.968
8.008000000000001
8.03
8.038
8.046
8.048000000000002
8.054
8.064
8.076
8.096
8.113999999999999
8.132
8.144
8.158000000000001
8.17
8.186
8.198
8.219999999999999
8.24
8.248000000000001
8.254
8.260000000000002
8.272
8.29
8.31
8.33
8.350000000000001
8.370000000000001
8.388
8.416
8.448
8.482
8.496
8.502
8.508
8.508
8.492
8.463999999999999
8.431999999999999
8.402
8.378
8.362
8.352
8.347999999999999
8.35
8.352
8.346
8.338000000000001
8.332
8.324000000000002
8.304000000000002
8.276
8.25
8.224
8.21
8.194
8.174
8.152000000000001
8.128
8.1
8.068
8.034
8.001999999999999
7.968
7.933999999999999
7.8919999999999995
7.87
7.862
7.858
7.8580000000000005
7.8580000000000005
7.862
7.859999999999999
7.8500000000000005
7.848000000000001
7.851999999999999
7.853999999999999
7.852
7.845999999999999
7.832000000000001
7.827999999999999
7.829999999999999
7.8340000000000005
7.834
7.824
7.811999999999999
7.800000000000001
7.782
7.772
7.764
7.76
7.76
7.758
7.7540000000000004
7.747999999999999
7.746
7.75
7.752000000000001
7.75
7.735999999999999
7.718
7.696
7.67
7.648000000000001
7.63
7.609999999999999
7.582
7.548
7.528
7.505999999999999
7.478000000000001
7.452000000000001
7.414
7.372
7.328
7.286
7.246
7.203999999999999
7.167999999999999
7.138000000000001
7.111999999999999
7.086
7.0600000000000005
7.034
7.006000000000001
6.983999999999999
6.9559999999999995
6.932
6.914
6.8919999999999995
6.868
6.84
6.821999999999999
6.8100000000000005
6.8
6.798
6.811999999999999
6.832000000000001
6.862
6.8919999999999995
6.922000000000001
6.95
6.99
7.034000000000001
7.074
7.106
7.1419999999999995
7.178
7.2139999999999995
7.252
7.292000000000001
7.334
7.3759999999999994
7.42
7.4559999999999995
7.4959999999999996
7.539999999999999
7.586
7.622000000000001
7.656
7.6899999999999995
7.725999999999999
7.771999999999999
7.821999999999999
7.85
7.8759999999999994
7.897999999999999
7.922
7.944
7.961999999999999
7.975999999999999
7.994000000000001
8.012
8.036
8.056000000000001
8.084
8.118
8.156
8.190000000000001
8.224
8.246
8.264
8.274
8.282
8.294
8.308
8.314
8.324
8.324000000000002
8.324
8.324
8.33
8.326
8.314
8.3
8.282
8.256
8.23
8.209999999999999
8.21
8.212
8.208
8.222
8.244
8.267999999999999
8.304
8.346
8.392
8.430000000000001
8.469999999999999
8.508
8.544
8.604
8.664
8.72
8.766
8.806000000000001
8.84
8.874
8.911999999999999
8.95
8.986
9.02
9.054
9.092
9.126000000000001
9.168
9.206
9.244
9.280000000000001
9.31
9.338000000000001
9.366
9.39
9.402000000000001
9.4
9.404
9.407999999999998
9.404
9.402
9.398
9.39
9.378
9.366
9.362
9.361999999999998
9.364
9.372
9.346
9.308
9.272
9.234000000000002
9.198
9.164
9.126
9.086
9.05
9.012
8.986
8.968
8.958
8.958
8.938
8.914000000000001
8.91
8.916
8.926
8.937999999999999
8.944
8.942
8.942
8.934000000000001
8.93
8.931999999999999
8.932
8.926
8.906
8.876000000000001
8.856
8.842
8.838
8.836
8.83
8.822000000000001
8.81
8.796
8.784
8.778
8.786
8.802
8.818
8.828000000000001
8.85
8.879999999999999
8.911999999999999
8.946
8.982
9.016
9.042
9.056
9.078
9.104
9.126
9.145999999999999
9.16
9.158000000000001
9.148
9.138
9.13
9.126
9.128
9.126
9.117999999999999
9.112000000000002
9.104
9.104
9.114
9.134
9.152
9.169999999999998
9.186
9.204
9.224
9.244
9.246
9.236
9.224
9.213999999999999
9.198
9.178
9.166
9.16
9.154000000000002
9.152000000000001
9.16
9.182
9.2
9.222
9.219999999999999
9.209999999999999
9.19
9.166
9.13
9.088
9.042000000000002
8.991999999999999
8.942
8.886
8.866
8.86
8.86
8.864
8.862
8.854
8.848
8.844
8.834000000000001
8.82
8.804
8.788
8.77
8.744
8.725999999999999
8.706
8.69
8.672
8.649999999999999
8.628
8.614
8.608
8.594
8.578
8.564
8.544
8.536
8.528
8.530000000000001
8.536
8.540000000000001
8.543999999999999
8.536
8.522
8.518
8.52
8.518
8.516
8.522
8.524
8.524000000000001
8.526
8.522
8.524
8.52
8.516
8.502
8.484000000000002
8.472
8.462
8.454
8.443999999999999
8.43
8.414
8.4
8.383999999999999
8.37
8.36
8.360000000000001
8.358
8.35
8.338
8.33
8.328
8.315999999999999
8.304
8.298
8.292
8.278
8.26
8.23
8.192
8.152000000000001
8.112
8.074
8.04
8.020000000000001
8.014
8.004
7.988
7.974
7.962000000000001
7.952
7.940000000000001
7.935999999999999
7.9319999999999995
7.924
7.908
7.894
7.885999999999999
7.904000000000001
7.931999999999999
7.958
7.986
8.024
8.064
8.102
8.146
8.174
8.192
8.192
8.186
8.182
8.18
8.186
8.198
8.209999999999999
8.218
8.23
8.246
8.262
8.278
8.294
8.312
8.324
8.34
8.347999999999999
8.364
8.39
8.415999999999999
8.443999999999999
8.475999999999999
8.504
8.533999999999999
8.564
8.588
8.598
8.608
8.604
8.594000000000001
8.568
8.533999999999999
8.51
8.491999999999999
8.475999999999999
8.46
8.448
8.438
8.424
8.405999999999999
8.396
8.38
8.37
8.352
8.328
8.3
8.286
8.278
8.27
8.262
8.259999999999998
8.26
8.248000000000001
8.232
8.226
8.222
8.228
8.24
8.244
8.254
8.254
8.245999999999999
8.236
8.23
8.219999999999999
8.212
8.206
8.198
8.202000000000002
8.208
8.228
8.254000000000001
8.282
8.314
8.336
8.346
8.352
8.357999999999999
8.37
8.384
8.39
8.396
8.405999999999999
8.416
8.422
8.426
8.422
8.416
8.404
8.378
8.35
8.315999999999999
8.292
8.272
8.256
8.248
8.246
8.246
8.254
8.271999999999998
8.294
8.324
8.341999999999999
8.358
8.370000000000001
8.379999999999999
8.392
8.406
8.424
8.444
8.466000000000001
8.491999999999999
8.510000000000002
8.518
8.508000000000001
8.482
8.458
8.43
8.396
8.356
8.31
8.262
8.228
8.196000000000002
8.164
8.139999999999999
8.12
8.091999999999999
8.066
8.043999999999999
8.044
8.058
8.072000000000001
8.081999999999999
8.094
8.104
8.118
8.136000000000001
8.16
8.188
8.202
8.209999999999999
8.214
8.224
8.246
8.278
8.312
8.344
8.373999999999999
8.406
8.44
8.475999999999999
8.517999999999999
8.566
8.586
8.59
8.568
8.54
8.516
8.488000000000001
8.474
8.47
8.468
8.46
8.457999999999998
8.454
8.456
8.464
8.454
8.431999999999999
8.406
8.379999999999999
8.358
8.334000000000001
8.318
8.314
8.318
8.322000000000001
8.328
8.342
8.367999999999999
8.4
8.42
8.438
8.45
8.466000000000001
8.496
8.536
8.581999999999999
8.636
8.692
8.750000000000002
8.798
8.834000000000001
8.863999999999999
8.888
8.892
8.888
8.888
8.894
8.91
8.924
8.95
8.978
9.012
9.046
9.076
9.104
9.123999999999999
9.142
9.161999999999999
9.177999999999999
9.182
9.18
9.202
9.236
9.278
9.316
9.358
9.405999999999999
9.45
9.491999999999999
9.53
9.578000000000001
9.626000000000001
9.662
9.678
9.692
9.714
9.741999999999999
9.76
9.767999999999999
9.77
9.782
9.782
9.78
9.784
9.788
9.776
9.758
9.748
9.746
9.752
9.758000000000001
9.756000000000002
9.748
9.734
9.719999999999999
9.704
9.684000000000001
9.648
9.606
9.564
9.521999999999998
9.51
9.512
9.532
9.556
9.57
9.572000000000001
9.57
9.568
9.562000000000001
9.556000000000001
9.542
9.526
9.504
9.472
9.457999999999998
9.456000000000001
9.469999999999999
9.484
9.488000000000001
9.484
9.484
9.482
9.468
9.450000000000001
9.43
9.4
9.366
9.328000000000001
9.298
9.272
9.252
9.234
9.216
9.198
9.177999999999999
9.158
9.136000000000001
9.117999999999999
9.097999999999999
9.085999999999999
9.07
9.054
9.049999999999999
9.048
9.038
9.018
8.988
8.951999999999998
8.916
8.88
8.841999999999999
8.806000000000001
8.756
8.696
8.642
8.594000000000001
8.534
8.472000000000001
8.421999999999999
8.386
8.346
8.312
8.276
8.24
8.2
8.158
8.116
8.072
8.028
7.973999999999999
7.918000000000001
7.872
7.846
7.828
7.81
7.786
7.77
7.756
7.750000000000001
7.74
7.730000000000001
7.722000000000001
7.709999999999999
7.698
7.699999999999999
7.701999999999999
7.703999999999999
7.704000000000001
7.694
7.6899999999999995
7.694000000000001
7.698
7.704000000000001
7.718
7.724
7.727999999999999
7.74
7.76
7.774
7.787999999999999
7.786
7.778
7.768000000000001
7.756
7.758
7.7700000000000005
7.7860000000000005
7.797999999999999
7.808
7.822
7.839999999999999
7.856
7.847999999999999
7.830000000000002
7.798
7.7620000000000005
7.716
7.667999999999999
7.628
7.593999999999999
7.554
7.5120000000000005
7.478
7.444
7.412000000000001
7.380000000000001
7.3420000000000005
7.303999999999999
7.264
7.226000000000001
7.185999999999999
7.1419999999999995
7.1
7.056
7.01
6.969999999999999
6.938000000000001
6.904000000000001
6.878
6.859999999999999
6.84
6.816000000000001
6.795999999999999
6.7780000000000005
6.772
6.77
6.782
6.800000000000001
6.816
6.834
6.850000000000001
6.866
6.89
6.922000000000001
6.936
6.943999999999999
6.9559999999999995
6.968
6.99
7.0120000000000005
7.042000000000001
7.07
7.094
7.122
7.15
7.176
7.194
7.208
7.207999999999999
7.202
7.186
7.17
7.16
7.1499999999999995
7.146
7.144
7.138
7.133999999999999
7.127999999999999
7.118
7.106
7.086
7.056000000000001
7.014
6.972
6.933999999999999
6.9
6.8660000000000005
6.8420000000000005
6.808
6.78
6.754
6.73
6.704000000000001
6.67
6.635999999999999
6.6019999999999985
6.561999999999999
6.532
6.502000000000001
6.481999999999999
6.472
6.466
6.462
6.460000000000001
6.460000000000001
6.468
6.478
6.476000000000001
6.468000000000001
6.464
6.468
6.482
6.5
6.524000000000001
6.552
6.58
6.61
6.64
6.67
6.6979999999999995
6.7219999999999995
6.7379999999999995
6.756
6.764
6.774
6.796000000000001
6.818
6.842
6.864
6.89
6.914
6.934000000000001
6.950000000000001
6.965999999999999
6.981999999999999
6.978
6.964
6.949999999999999
6.934
6.9239999999999995
6.918
6.916
6.916
6.92
6.928
6.932
6.932
6.927999999999999
6.916
6.890000000000001
6.859999999999999
6.8260000000000005
6.786
6.754
6.726000000000001
6.704
6.682
6.662000000000001
6.640000000000001
6.614
6.586
6.548
6.502
6.45
6.392
6.348000000000001
6.316
6.3020000000000005
6.298000000000001
6.308000000000001
6.32
6.332
6.348000000000002
6.36
6.374000000000001
6.38
6.3839999999999995
6.376
6.364
6.364
6.37
6.386000000000001
6.41
6.428
6.448
6.466
6.482
6.498
6.514
6.522
6.529999999999999
6.541999999999999
6.545999999999999
6.564000000000001
6.586
6.612
6.644
6.666
6.686
6.6979999999999995
6.702000000000001
6.704
6.708000000000001
6.704000000000001
6.6979999999999995
6.684000000000001
6.67
6.676
6.682000000000001
6.692
6.6979999999999995
6.712
6.732000000000001
6.744
6.75
6.744
6.73
6.708
6.68
6.652
6.627999999999999
6.614000000000001
6.598
6.592
6.598
6.595999999999999
6.596
6.596000000000001
6.598000000000001
6.589999999999999
6.578
6.5680000000000005
6.56
6.56
6.552
6.56
6.574
6.592
6.6080000000000005
6.626
6.648
6.661999999999999
6.674
6.662
6.640000000000001
6.609999999999999
6.577999999999999
6.546
6.514
6.494000000000001
6.476
6.47
6.472
6.48
6.484
6.482
6.48
6.47
6.46
6.444000000000001
6.426
6.419999999999999
6.418
6.422
6.43
6.437999999999999
6.438000000000001
6.438000000000001
6.433999999999999
6.428
6.422000000000001
6.406
6.386
6.359999999999999
6.3340000000000005
6.318
6.302
6.292
6.284
6.28
6.276000000000001
6.271999999999999
6.266
6.26
6.250000000000001
6.2360000000000015
6.223999999999999
6.208
6.192
6.186000000000001
6.176
6.156000000000001
6.138000000000001
6.12
6.102
6.085999999999999
6.064
6.052
6.037999999999999
6.025999999999999
6.018000000000001
6.0040000000000004
5.9879999999999995
5.974
5.960000000000001
5.942
5.928
5.906000000000001
5.8839999999999995
5.8580000000000005
5.836
5.816000000000001
5.800000000000001
5.79
5.784000000000001
5.776
5.766
5.7620000000000005
5.762
5.7620000000000005
5.764
5.762
5.760000000000001
5.756
5.744
5.7379999999999995
5.732
5.726000000000001
5.716
5.707999999999999
5.702000000000001
5.694
5.684
5.658
5.6339999999999995
5.602
5.572
5.542000000000001
5.514
5.4879999999999995
5.456
5.430000000000001
5.41
5.4079999999999995
5.414000000000001
5.428
5.449999999999999
5.472
5.498000000000001
5.518
5.538
5.56
5.584
5.598000000000001
5.614
5.632
5.648000000000001
5.666
5.686000000000001
5.712000000000001
5.746
5.771999999999999
5.798
5.814
5.826
5.8340000000000005
5.8420000000000005
5.844
5.846
5.842
5.838000000000001
5.843999999999999
5.854
5.874
5.893999999999999
5.8999999999999995
5.894
5.884
5.874
5.8580000000000005
5.846
5.834
5.822
5.808
5.798000000000001
5.792000000000001
5.7860000000000005
5.782
5.779999999999999
5.768
5.756
5.744000000000001
5.734
5.724000000000001
5.712
5.698
5.686
5.666
5.646000000000001
5.634
5.622
5.616
5.609999999999999
5.602
5.593999999999999
5.582
5.562
5.548
5.534000000000001
5.523999999999999
5.51
5.491999999999999
5.473999999999999
5.466
5.459999999999999
5.465999999999999
5.482
5.502
5.526
5.538
5.538
5.538
5.538
5.5360000000000005
5.534
5.526
5.518
5.51
5.502
5.5
5.5
5.492000000000001
5.481999999999999
5.478
5.4719999999999995
5.4719999999999995
5.472
5.474
5.472
5.462
5.448
5.428
5.404
5.382000000000001
5.359999999999999
5.336
5.308
5.284
5.2620000000000005
5.239999999999999
5.212
5.188000000000001
5.162
5.140000000000001
5.1160000000000005
5.093999999999999
5.0760000000000005
5.06
5.046
5.034
5.016
5.006
5.0
4.998
4.9959999999999996
5.0
5.004
5.0
4.992000000000001
4.99
4.986
4.981999999999999
4.974
4.964
4.952
4.952
4.966
4.986000000000001
5.007999999999999
5.029999999999999
5.052
5.061999999999999
5.066000000000001
5.074000000000001
5.08
5.09
5.098
5.098
5.092
5.086
5.08
5.086
5.088
5.088
5.088
5.082
5.074
5.07
5.072
5.072
5.0760000000000005
5.078
5.076
5.076
5.0760000000000005
5.084
5.093999999999999
5.102
5.112
5.106
5.0920000000000005
5.084
5.071999999999999
5.056
5.04
5.0200000000000005
5.0
4.976
4.949999999999999
4.938
4.936
4.938
4.948
4.952
4.952
4.954
4.958
4.9559999999999995
4.954
4.946000000000001
4.94
4.942
4.95
4.968
4.9879999999999995
5.008000000000001
5.026000000000001
5.038
5.05
5.062
5.0760000000000005
5.094
5.109999999999999
5.12
5.128
5.135999999999999
5.146
5.153999999999999
5.162
5.178
5.198
5.2139999999999995
5.23
5.239999999999999
5.244
5.25
5.256
5.266000000000001
5.274
5.282
5.292
5.300000000000001
5.304
5.314
5.328
5.34
5.354000000000001
5.372
5.392
5.404
5.408000000000001
5.41
5.412000000000001
5.412000000000001
5.412000000000001
5.412
5.41
5.41
5.41
5.41
5.406
5.412
5.422000000000001
5.426
5.43
5.426
5.424
5.434
5.4479999999999995
5.464
5.4799999999999995
5.484
5.492000000000001
5.5040000000000004
5.518
5.532
5.546
5.558
5.5680000000000005
5.578000000000001
5.586
5.596
5.61
5.626
5.6419999999999995
5.652
5.666
5.684
5.702
5.728000000000001
5.758000000000001
5.786
5.814
5.835999999999999
5.854
5.874
5.892000000000001
5.914
5.933999999999999
5.95
5.964
5.976000000000001
5.982000000000001
5.9959999999999996
6.010000000000001
6.022
6.024000000000001
6.032
6.04
6.054
6.066
6.08
6.09
6.07
6.0360000000000005
5.994000000000001
5.954
5.92
5.886
5.8580000000000005
5.832
5.808
5.7860000000000005
5.77
5.754
5.74
5.724
5.702
5.677999999999999
5.654000000000001
5.627999999999999
5.604
5.582
5.5680000000000005
5.56
5.553999999999999
5.548
5.539999999999999
5.532
5.523999999999999
5.516
5.508
5.502000000000001
5.496
5.49
5.484000000000001
5.478000000000001
5.472
5.464
5.466
5.475999999999999
5.484
5.489999999999999
5.494
5.4959999999999996
5.496
5.494
5.49
5.4799999999999995
5.465999999999999
5.456
5.445999999999999
5.438
5.436
5.436
5.430000000000001
5.4239999999999995
5.414
5.406000000000001
5.4
5.396
5.393999999999999
5.392
5.390000000000001
5.386
5.376
5.362
5.348
5.334
5.32
5.304
5.288
5.271999999999999
5.2540000000000004
5.236
5.218
5.196
5.17
5.144
5.116
5.086
5.056
5.024
4.998
4.974
4.952
4.932
4.908
4.89
4.88
4.872
4.864
4.858
4.848
4.84
4.838
4.84
4.84
4.843999999999999
4.83
4.812
4.794
4.776
4.78
4.798
4.822
4.843999999999999
4.864000000000001
4.888
4.904
4.912
4.912
4.914
4.91
4.906
4.904
4.9
4.902
4.904
4.906000000000001
4.91
4.914
4.917999999999999
4.922000000000001
4.926
4.932
4.938
4.938
4.938000000000001
4.936
4.934
4.936
4.936
4.934
4.932
4.93
4.928000000000001
4.91
4.886
4.859999999999999
4.834
4.811999999999999
4.792
4.773999999999999
4.758
4.734
4.710000000000001
4.684
4.664
4.648000000000001
4.628
4.606
4.585999999999999
4.569999999999999
4.55
4.538
4.524
4.508
4.494
4.47
4.446
4.426
4.404
4.382
4.362
4.342
4.324
4.308
4.292
4.273999999999999
4.256
4.2379999999999995
4.218
4.198
4.178
4.162
4.148000000000001
4.136
4.122
4.116
4.114
4.114
4.116
4.122
4.13
4.136
4.142
4.148
4.15
4.15
4.148
4.144
4.142
4.136
4.13
4.12
4.11
4.1
4.085999999999999
4.079999999999999
4.074
4.066000000000001
4.058000000000001
4.05
4.04
4.03
4.022
4.012
3.998
3.992
3.9939999999999998
4.002
4.006
4.014
4.024
4.032
4.042
4.052
4.061999999999999
4.07
4.08
4.082000000000001
4.082000000000001
4.082
4.08
4.072
4.064
4.061999999999999
4.058
4.048
4.034
4.016
4.0
3.9840000000000004
3.968
3.9480000000000004
3.926
3.9219999999999997
3.926
3.9299999999999997
3.9379999999999997
3.944
3.9539999999999997
3.9659999999999993
3.9780000000000006
4.0
4.021999999999999
4.048
4.072000000000001
4.096
4.12
4.1419999999999995
4.162
4.178
4.194000000000001
4.21
4.23
4.242
4.2459999999999996
4.256
4.263999999999999
4.27
4.274
4.271999999999999
4.266
4.274
4.284
4.295999999999999
4.3100000000000005
4.324
4.338
4.348
4.36
4.372
4.3839999999999995
4.398000000000001
4.41
4.420000000000001
4.430000000000001
4.428
4.42
4.41
4.404
4.394
4.382
4.374
4.364
4.354
4.342
4.33
4.3180000000000005
4.306
4.288
4.2780000000000005
4.266
4.2540000000000004
4.242
4.23
4.218
4.212
4.21
4.21
4.21
4.212
4.2139999999999995
4.214
4.212
4.212
4.212
4.212
4.21
4.206
4.202
4.202
4.2
4.194
4.184
4.174
4.164
4.154
4.144
4.138
4.13
4.1240000000000006
4.122000000000001
4.12
4.118
4.118
4.118
4.12
4.124
4.128
4.13
4.132000000000001
4.1339999999999995
4.13
4.124
4.112
4.098000000000001
4.084
4.066
4.05
4.034
4.016
3.9979999999999998
3.98
3.9640000000000004
3.95
3.936
3.916
3.8939999999999997
3.868
3.8419999999999996
3.816
3.7920000000000003
3.7660000000000005
3.74
3.7160000000000006
3.6919999999999997
3.6680000000000006
3.646
3.622
3.6
3.5799999999999996
3.564
3.54
3.514
3.486
3.456
3.4259999999999997
3.396
3.3680000000000003
3.338
3.3080000000000003
3.284
3.262
3.2400000000000007
3.2180000000000004
3.198
3.1860000000000004
3.18
3.1759999999999997
3.1700000000000004
3.164
3.1599999999999997
3.1540000000000004
3.15
3.1460000000000004
3.1399999999999997
3.132
3.1239999999999997
3.1180000000000003
3.112
3.104
3.0960000000000005
3.092
3.0900000000000003
3.0900000000000003
3.0900000000000003
3.092
3.092
3.084
3.0759999999999996
3.066
3.0559999999999996
3.046
3.0340000000000003
3.022
3.0100000000000002
2.9979999999999998
2.988
2.98
2.9739999999999998
2.968
2.964
2.954
2.9439999999999995
2.934
2.924
2.916
2.9079999999999995
2.9000000000000004
2.896
2.892
2.8899999999999997
2.888
2.886
2.88
2.874
2.8619999999999997
2.85
2.838
2.826
2.8139999999999996
2.802
2.8
2.8
2.8120000000000003
2.828
2.8440000000000003
2.862
2.8819999999999997
2.898
2.912
2.926
2.93
2.9300000000000006
2.926
2.9220000000000006
2.926
2.9320000000000004
2.95
2.968
2.988
3.008
3.028
3.0439999999999996
3.06
3.0780000000000003
3.0920000000000005
3.104
3.1180000000000003
3.13
3.1399999999999997
3.1479999999999997
3.16
3.1739999999999995
3.1879999999999997
3.2
3.2119999999999997
3.226
3.24
3.2540000000000004
3.268
3.28
3.292
3.308
3.3099999999999996
3.308
3.308
3.308
3.3099999999999996
3.3099999999999996
3.3120000000000003
3.312
3.314
3.3160000000000003
3.318
3.324
3.3299999999999996
3.336
3.342
3.348
3.3539999999999996
3.3619999999999997
3.368
3.372
3.3760000000000003
3.382
3.384
3.3859999999999997
3.394
3.4040000000000004
3.414
3.424
3.438
3.454
3.47
3.486
3.5020000000000002
3.5180000000000002
3.5340000000000003
3.552
3.566
3.5780000000000003
3.5979999999999994
3.62
3.64
3.658
3.67
3.676
3.6800000000000006
3.684
3.676
3.662
3.648
3.6339999999999995
3.62
3.6100000000000003
3.61
3.61
3.6100000000000003
3.6100000000000003
3.6039999999999996
3.6
3.5940000000000003
3.588
3.5800000000000005
3.5700000000000003
3.56
3.548
3.5300000000000007
3.512
3.498
3.486
3.4819999999999998
3.482
3.4859999999999998
3.4919999999999995
3.4939999999999998
3.498
3.498
3.498
3.4960000000000004
3.492
3.4800000000000004
3.464
3.4520000000000004
3.4419999999999997
3.4339999999999997
3.4259999999999997
3.4159999999999995
3.4059999999999997
3.4000000000000004
3.3939999999999997
3.388
3.3819999999999997
3.378
3.3739999999999997
3.368
3.3599999999999994
3.356
3.3539999999999996
3.349999999999999
3.3419999999999996
3.3300000000000005
3.3200000000000003
3.318
3.3159999999999994
3.3139999999999996
3.312
3.308
3.304
3.2979999999999996
3.2919999999999994
3.284
3.2739999999999996
3.2640000000000002
3.252
3.2399999999999998
3.2279999999999998
3.2119999999999997
3.196
3.182
3.166
3.15
3.134
3.1159999999999997
3.096
3.078
3.06
3.042
3.0239999999999996
3.006
2.988
2.966
2.944
2.924
2.906
2.89
2.8739999999999997
2.858
2.838
2.8200000000000003
2.802
2.7840000000000003
2.766
2.75
2.734
2.7239999999999998
2.718
2.718
2.718
2.722
2.7279999999999998
2.7359999999999998
2.742
2.7479999999999998
2.75
2.752
2.754
2.758
2.764
2.766
2.7600000000000002
2.752
2.744
2.734
2.7239999999999998
2.714
2.704
2.698
2.692
2.684
2.6740000000000004
2.6660000000000004
2.6580000000000004
2.646
2.632
2.6180000000000003
2.6020000000000003
2.5840000000000005
2.566
2.5540000000000003
2.542
2.536
2.532
2.528
2.524
2.518
2.51
2.502
2.4939999999999998
2.4859999999999998
2.4779999999999998
2.4679999999999995
2.4579999999999997
2.448
2.4379999999999997
2.428
2.4200000000000004
2.41
2.398
2.39
2.382
2.374
2.36
2.3520000000000003
2.3459999999999996
2.342
2.3379999999999996
2.3339999999999996
2.3299999999999996
2.3259999999999996
2.324
2.3199999999999994
2.316
2.312
2.308
2.304
2.3
2.294
2.29
2.284
2.278
2.27
2.262
2.254
2.246
2.238
2.23
2.222
2.214
2.208
2.204
2.2
2.196
2.1900000000000004
2.182
2.1719999999999997
2.164
2.1559999999999997
2.148
2.138
2.128
2.1180000000000003
2.108
2.0980000000000003
2.0900000000000003
2.0780000000000003
2.0660000000000003
2.0500000000000003
2.0340000000000003
2.0260000000000002
2.0180000000000002
2.0100000000000002
2.0020000000000002
1.994
1.9860000000000002
1.98
1.974
1.966
1.9579999999999997
1.96
1.968
1.9779999999999998
1.992
2.0
2.006
2.006
2.004
2.0020000000000002
2.0
2.0
1.9999999999999998
2.004
2.006
2.008
2.012
2.016
2.022
2.0260000000000002
2.03
2.0279999999999996
2.026
2.026
2.03
2.0359999999999996
2.044
2.056
2.072
2.086
2.1
2.114
2.128
2.144
2.16
2.1719999999999997
2.184
2.2039999999999997
2.222
2.2399999999999998
2.258
2.276
2.294
2.3099999999999996
2.326
2.3419999999999996
2.36
2.376
2.392
2.408
2.424
2.444
2.462
2.4819999999999998
2.5020000000000002
2.522
2.5420000000000003
2.5519999999999996
2.558
2.568
2.576
2.586
2.596
2.606
2.6180000000000003
2.63
2.6420000000000003
2.6479999999999997
2.6500000000000004
2.654
2.6559999999999997
2.654
2.65
2.644
2.638
2.634
2.63
2.6260000000000003
2.6199999999999997
2.616
2.6119999999999997
2.608
2.604
2.6
2.5959999999999996
2.592
2.586
2.584
2.582
2.58
2.576
2.568
2.562
2.5540000000000003
2.546
2.5380000000000003
2.53
2.52
2.51
2.5020000000000002
2.492
2.482
2.472
2.466
2.458
2.4480000000000004
2.436
2.4320000000000004
2.4320000000000004
2.4320000000000004
2.4320000000000004
2.428
2.4240000000000004
2.416
2.4080000000000004
2.4000000000000004
2.39
2.3800000000000003
2.3680000000000003
2.358
2.3480000000000003
2.338
2.33
2.322
2.3120000000000003
2.306
2.3000000000000003
2.294
2.2880000000000003
2.2840000000000003
2.2800000000000002
2.2760000000000002
2.2720000000000002
2.2660000000000005
2.2600000000000002
2.2560000000000002
2.256
2.25
2.2439999999999998
2.238
2.2319999999999998
2.2239999999999998
2.2159999999999997
2.21
2.2039999999999997
2.198
2.19
2.182
2.174
2.1660000000000004
2.158
2.146
2.134
2.12
2.11
2.098
2.086
2.086
2.09
2.096
2.1020000000000003
2.106
2.1100000000000003
2.1079999999999997
2.1020000000000003
2.088
2.072
2.062
2.058
2.052
2.048
2.046
2.0439999999999996
2.048
2.052
2.054
2.058
2.062
2.066
2.068
2.07
2.072
2.076
2.08
2.084
2.088
2.092
2.0940000000000003
2.096
2.098
2.1
2.106
2.112
2.1180000000000003
2.1239999999999997
2.13
2.136
2.144
2.152
2.158
2.1639999999999997
2.172
2.1799999999999997
2.184
2.186
2.198
2.214
2.22
2.22
2.218
2.216
2.216
2.218
2.22
2.222
2.224
2.228
2.232
2.236
2.242
2.248
2.248
2.2439999999999998
2.24
2.2359999999999998
2.2279999999999998
2.218
2.2079999999999997
2.1959999999999997
2.186
2.178
2.17
2.162
2.1559999999999997
2.152
2.1479999999999997
2.14
2.1319999999999997
2.124
2.116
2.108
2.1
2.092
2.084
2.0780000000000003
2.072
2.0660000000000003
2.06
2.0540000000000003
2.048
2.0420000000000003
2.0359999999999996
2.032
2.0279999999999996
2.02
2.014
2.008
2.0
1.992
1.984
1.976
1.968
1.96
1.9579999999999997
1.958
1.9679999999999997
1.9799999999999998
1.9919999999999998
2.002
2.0119999999999996
2.0220000000000002
2.034
2.0460000000000003
2.056
2.0660000000000003
2.076
2.086
2.096
2.106
2.116
2.126
2.136
2.144
2.1500000000000004
2.156
2.1620000000000004
2.168
2.1740000000000004
2.1820000000000004
2.192
2.2020000000000004
2.212
2.22
2.228
2.236
2.244
2.2520000000000002
2.2580000000000005
2.2640000000000002
2.2700000000000005
2.2760000000000002
2.278
2.2800000000000002
2.2760000000000002
2.2700000000000005
2.2640000000000002
2.2580000000000005
2.2600000000000002
2.2660000000000005
2.2720000000000002
2.2780000000000005
2.2840000000000003
2.2880000000000003
2.2920000000000003
2.2960000000000003
2.3000000000000003
2.3020000000000005
2.3040000000000003
2.3060000000000005
2.3080000000000003
2.3100000000000005
2.318
2.3280000000000003
2.338
2.348
2.3579999999999997
2.37
2.3840000000000003
2.3980000000000006
2.41
2.42
2.4300000000000006
2.4400000000000004
2.45
2.458
2.466
2.474
2.4819999999999998
2.49
2.4979999999999998
2.5060000000000002
2.512
2.518
2.524
2.528
2.532
2.538
2.544
2.55
2.556
2.5620000000000003
2.568
2.572
2.5780000000000003
2.584
2.5820000000000003
2.5780000000000003
2.5740000000000003
2.5700000000000003
2.5660000000000003
2.5620000000000003
2.5580000000000003
2.5540000000000003
2.5500000000000003
2.5460000000000003
2.5400000000000005
2.5340000000000003
2.5280000000000005
2.5220000000000002
2.5180000000000002
2.512
2.5020000000000002
2.492
2.482
2.472
2.462
2.45
2.44
2.43
2.4200000000000004
2.41
2.4000000000000004
2.3920000000000003
2.386
2.3800000000000003
2.3699999999999997
2.36
2.3499999999999996
2.338
2.324
2.312
2.3
2.288
2.276
2.264
2.2520000000000002
2.2399999999999998
2.228
2.2159999999999997
2.204
2.1919999999999997
2.182
2.1719999999999997
2.1679999999999997
2.1679999999999997
2.1679999999999997
2.17
2.174
2.178
2.174
2.166
2.1559999999999997
2.146
2.136
2.1260000000000003
2.116
2.106
2.096
2.0860000000000003
2.076
2.066
2.056
2.0460000000000003
2.036
2.0260000000000002
2.016
2.004
1.99
1.978
1.968
1.958
1.948
1.938
1.928
1.918
1.908
1.898
1.888
1.878
1.868
1.8579999999999999
1.85
1.8419999999999999
1.834
1.8259999999999998
1.818
1.8080000000000003
1.798
1.7879999999999998
1.778
1.7679999999999998
1.758
1.7480000000000002
1.7380000000000002
1.7280000000000002
1.7260000000000002
1.7260000000000002
1.7260000000000002
1.7260000000000002
1.7240000000000002
1.7220000000000002
1.7200000000000002
1.7180000000000002
1.7160000000000002
1.7140000000000002
1.712
1.71
1.7079999999999997
1.7080000000000002
1.706
1.7040000000000002
1.7039999999999997
1.7040000000000002
1.7039999999999997
1.7040000000000002
1.7039999999999997
1.7040000000000002
1.702
1.7000000000000002
1.6979999999999997
1.696
1.6940000000000002
1.6900000000000002
1.6860000000000002
1.684
1.6860000000000002
1.688
1.692
1.696
1.7
1.702
1.704
1.706
1.706
1.706
1.706
1.706
1.7079999999999997
1.71
1.714
1.718
1.722
1.726
1.73
1.7319999999999998
1.734
1.734
1.73
1.726
1.7299999999999995
1.738
1.7479999999999998
1.758
1.7679999999999998
1.778
1.7879999999999998
1.798
1.8079999999999998
1.818
1.8279999999999998
1.838
1.8499999999999996
1.8639999999999999
1.8779999999999997
1.892
1.9059999999999997
1.92
1.9339999999999997
1.948
1.96
1.972
1.984
1.996
2.008
2.02
2.032
2.044
2.056
2.068
2.08
2.092
2.104
2.116
2.13
2.144
2.158
2.172
2.186
2.1999999999999997
2.214
2.228
2.244
2.26
2.2760000000000002
2.2920000000000003
2.31
2.328
2.346
2.364
2.384
2.404
2.414
2.424
2.4339999999999997
2.444
2.454
2.464
2.4739999999999998
2.4819999999999998
2.4899999999999998
2.4979999999999998
2.506
2.514
2.522
2.53
2.536
2.5420000000000003
2.5479999999999996
2.554
2.56
2.5660000000000003
2.5719999999999996
2.578
2.584
2.5879999999999996
2.592
2.5959999999999996
2.598
2.5999999999999996
2.602
2.6039999999999996
2.606
2.6079999999999997
2.612
2.6159999999999997
2.62
2.6239999999999997
2.626
2.6279999999999997
2.626
2.6239999999999997
2.622
2.6199999999999997
2.618
2.6159999999999997
2.614
2.6119999999999997
2.614
2.618
2.622
2.626
2.63
2.634
2.634
2.634
2.63
2.626
2.622
2.618
2.614
2.61
2.604
2.5959999999999996
2.588
2.5799999999999996
2.572
2.5639999999999996
2.556
2.546
2.536
2.526
2.5180000000000002
2.51
2.5020000000000002
2.4939999999999998
2.486
2.4779999999999998
2.47
2.4619999999999997
2.454
2.446
2.438
2.43
2.4219999999999997
2.414
2.406
2.398
2.3899999999999997
2.382
2.374
2.366
2.356
2.346
2.336
2.326
2.314
2.302
2.29
2.2800000000000002
2.27
2.262
2.2640000000000002
2.2660000000000005
2.2680000000000002
2.272
2.2760000000000002
2.2800000000000002
2.282
2.2840000000000003
2.286
2.288
2.29
2.292
2.294
2.296
2.3
2.304
2.308
2.312
2.316
2.32
2.324
2.328
2.332
2.336
2.34
2.344
2.348
2.352
2.356
2.36
2.364
2.37
2.3779999999999997
2.386
2.384
2.38
2.376
2.372
2.37
2.368
2.366
2.364
2.362
2.36
2.358
2.356
2.352
2.346
2.338
2.332
2.326
2.3200000000000003
2.318
2.316
2.3179999999999996
2.32
2.3219999999999996
2.324
2.3259999999999996
2.328
2.33
2.334
2.3379999999999996
2.342
2.346
2.35
2.3539999999999996
2.358
2.362
2.366
2.368
2.37
2.372
2.374
2.378
2.382
2.378
2.372
2.366
2.36
2.354
2.348
2.34
2.332
2.324
2.316
2.308
2.3
2.294
2.288
2.2800000000000002
2.27
2.258
2.246
2.234
2.222
2.2100000000000004
2.1959999999999997
2.1820000000000004
2.166
2.152
2.138
2.124
2.108
2.092
2.076
2.0620000000000003
2.048
2.0340000000000003
2.02
2.0060000000000002
1.992
1.9780000000000002
1.964
1.9500000000000002
1.936
1.9220000000000002
1.908
1.8940000000000001
1.88
1.866
1.8519999999999999
1.838
1.8239999999999998
1.8079999999999998
1.794
1.782
1.7719999999999998
1.762
1.7519999999999998
1.742
1.73
1.718
1.706
1.7039999999999997
1.7040000000000002
1.7039999999999997
1.7039999999999997
1.7000000000000002
1.698
1.6960000000000002
1.694
1.6920000000000002
1.69
1.6880000000000002
1.686
1.6840000000000002
1.682
1.682
1.6800000000000002
1.678
1.6760000000000002
1.6680000000000001
1.658
1.6480000000000001
1.638
1.6280000000000001
1.6179999999999999
1.608
1.5979999999999999
1.588
1.576
1.564
1.552
1.54
1.528
1.516
1.504
1.492
1.48
1.468
1.456
1.444
1.432
1.4180000000000001
1.404
1.3980000000000001
1.3940000000000001
1.3900000000000001
1.3860000000000001
1.3820000000000001
1.3780000000000001
1.374
1.3719999999999999
1.366
1.358
1.35
1.342
1.3319999999999999
1.322
1.314
1.3079999999999998
1.302
1.296
1.292
1.288
1.284
1.282
1.28
1.278
1.274
1.27
1.268
1.266
1.264
1.262
1.26
1.258
1.256
1.254
1.252
1.25
1.248
1.246
1.244
1.242
1.24
1.238
1.2320000000000002
1.226
1.2200000000000002
1.214
1.2080000000000002
1.202
1.198
1.192
1.1840000000000002
1.174
1.1640000000000001
1.1540000000000001
1.1440000000000001
1.1340000000000001
1.122
1.11
1.098
1.086
1.074
1.062
1.054
1.044
1.034
1.024
1.014
1.006
0.9960000000000001
0.9860000000000001
0.9760000000000001
0.9660000000000001
0.9560000000000001
0.9460000000000001
0.936
0.926
0.922
0.92
0.918
0.916
0.914
0.912
0.91
0.908
0.906
0.904
0.902
0.904
0.906
0.908
0.91
0.9120000000000001
0.9140000000000001
0.9160000000000001
0.9180000000000001
0.9200000000000002
0.9220000000000002
0.9240000000000002
0.9260000000000002
0.9280000000000002
0.9300000000000002
0.9320000000000002
0.9339999999999999
0.938
0.942
0.946
0.9440000000000002
0.9380000000000002
0.9360000000000002
0.9360000000000002
0.9360000000000002
0.9360000000000002
0.9360000000000002
0.9360000000000002
0.9360000000000002
0.9360000000000002
0.9360000000000002
0.9360000000000002
0.9340000000000002
0.9320000000000002
0.9300000000000002
0.9259999999999998
0.922
0.9179999999999998
0.914
0.9099999999999998
0.9039999999999998
0.898
0.892
0.886
0.88
0.874
0.868
0.862
0.856
0.85
0.844
0.838
0.832
0.826
0.82
0.814
0.8119999999999999
0.8099999999999999
0.8079999999999999
0.8059999999999999
0.8039999999999999
0.8019999999999999
0.7999999999999999
0.7979999999999999
0.7959999999999999
0.7939999999999999
0.7919999999999999
0.7899999999999999
0.7879999999999999
0.7860000000000001
0.7840000000000001
0.7820000000000001
0.7800000000000001
0.7780000000000001
0.7760000000000001
0.7740000000000001
0.7720000000000001
0.7700000000000001
0.7680000000000001
0.7660000000000001
0.7640000000000001
0.7600000000000001
0.758
0.756
0.754
0.752
0.75
0.748
0.746
0.744
0.742
0.74
0.738
0.736
0.734
0.732
0.73
0.728
0.726
0.724
0.722
0.716
0.71
0.704
0.698
0.692
0.688
0.6839999999999999
0.68
0.676
0.672
0.668
0.664
0.66
0.656
0.652
0.6479999999999999
0.6420000000000001
0.6360000000000001
0.6300000000000001
0.6300000000000001
0.6320000000000001
0.6340000000000001
0.6360000000000001
0.6380000000000001
0.6400000000000001
0.642
0.644
0.646
0.648
0.65
0.652
0.654
0.656
0.658
0.66
0.662
0.664
0.666
0.668
0.67
0.672
0.674
0.676
0.678
0.68
0.682
0.684
0.686
0.6880000000000001
0.6900000000000001
0.6940000000000001
0.6980000000000001
0.702
0.708
0.716
0.724
0.732
0.74
0.748
0.756
0.764
0.772
0.78
0.788
0.796
0.804
0.8140000000000001
0.8240000000000001
0.8340000000000001
0.8440000000000001
0.8540000000000001
0.8600000000000001
0.8680000000000001
0.8760000000000001
0.8839999999999999
0.8899999999999999
0.8959999999999999
0.9039999999999999
0.9119999999999999
0.9199999999999999
0.9279999999999999
0.9359999999999999
0.944
0.952
0.96
0.966
0.972
0.978
0.984
0.99
0.996
1.002
1.008
1.014
1.02
1.026
1.032
1.038
1.044
1.05
1.056
1.062
1.068
1.0739999999999998
1.08
1.084
1.088
1.092
1.096
1.1
1.104
1.108
1.112
1.116
1.1199999999999999
1.1239999999999999
1.128
1.132
1.136
1.14
1.144
1.148
1.152
1.156
1.16
1.164
1.168
1.172
1.176
1.18
1.184
1.188
1.192
1.196
1.2
1.204
1.208
1.212
1.216
1.22
1.224
1.228
1.232
1.236
1.24
1.244
1.248
1.252
1.256
1.26
1.262
1.264
1.266
1.266
1.264
1.262
1.26
1.258
1.256
1.254
1.252
1.25
1.248
1.246
1.244
1.242
1.238
1.234
1.23
1.226
1.222
1.222
1.22
1.218
1.216
1.216
1.216
1.214
1.212
1.21
1.208
1.206
1.204
1.202
1.2
1.2
1.2
1.2
1.2
1.2
1.2
1.2
1.2
1.2
1.2
1.2
1.2
1.2
1.2
1.2
1.2
1.2
1.2
1.2
1.2
1.2
1.2
1.2
1.2
1.2
1.2
1.2
1.2
1.2
1.2
1.2
1.2
1.2
1.2
1.2
1.2
1.2
1.2
1.2
1.2
1.2
1.2
1.2
1.2
1.2
1.2
1.2
1.2
1.2
1.2
1.2
1.2
1.2
1.2
1.2
1.2
1.2
1.2
1.2
1.2
1.2
1.2
1.2
1.2
1.198
1.196
1.194
1.192
1.19
1.188
1.186
1.184
1.182
1.18
1.178
1.176
1.174
1.172
1.17
1.168
1.166
1.164
1.162
1.16
1.158
1.156
1.154
1.152
1.15
1.148
1.146
1.144
1.142
1.14
1.138
1.136
1.134
1.132
1.13
1.128
1.126
1.1239999999999999
1.1219999999999999
1.1199999999999999
1.1179999999999999
1.1159999999999999
1.1139999999999999
1.1139999999999999
1.1139999999999999
1.1139999999999999
1.1139999999999999
1.1139999999999999
1.1139999999999999
1.1139999999999999
1.1139999999999999
1.1139999999999999
1.1139999999999999
1.1139999999999999
1.1159999999999999
1.1179999999999999
1.1199999999999999
1.1219999999999999
1.1239999999999999
1.126
1.128
1.13
1.132
1.134
1.136
1.138
1.14
1.142
1.144
1.146
1.148
1.15
1.152
1.154
1.156
1.158
1.16
1.162
1.164
1.166
1.168
1.17
1.172
1.174
1.176
1.178
1.18
1.182
1.184
1.186
1.188
1.19
1.192
1.194
1.196
1.198
1.2
1.202
1.206
1.21
1.216
1.222
1.228
1.234
1.24
1.246
1.252
1.258
1.264
1.27
1.2759999999999998
1.2819999999999998
1.2879999999999998
1.2939999999999998
1.2999999999999998
1.3059999999999998
1.3119999999999998
1.3179999999999998
1.3239999999999998
1.3299999999999998
1.3359999999999999
1.3419999999999999
1.3479999999999999
1.3539999999999999
1.3599999999999999
1.3659999999999999
1.3719999999999999
1.378
1.384
1.39
1.396
1.402
1.408
1.414
1.42
1.426
1.432
1.438
1.444
1.45
1.456
1.462
1.468
1.472
1.476
1.48
1.484
1.488
1.492
1.496
1.5
1.504
1.508
1.512
1.5139999999999998
1.516
1.5179999999999998
1.52
1.5219999999999998
1.524
1.5259999999999998
1.528
1.5299999999999998
1.532
1.5339999999999998
1.5379999999999998
1.5419999999999998
1.5459999999999998
1.5499999999999998
1.5539999999999998
1.5579999999999998
1.5619999999999998
1.5659999999999998
1.5699999999999998
1.5739999999999998
1.5779999999999998
1.5819999999999999
1.5859999999999999
1.5839999999999999
1.5799999999999998
1.5759999999999998
1.5719999999999998
1.5679999999999998
1.5639999999999998
1.5599999999999998
1.5559999999999998
1.5519999999999998
1.548
1.544
1.54
1.536
1.532
1.528
1.524
1.52
1.516
1.512
1.508
1.5019999999999998
1.496
1.49
1.484
1.478
1.472
1.466
1.46
1.454
1.448
1.442
1.436
1.43
1.424
1.418
1.412
1.406
1.4
1.394
1.388
1.382
1.376
1.3699999999999999
1.3639999999999999
1.3579999999999999
1.3519999999999999
1.3459999999999999
1.3399999999999999
1.3339999999999999
1.3279999999999998
1.3219999999999998
1.3159999999999998
1.3099999999999998
1.3039999999999998
1.2979999999999998
1.2919999999999998
1.2859999999999998
1.2799999999999998
1.274
1.268
1.262
1.256
1.25
1.244
1.24
1.236
1.232
1.228
1.224
1.22
1.216
1.212
1.208
1.204
1.2
1.196
1.192
1.188
1.184
1.18
1.176
1.172
1.168
1.164
1.16
1.156
1.152
1.146
1.14
1.134
1.128
1.1219999999999999
1.1159999999999999
1.1099999999999999
1.1039999999999999
1.0979999999999999
1.0919999999999999
1.0859999999999999
1.0799999999999998
1.0739999999999998
1.0739999999999998
1.0759999999999998
1.0779999999999998
1.0799999999999998
1.0819999999999999
1.0839999999999999
1.0859999999999999
1.0879999999999999
1.0899999999999999
1.0919999999999999
1.0939999999999999
1.0959999999999999
1.0979999999999999
1.0999999999999999
1.1019999999999999
1.1039999999999999
1.1059999999999999
1.1079999999999999
1.1099999999999999
1.1119999999999999
1.1139999999999999
1.1159999999999999
1.1179999999999999
1.1199999999999999
1.1219999999999999
1.1239999999999999
1.126
1.128
1.13
1.132
1.134
1.136
1.138
1.14
1.142
1.144
1.146
1.148
1.15
1.152
1.154
1.156
1.158
1.16
1.162
1.164
1.166
1.168
1.17
1.172
1.174
1.176
1.178
1.18
1.182
1.184
1.186
1.188
1.19
1.192
1.194
1.196
1.198
1.2
1.2
1.2
1.2
1.2
1.2
1.2
1.2
1.2
1.2
1.2
1.2
1.2
1.2
1.2
1.2
1.2
1.2
1.2
1.2
1.2
1.2
1.2
1.2
1.2
1.2
1.2
1.2
1.2
1.2
1.2
1.2
1.2
1.2
1.2
1.2
1.2
1.2
1.2
1.2
1.2
1.2
1.2
1.2
1.2
1.2
1.2
1.2
1.2
1.2
1.2
1.2
1.2
1.2
1.2
1.2
1.2
1.2
1.2
1.2
1.2
1.2
1.2
1.2
1.2
1.2
1.2
1.2
1.2
1.2
1.2
1.2
1.2
1.2
1.2
1.2
1.2
1.2
1.2
1.2
1.2
1.2
1.2
1.2
1.2
1.2
1.2
1.2
1.2
1.2
1.2
1.2
1.2
1.2
1.2
1.2
1.2
1.2
1.2
1.2
1.2
1.2
1.2
1.2
1.2
1.2
1.2
1.2
1.2
1.2
1.2
1.2
1.2
1.2
1.2
1.2
1.2
1.2
1.2
1.2
1.2
1.2
1.2
1.2
1.2
1.2
1.2
1.2
1.2
1.2
1.2
1.2
1.2
1.2
1.2
1.2
1.2
1.2
1.2
1.2
1.2
1.2
1.2
1.2
1.2
1.2
1.2
1.2
1.2
1.2
1.2
1.2
1.2
1.2
1.2
1.2
1.2
1.2
1.2
1.2
1.2
1.2
1.2
1.2
1.2
1.2
1.2
1.2
1.2
1.2
1.2
1.2
1.2
1.2
1.2
1.2
1.2
1.2
1.2
1.2
1.2
1.2
1.2
1.2
1.2
1.2
1.2
1.2
1.2
1.2
1.2
1.2
1.2
1.2
1.2
1.2
1.2
1.2
1.2
1.2
1.2
1.2
1.2
1.2
1.2
1.2
1.2
1.2
1.2
1.2
1.2
1.2
1.2
1.2
1.2
1.2
1.2
1.2
1.2
1.2
1.2
1.2
1.2
1.2
1.2
1.2
1.2
1.2
1.2
1.2
1.2
1.2
1.2
1.2
1.2
1.2
1.2
1.2
1.2
1.2
1.2
1.2
1.2
1.2
1.2
1.2
1.2
1.2
1.2
1.2
1.2
1.2
1.2
1.2
1.2
1.2
1.2
1.2
1.2
1.2
1.2
1.2
1.2
1.2
1.2
1.2
1.2
1.2
1.2
1.2
1.2
1.2
1.2
1.2
1.2
1.2
1.2
1.2
1.2
1.2
1.2
1.2
1.2
1.2
1.2
1.2
1.2
1.2
1.2
1.2
1.2
1.2
1.2
1.2
1.2
1.2
1.2
1.2
1.2
1.2
1.2
1.2
1.2
1.2
1.2
1.2
1.2
1.2
1.2
1.2
1.2
1.2
1.2
1.2
1.2
1.2
1.2
1.2
1.2
1.2
1.2
1.2
1.2
1.2
1.2
1.2
1.2
1.2
1.2
1.2
1.2
1.2
1.2
1.2
1.2
1.2
1.2
1.2
1.2
1.2
1.2
1.2
1.2
1.2
1.2
1.2
1.2
1.2
1.2
1.2
1.2
1.2
1.2
1.2
1.2
1.2
1.2
1.2
1.2
1.2
1.2
1.2
1.2
1.2
1.2
1.2
1.2
1.2
1.2
1.2
1.2
1.2
1.2
1.2
1.2
1.2
1.2
1.2
1.2
1.2
1.2
1.2
1.2
1.2
1.2
1.2
1.2
1.2
1.2
1.2
1.2
1.2
1.2
1.2
1.2
1.2
1.2
1.2
1.2
1.2
1.2
1.2
1.2
1.2
1.2
1.2
1.2
1.2
1.2
1.2
1.2
1.2
1.2
1.2
1.2
1.2
1.2
1.2
1.2
1.2
1.2
1.2
1.2
1.2
1.2
1.2
1.2
1.2
1.2
1.2
1.2
1.2
1.2
1.2
1.2
1.2
1.2
1.2
1.2
1.2
1.2
1.2
1.2
1.2
1.2
1.2
1.2
1.2
1.2
1.2
1.2
1.2
1.2
1.2
1.2
1.2
1.2
1.2
1.2
1.2
1.2
1.2
1.2
1.2
1.2
1.2
1.2
1.2
1.2
1.2
1.2
1.2
1.2
1.2
1.2
1.2
1.2
1.2
1.2
1.2
1.2
1.2
1.2
1.2
1.2
1.2
1.2
1.2
1.2
1.2
1.2
1.2
1.2
1.2
1.2
1.2
1.2
1.2
1.2
1.2
1.2
1.2
1.2
1.2
1.2
1.2
1.2
1.2
1.2
1.2
1.2
1.2
1.202
1.204
1.206
1.208
1.21
1.212
1.214
1.216
1.218
1.22
1.222
1.224
1.226
1.228
1.23
1.232
1.234
1.236
1.238
1.24
1.242
1.244
1.246
1.248
1.25
1.252
1.254
1.256
1.258
1.26
1.262
1.264
1.266
1.268
1.27
1.272
1.274
1.276
1.278
1.28
1.282
1.284
1.286
1.288
1.29
1.292
1.294
1.296
1.298
1.3
1.302
1.304
1.306
1.308
1.31
1.312
1.314
1.316
1.318
1.32
1.322
1.324
1.3259999999999998
1.328
1.3299999999999998
1.332
1.3339999999999999
1.336
1.3379999999999999
1.34
1.3419999999999999
1.344
1.3459999999999999
1.348
1.3499999999999999
1.352
1.3539999999999999
1.356
1.3579999999999999
1.36
1.3619999999999999
1.364
1.3659999999999999
1.368
1.3699999999999999
1.372
1.3739999999999999
1.3760000000000001
1.378
1.3800000000000001
1.382
1.3840000000000001
1.386
1.3880000000000001
1.39
1.3920000000000001
1.394
1.3960000000000001
1.398
1.4000000000000001
1.4000000000000001
1.4000000000000001
1.4000000000000001
1.4000000000000001
1.4000000000000001
1.4000000000000001
1.4000000000000001
1.4000000000000001
1.4000000000000001
1.4000000000000001
1.4000000000000001
1.4000000000000001
1.4000000000000001
1.4000000000000001
1.4000000000000001
1.4000000000000001
1.4000000000000001
1.4000000000000001
1.4000000000000001
1.4000000000000001
1.4000000000000001
1.4000000000000001
1.4000000000000001
1.4000000000000001
1.4000000000000001
1.4000000000000001
1.4000000000000001
1.4000000000000001
1.4000000000000001
1.4000000000000001
1.4000000000000001
1.4000000000000001
1.4000000000000001
1.4000000000000001
1.4000000000000001
1.4000000000000001
1.4000000000000001
1.4000000000000001
1.4000000000000001
1.4000000000000001
1.4000000000000001
1.4000000000000001
1.4000000000000001
1.4000000000000001
1.4000000000000001
1.4000000000000001
1.4000000000000001
1.4000000000000001
1.4000000000000001
1.4000000000000001
1.4000000000000001
1.4000000000000001
1.4000000000000001
1.4000000000000001
1.4000000000000001
1.4000000000000001
1.4000000000000001
1.4000000000000001
1.4000000000000001
1.4000000000000001
1.4000000000000001
1.4000000000000001
1.4000000000000001
1.4000000000000001
1.4000000000000001
1.4000000000000001
1.4000000000000001
1.4000000000000001
1.4000000000000001
1.4000000000000001
1.4000000000000001
1.4000000000000001
1.4000000000000001
1.4000000000000001
1.4000000000000001
1.4000000000000001
1.4000000000000001
1.4000000000000001
1.4000000000000001
1.4000000000000001
1.4000000000000001
1.4000000000000001
1.4000000000000001
1.4000000000000001
1.4000000000000001
1.4000000000000001
1.4000000000000001
1.4000000000000001
1.4000000000000001
1.4000000000000001
1.4000000000000001
1.4000000000000001
1.4000000000000001
1.4000000000000001
1.4000000000000001
1.4000000000000001
1.4000000000000001
1.4000000000000001
1.4000000000000001
1.4000000000000001
