0.11800000000000001
0.126
0.13399999999999998
0.14400000000000002
0.154
0.16399999999999998
0.174
0.184
0.194
0.20400000000000001
0.216
0.22999999999999998
0.244
0.26
0.276
0.292
0.308
0.324
0.34
0.36000000000000004
0.38
0.39999999999999997
0.42
0.44
0.46199999999999997
0.486
0.512
0.538
0.5660000000000001
0.5920000000000001
0.62
0.65
0.682
0.716
0.75
0.782
0.8140000000000001
0.8460000000000001
0.88
0.908
0.934
0.9620000000000001
0.99
1.02
1.0499999999999998
1.0799999999999998
1.1099999999999999
1.14
1.17
1.2019999999999997
1.2339999999999998
1.2659999999999998
1.3
1.3339999999999999
1.3679999999999999
1.402
1.436
1.472
1.508
1.546
1.584
1.624
1.6620000000000001
1.706
1.7500000000000002
1.7960000000000003
1.8419999999999999
1.888
1.9360000000000002
1.984
2.0340000000000003
2.084
2.138
2.186
2.2299999999999995
2.2739999999999996
2.3179999999999996
2.352
2.3859999999999997
2.4179999999999997
2.4499999999999997
2.486
2.524
2.566
2.608
2.65
2.696
2.738
2.782
2.828
2.8739999999999997
2.92
2.968
3.0180000000000002
3.072
3.1279999999999997
3.186
3.2479999999999998
3.31
3.378
3.45
3.518
3.5860000000000003
3.6500000000000004
3.718
3.7860000000000005
3.854
3.926
4.002000000000001
4.072
4.138
4.202
4.268
4.332
4.396
4.448
4.489999999999999
4.528
4.566
4.604
4.642
4.6819999999999995
4.722
4.760000000000001
4.796
4.828
4.856000000000001
4.886
4.915999999999999
4.948
4.978
5.006
5.034
5.0600000000000005
5.086
5.112
5.14
5.1579999999999995
5.176
5.196
5.216
5.236
5.256
5.2780000000000005
5.304
5.322
5.34
5.359999999999999
5.384
5.404
5.422
5.441999999999999
5.458
5.474
5.491999999999999
5.5120000000000005
5.532
5.554
5.576
5.596
5.618
5.642
5.668
5.684
5.704000000000001
5.725999999999999
5.75
5.774
5.798
5.83
5.862
5.9
5.933999999999999
5.964
6.0
6.034000000000001
6.074
6.114000000000001
6.146
6.182
6.218
6.244
6.263999999999999
6.279999999999999
6.2940000000000005
6.308
6.3260000000000005
6.35
6.374
6.3919999999999995
6.414
6.4399999999999995
6.474
6.51
6.544
6.57
6.593999999999999
6.601999999999999
6.604000000000001
6.604
6.6
6.598000000000001
6.596
6.588
6.566
6.542
6.516
6.4879999999999995
6.456
6.434
6.42
6.406000000000001
6.39
6.37
6.35
6.346
6.3580000000000005
6.372
6.392
6.41
6.426
6.4479999999999995
6.472
6.497999999999999
6.5280000000000005
6.562
6.6
6.638
6.676
6.714
6.754
6.794
6.836
6.8759999999999994
6.91
6.946
6.98
7.025999999999999
7.074
7.126
7.182
7.2379999999999995
7.294
7.3420000000000005
7.382
7.422
7.462
7.49
7.508000000000001
7.5280000000000005
7.550000000000001
7.576
7.606
7.636000000000001
7.665999999999999
7.702
7.74
7.772000000000001
7.806
7.844
7.890000000000001
7.932
7.9719999999999995
8.022
8.076
8.129999999999999
8.190000000000001
8.258
8.325999999999999
8.39
8.458
8.52
8.586
8.658
8.725999999999999
8.782
8.828000000000001
8.886
8.956
9.024000000000001
9.094
9.168
9.247999999999998
9.33
9.42
9.516
9.610000000000001
9.688
9.758
9.81
9.852
9.884
9.905999999999999
9.926
9.95
9.976
10.004
10.049999999999999
10.102
10.158
10.224000000000002
10.28
10.323999999999998
10.35
10.38
10.413999999999998
10.452
10.49
10.532
10.578
10.622
10.666
10.712
10.776
10.852
10.914000000000001
10.974
11.02
11.052
11.082
11.12
11.158
11.194
11.232
11.27
11.308
11.352
11.412
11.484000000000002
11.534
11.558000000000002
11.556
11.536000000000001
11.516
11.504
11.502
11.501999999999999
11.505999999999998
11.509999999999998
11.52
11.529999999999998
11.556
11.596
11.63
11.666
11.698
11.718
11.742
11.776
11.812000000000001
11.854
11.9
11.95
12.004
12.068
12.132
12.198
12.248
12.296
12.324000000000002
12.336
12.346
12.357999999999999
12.37
12.376000000000001
12.389999999999999
12.397999999999998
12.398000000000001
12.398
12.392000000000001
12.382
12.362
12.324
12.284
12.244
12.218
12.202
12.188
12.176
12.165999999999999
12.154
12.145999999999999
12.146
12.138000000000002
12.123999999999999
12.084000000000001
12.029999999999998
11.988
11.954
11.948
11.95
11.962
11.99
12.02
12.046000000000001
12.068
12.094
12.107999999999999
12.120000000000001
12.114
12.100000000000001
12.100000000000001
12.124
12.184
12.254000000000001
12.328000000000001
12.406
12.479999999999999
12.548000000000002
12.596
12.636000000000001
12.662
12.672
12.658000000000001
12.629999999999999
12.614
12.598
12.601999999999999
12.62
12.642000000000001
12.66
12.664
12.674
12.68
12.684000000000001
12.688
12.686000000000002
12.675999999999998
12.654000000000002
12.662
12.7
12.763999999999998
12.850000000000001
12.944
13.038
13.104000000000001
13.152
13.192
13.222
13.244000000000002
13.274
13.29
13.298000000000002
13.326
13.357999999999999
13.408000000000001
13.484
13.562
13.636
13.696000000000002
13.744000000000002
13.775999999999998
13.796000000000001
13.820000000000002
13.84
13.856000000000002
13.876000000000001
13.918
13.97
14.042
14.140000000000002
14.244000000000002
14.349999999999998
14.448
14.546
14.632000000000001
14.716
14.802000000000001
14.896
14.996
15.1
15.219999999999999
15.357999999999999
15.512
15.674
15.824000000000002
15.966000000000001
16.088
16.194000000000003
16.282
16.37
16.455999999999996
16.528
16.608
16.688000000000002
16.792
16.908
17.038
17.172
17.28
17.37
17.426
17.452
17.468
17.472
17.486
17.492
17.512
17.538
17.582
17.628
17.68
17.73
17.77
17.798000000000002
17.816
17.83
17.85
17.88
17.926
17.978
18.052
18.146
18.241999999999997
18.334000000000003
18.422
18.509999999999998
18.578
18.642
18.698
18.766
18.85
18.936
19.028
19.128
19.226
19.326
19.419999999999998
19.52
19.624000000000002
19.73
19.817999999999998
19.89
19.94
19.990000000000002
20.055999999999997
20.14
20.234
20.336000000000002
20.43
20.502000000000002
20.562
20.616
20.654
20.694
20.728
20.75
20.776
20.81
20.86
20.926
21.012
21.108
21.214
21.318
21.412
21.518
21.618000000000002
21.720000000000002
21.808
21.866
21.918
21.971999999999998
22.034
22.104
22.172
22.232
22.276
22.304000000000002
22.304000000000002
22.285999999999998
22.254000000000005
22.223999999999997
22.192
22.152
22.134
22.114
22.128000000000004
22.168
22.236
22.312
22.386000000000003
22.466
22.55
22.636
22.726
22.817999999999998
22.898
22.966
23.055999999999997
23.162
23.291999999999998
23.44
23.584000000000003
23.728
23.858000000000004
23.982
24.092
24.200000000000003
24.308
24.43
24.544
24.648000000000003
24.756
24.878
25.005999999999997
25.14
25.270000000000003
25.396
25.508000000000003
25.62
25.726
25.830000000000002
25.950000000000003
26.086
26.21
26.330000000000002
26.46
26.576
26.688000000000002
26.788
26.878
26.953999999999997
27.03
27.095999999999997
27.174
27.256
27.334000000000003
27.408
27.477999999999998
27.552
27.644
27.749999999999996
27.881999999999998
28.026
28.17
28.310000000000002
28.434
28.552
28.672
28.793999999999997
28.923999999999996
29.060000000000002
29.194000000000003
29.316
29.433999999999997
29.549999999999997
29.673999999999996
29.808
29.938000000000002
30.056
30.164
30.268
30.362000000000002
30.458000000000002
30.557999999999996
30.64
30.726000000000003
30.804000000000006
30.898000000000003
31.000000000000004
31.104000000000003
31.206000000000003
31.293999999999997
31.370000000000005
31.444000000000003
31.528
31.619999999999997
31.718000000000004
31.826
31.942
32.058
32.17
32.269999999999996
32.382
32.467999999999996
32.552
32.604
32.628
32.646
32.666000000000004
32.692
32.724000000000004
32.766
32.821999999999996
32.876000000000005
32.928
32.982
33.047999999999995
33.12
33.198
33.278
33.364000000000004
33.454
33.56
33.674
33.8
33.924
34.052
34.184000000000005
34.306
34.424
34.536
34.64
34.73
34.800000000000004
34.858
34.912
34.966
35.024
35.077999999999996
35.14
35.202
35.26
35.314
35.38
35.444
35.496
35.56
35.63
35.712
35.782
35.854
35.918
35.992
36.056
36.12
36.2
36.304
36.378
36.434
36.486
36.522
36.554
36.56999999999999
36.6
36.64
36.696000000000005
36.768
36.858
36.972
37.094
37.226
37.368
37.522
37.668
37.806000000000004
37.93
38.032000000000004
38.132
38.233999999999995
38.338
38.442
38.53
38.61000000000001
38.68
38.739999999999995
38.779999999999994
38.816
38.828
38.831999999999994
38.833999999999996
38.824
38.831999999999994
38.844
38.872
38.900000000000006
38.932
38.971999999999994
39.036
39.12200000000001
39.242000000000004
39.38
39.52
39.65
39.794000000000004
39.946000000000005
40.129999999999995
40.35
40.58200000000001
40.830000000000005
41.096000000000004
41.368
41.64
41.90599999999999
42.184
42.46
42.738
43.012
43.27
43.528
43.803999999999995
44.081999999999994
44.388
44.702000000000005
45.01
45.30799999999999
45.617999999999995
45.924
46.226
46.534000000000006
46.842
47.158
47.486
47.82
48.175999999999995
48.538
48.910000000000004
49.29
49.692
50.102
50.510000000000005
50.92399999999999
51.33
51.724
52.114000000000004
52.498
52.892
53.278000000000006
53.652
53.998
54.342
54.678
55.012
55.334
55.644000000000005
55.934000000000005
56.193999999999996
56.412
56.64
56.873999999999995
57.117999999999995
57.370000000000005
57.617999999999995
57.868
58.118
58.37
58.629999999999995
58.904
59.178
59.455999999999996
59.736000000000004
60.014
60.300000000000004
60.592
60.908
61.234
61.558
61.874
62.19600000000001
62.522
62.854000000000006
63.193999999999996
63.54600000000001
63.91
64.278
64.646
65.03
65.428
65.84800000000001
66.28
66.71000000000001
67.14800000000001
67.582
68.014
68.446
68.87599999999999
69.31599999999999
69.75800000000001
70.19200000000001
70.626
71.04
71.448
71.866
72.30799999999999
72.75999999999999
73.22399999999999
73.672
74.106
74.514
74.89
75.24400000000001
75.59
75.926
76.254
76.57
76.89399999999999
77.224
77.568
77.918
78.26799999999999
78.61
78.94800000000001
79.24800000000002
79.52199999999999
79.79200000000002
80.068
80.34400000000001
80.624
80.908
81.188
81.472
81.75600000000001
82.028
82.306
82.582
82.864
83.146
83.42200000000001
83.68799999999999
83.954
84.214
84.472
84.736
85.01400000000001
85.304
85.61000000000001
85.90400000000001
86.19200000000001
86.482
86.77
87.05799999999999
87.354
87.654
87.95
88.25200000000001
88.564
88.888
89.22000000000001
89.568
89.92
90.256
90.57400000000001
90.876
91.17
91.43799999999999
91.702
91.97399999999999
92.226
92.454
92.66
92.852
93.038
93.23
93.45
93.65
93.85799999999999
94.084
94.326
94.574
94.818
95.06200000000001
95.30799999999999
95.54599999999999
95.77399999999999
96.018
96.27
96.526
96.79
97.04400000000001
97.29
97.534
97.788
98.02600000000001
98.262
98.47800000000001
98.684
98.896
99.10600000000001
99.324
99.53399999999999
99.75
99.966
100.148
100.296
100.422
100.518
100.614
100.72
100.84
100.966
101.096
101.224
101.344
101.46599999999998
101.588
101.732
101.85
101.946
102.03999999999999
102.134
102.22
102.304
102.408
102.538
102.68199999999999
102.82800000000002
102.96999999999998
103.104
103.23
103.356
103.492
103.61999999999999
103.75
103.88
104.008
104.14000000000001
104.27799999999999
104.41199999999999
104.546
104.69000000000001
104.82799999999999
104.97200000000001
105.132
105.29199999999999
105.466
105.648
105.85400000000001
106.07799999999999
106.30799999999999
106.556
106.80600000000001
107.04000000000002
107.282
107.53999999999999
107.79799999999999
108.07
108.354
108.64399999999999
108.928
109.20200000000001
109.486
109.77999999999999
110.08800000000001
110.41
110.734
111.046
111.326
111.57600000000001
111.822
112.074
112.33
112.572
112.8
112.992
113.19800000000001
113.394
113.616
113.83000000000001
114.054
114.284
114.51400000000001
114.742
114.97999999999999
115.21799999999999
115.43599999999999
115.654
115.84199999999997
115.99799999999999
116.14999999999999
116.30199999999998
116.45800000000001
116.60400000000001
116.75
116.892
117.042
117.21799999999999
117.37599999999999
117.542
117.69200000000001
117.834
117.95
118.04199999999999
118.154
118.27999999999999
118.42000000000002
118.564
118.72000000000001
118.84799999999998
118.976
119.10000000000001
119.23
119.368
119.48800000000001
119.62400000000001
119.748
119.848
119.952
120.058
120.17
120.27000000000002
120.372
120.464
120.554
120.63600000000001
120.71199999999999
120.794
120.868
120.93400000000001
121.01199999999999
121.08000000000001
121.122
121.176
121.24799999999999
121.328
121.41
121.472
121.52600000000001
121.598
121.66399999999999
121.724
121.77799999999999
121.826
121.84400000000001
121.84599999999999
121.828
121.79799999999999
121.778
121.76400000000001
121.75599999999999
121.75
121.752
121.76400000000001
121.76599999999999
121.75000000000001
121.73599999999999
121.70800000000001
121.686
121.666
121.658
121.67399999999999
121.702
121.76599999999999
121.842
121.938
122.05600000000001
122.166
122.268
122.398
122.554
122.70400000000001
122.86200000000001
123.03200000000001
123.194
123.37
123.56599999999999
123.78800000000001
123.98799999999999
124.21000000000001
124.402
124.6
124.788
124.97800000000001
125.17
125.378
125.61800000000001
125.87399999999998
126.16400000000002
126.46000000000001
126.774
127.096
127.42
127.75200000000001
128.08200000000002
128.41600000000003
128.738
129.04399999999998
129.35799999999998
129.674
130.008
130.35600000000002
130.712
131.076
131.446
131.82199999999997
132.2
132.58999999999997
132.966
133.362
133.76600000000002
134.186
134.59799999999998
135.016
135.462
135.888
136.31199999999998
136.73399999999998
137.15800000000002
137.56400000000002
137.95399999999998
138.34
138.72400000000002
139.11
139.49
139.862
140.234
140.602
140.964
141.334
141.682
142.028
142.376
142.704
143.008
143.302
143.606
143.93200000000002
144.272
144.59599999999998
144.938
145.27599999999998
145.642
146.02999999999997
146.432
146.844
147.25000000000003
147.642
148.022
148.39200000000002
148.758
149.132
149.514
149.912
150.308
150.696
151.08400000000003
151.47000000000003
151.83800000000002
152.20399999999998
152.538
152.844
153.14399999999998
153.428
153.7
153.964
154.22599999999997
154.51600000000002
154.822
155.134
155.454
155.79000000000002
156.13400000000001
156.502
156.898
157.286
157.66000000000003
158.01999999999998
158.36999999999998
158.71000000000004
159.07000000000002
159.428
159.792
160.16000000000003
160.52599999999998
160.87800000000001
161.22600000000003
161.564
161.904
162.25799999999998
162.616
162.984
163.37
163.752
164.16200000000003
164.59
165.026
165.468
165.906
166.31399999999996
166.716
167.1
167.494
167.88599999999997
168.28199999999998
168.662
169.03799999999998
169.408
169.77799999999996
170.132
170.462
170.776
171.09199999999998
171.402
171.718
172.068
172.43599999999998
172.81400000000002
173.19199999999998
173.58599999999998
173.98199999999997
174.38
174.77600000000004
175.17200000000003
175.576
175.97799999999998
176.38
176.776
177.178
177.584
177.99
178.39600000000002
178.80200000000002
179.22600000000003
179.64
180.048
180.44600000000003
180.83200000000002
181.19
181.54199999999997
181.866
182.17399999999998
182.454
182.69400000000002
182.93200000000002
183.15600000000003
183.39
183.64000000000001
183.87199999999999
184.09999999999997
184.338
184.57000000000002
184.814
185.07
185.35199999999998
185.65800000000002
185.982
186.322
186.664
187.01399999999998
187.39799999999997
187.80399999999997
188.198
188.582
188.95799999999997
189.292
189.60399999999998
189.874
190.132
190.374
190.562
190.72
190.83599999999998
190.918
190.976
191.04199999999997
191.094
191.14400000000003
191.192
191.23600000000002
191.278
191.334
191.39800000000002
191.466
191.552
191.65
191.71799999999996
191.794
191.874
191.942
191.994
192.03400000000002
192.068
192.11
192.14
192.16
192.19799999999998
192.252
192.31399999999996
192.39199999999997
192.46
192.54200000000003
192.60800000000003
192.69
192.764
192.84000000000003
192.922
193.01200000000003
193.09
193.18599999999998
193.27
193.36800000000002
193.462
193.52999999999997
193.588
193.612
193.62
193.62000000000003
193.64600000000002
193.68800000000002
193.752
193.81399999999996
193.88
193.94799999999998
194.02
194.106
194.224
194.376
194.534
194.68200000000002
194.842
195.01600000000002
195.242
195.482
195.758
196.05799999999996
196.37199999999999
196.69799999999998
197.05399999999997
197.428
197.82600000000002
198.248
198.692
199.15800000000002
199.63000000000002
200.126
200.634
201.15
201.68
202.19799999999998
202.71800000000002
203.226
203.702
204.14600000000002
204.562
204.96199999999996
205.338
205.69
206.04599999999996
206.39
206.71799999999996
207.02800000000002
207.328
207.604
207.872
208.168
208.48
208.81200000000004
209.166
209.538
209.96400000000003
210.42799999999997
210.93200000000002
211.46800000000002
212.018
212.574
213.15200000000004
213.71599999999998
214.29600000000002
214.878
215.458
216.01
216.54600000000002
217.064
217.56
218.048
218.552
219.042
219.53599999999997
220.04600000000002
220.55800000000002
221.038
221.498
221.922
222.33999999999997
222.742
223.12999999999997
223.494
223.86
224.232
224.596
224.95200000000003
225.33
225.696
226.062
226.41799999999998
226.764
227.10199999999998
227.44199999999998
227.77200000000002
228.122
228.464
228.80399999999995
229.16400000000002
229.514
229.85999999999999
230.20999999999998
230.546
230.848
231.134
231.40599999999998
231.68400000000003
231.97
232.25799999999998
232.54399999999998
232.816
233.066
233.29600000000002
233.518
233.752
234.004
234.25799999999998
234.48399999999998
234.688
234.878
235.044
235.202
235.336
235.45800000000003
235.552
235.618
235.67200000000003
235.688
235.67
235.65200000000002
235.60199999999998
235.52200000000002
235.42800000000003
235.33599999999998
235.27
235.19400000000002
235.14000000000001
235.098
235.07400000000004
235.048
235.02800000000002
235.01399999999998
235.00800000000004
234.99599999999995
235.0
234.996
235.0
235.01200000000003
235.04399999999998
235.10199999999998
235.156
235.186
235.214
235.214
235.178
235.11399999999998
235.008
234.89000000000001
234.73000000000002
234.51000000000005
234.238
233.91600000000003
233.58200000000002
233.21
232.83599999999998
232.40999999999997
231.966
231.52
231.072
230.624
230.17000000000002
229.72799999999998
229.296
228.83
228.35600000000002
227.886
227.46
227.024
226.63400000000001
226.23000000000002
225.774
225.32999999999998
224.86
224.38199999999998
223.882
223.394
222.87400000000002
222.33800000000002
221.79
221.246
220.72199999999998
220.21
219.7
219.218
218.69599999999997
218.14000000000001
217.57800000000003
217.032
216.502
215.98399999999998
215.454
214.928
214.4
213.91799999999998
213.43199999999996
212.93400000000003
212.42999999999998
211.92
211.406
210.85200000000003
210.31400000000002
209.75
209.14600000000002
208.542
207.948
207.338
206.72
206.08200000000002
205.45800000000003
204.854
204.26999999999998
203.686
203.092
202.49400000000003
201.93200000000002
201.378
200.804
200.264
199.754
199.268
198.80599999999998
198.382
197.974
197.56400000000002
197.14200000000002
196.72
196.27599999999998
195.82999999999998
195.36599999999999
194.91799999999998
194.47000000000003
194.01399999999998
193.56199999999998
193.12399999999997
192.67600000000002
192.22599999999997
191.744
191.292
190.84
190.374
189.918
189.49199999999996
189.06199999999998
188.672
188.31799999999998
187.986
187.68599999999998
187.418
187.172
186.95999999999998
186.756
186.584
186.44
186.30200000000002
186.146
186.056
186.01799999999997
185.984
185.96999999999997
185.94600000000003
185.94400000000002
185.946
185.93800000000002
185.954
185.97
185.98
185.98600000000002
186.032
186.07199999999997
186.156
186.316
186.476
186.664
186.876
187.11799999999997
187.39000000000001
187.70800000000003
188.046
188.42000000000002
188.80399999999997
189.212
189.61
190.01400000000004
190.42600000000002
190.884
191.398
191.912
192.418
192.91199999999998
193.40799999999996
193.92000000000002
194.42399999999998
194.92000000000002
195.384
195.83799999999997
196.29799999999997
196.756
197.192
197.648
198.14400000000003
198.62
199.11599999999999
199.64
200.18599999999998
200.72
201.23
201.70000000000002
202.18600000000004
202.654
203.08600000000004
203.504
203.9
204.308
204.718
205.11599999999999
205.502
205.902
206.30599999999998
206.70000000000002
207.054
207.388
207.67600000000002
207.938
208.172
208.38799999999998
208.578
208.764
208.93
209.094
209.226
209.334
209.412
209.46800000000002
209.456
209.416
209.36599999999999
209.32799999999997
209.24200000000002
209.14399999999998
209.03199999999998
208.89
208.73399999999998
208.58999999999997
208.402
208.206
208.004
207.77599999999998
207.506
207.21800000000002
206.956
206.72
206.508
206.282
206.10200000000003
205.94400000000002
205.75199999999998
205.55800000000002
205.354
205.136
204.924
204.68
204.41
204.104
203.79999999999998
203.44
203.072
202.69999999999996
202.284
201.816
201.258
200.654
200.004
199.31800000000004
198.59600000000003
197.82200000000003
197.02599999999998
196.2
195.352
194.46599999999998
193.57600000000002
192.626
191.64999999999998
190.682
189.678
188.666
187.61399999999998
186.548
185.478
184.408
183.33200000000002
182.28000000000003
181.242
180.222
179.212
178.20800000000003
177.184
176.16
175.154
174.14
173.12200000000004
172.08999999999997
171.066
170.016
168.946
167.89399999999998
166.836
165.81
164.75
163.69400000000002
162.632
161.56
160.514
159.478
158.41600000000003
157.344
156.284
155.236
154.18200000000002
153.154
152.124
151.108
150.08999999999997
149.086
148.096
147.09199999999998
146.134
145.188
144.296
143.44
142.59599999999998
141.804
141.058
140.35999999999999
139.71599999999998
139.10999999999999
138.532
137.988
137.46999999999997
136.954
136.464
135.978
135.48600000000002
135.006
134.544
134.088
133.642
133.21800000000002
132.792
132.368
131.91799999999998
131.44400000000002
130.95200000000003
130.462
129.924
129.388
128.85399999999998
128.292
127.744
127.17599999999999
126.634
126.126
125.636
125.188
124.74000000000001
124.33999999999999
123.97200000000001
123.59800000000001
123.268
122.99000000000001
122.80199999999999
122.64000000000001
122.51
122.41600000000001
122.304
122.23
122.14800000000001
122.078
121.97800000000001
121.884
121.748
121.606
121.5
121.36399999999999
121.212
121.05199999999999
120.89000000000001
120.70400000000001
120.498
120.3
120.06799999999998
119.816
119.53999999999999
119.256
118.954
118.664
118.412
118.184
117.958
117.71199999999999
117.46
117.21600000000001
116.974
116.758
116.546
116.31000000000002
116.108
115.898
115.72800000000001
115.58200000000001
115.46
115.35199999999999
115.246
115.154
115.084
115.0
114.946
114.882
114.79599999999999
114.71000000000001
114.62
114.538
114.46600000000001
114.392
114.33999999999999
114.322
114.27000000000001
114.21600000000001
114.11399999999999
113.97
113.826
113.642
113.45600000000002
113.22399999999999
113.012
112.78
112.542
112.288
112.04400000000001
111.8
111.55799999999999
111.324
111.068
110.804
110.536
110.238
109.904
109.554
109.24
108.90800000000002
108.624
108.362
108.126
107.88199999999999
107.66
107.442
107.25000000000001
107.062
106.878
106.732
106.59200000000001
106.43799999999999
106.284
106.162
106.03999999999999
105.95000000000002
105.81799999999998
105.69200000000001
105.552
105.406
105.236
105.07400000000001
104.91
104.75200000000001
104.63
104.506
104.39
104.28399999999999
104.22
104.16799999999999
104.13399999999999
104.112
104.076
104.05
104.042
104.03399999999999
104.03
104.04599999999999
104.07400000000001
104.07600000000001
104.09799999999998
104.112
104.144
104.17800000000001
104.22
104.254
104.276
104.27199999999999
104.262
104.25200000000001
104.232
104.19
104.15
104.094
104.044
103.996
103.91199999999999
103.84200000000001
103.75799999999998
103.658
103.54599999999999
103.41999999999999
103.262
103.09199999999998
102.924
102.774
102.592
102.448
102.332
102.21799999999999
102.136
102.04599999999999
101.98000000000002
101.92000000000002
101.914
101.908
101.94999999999999
102.02600000000001
102.12400000000001
102.25
102.392
102.554
102.704
102.864
103.00399999999999
103.126
103.24
103.344
103.41799999999999
103.486
103.554
103.616
103.69999999999999
103.762
103.842
103.918
104.02000000000001
104.118
104.17800000000001
104.28
104.33
104.376
104.38399999999999
104.398
104.41
104.42
104.40999999999998
104.394
104.37800000000001
104.34199999999998
104.25000000000001
104.118
103.96
103.74600000000001
103.512
103.22800000000001
102.95600000000002
102.68399999999998
102.404
102.11
101.796
101.47399999999999
101.164
100.86399999999999
100.54199999999999
100.182
99.818
99.45
99.054
98.658
98.25599999999999
97.89
97.536
97.20599999999999
96.886
96.56400000000002
96.264
95.98599999999999
95.71400000000001
95.446
95.17
94.886
94.58800000000001
94.28999999999999
94.004
93.744
93.512
93.314
93.13400000000001
92.968
92.814
92.70599999999999
92.59200000000001
92.49600000000001
92.394
92.282
92.2
92.10400000000001
92.006
91.89999999999999
91.784
91.66999999999999
91.56800000000001
91.436
91.29
91.114
90.908
90.646
90.354
90.018
89.674
89.312
88.924
88.51
88.02600000000001
87.54400000000001
87.03200000000001
86.48400000000001
85.93599999999999
85.39399999999999
84.852
84.328
83.82
83.33
82.846
82.39
81.964
81.56200000000001
81.19000000000001
80.836
80.474
80.12800000000001
79.794
79.482
79.174
78.886
78.588
78.306
78.042
77.758
77.496
77.23400000000001
76.964
76.68799999999999
76.398
76.08599999999998
75.78400000000002
75.488
75.164
74.836
74.52399999999999
74.236
73.96199999999999
73.69800000000001
73.426
73.162
72.882
72.582
72.268
71.958
71.64
71.32
70.982
70.63
70.292
69.986
69.678
69.372
69.076
68.76799999999999
68.47800000000001
68.17200000000001
67.85399999999998
67.52
67.17999999999999
66.84
66.49
66.15599999999999
65.822
65.496
65.198
64.91
64.62599999999999
64.336
64.022
63.694
63.334
62.952000000000005
62.56
62.16199999999999
61.768
61.366
60.964
60.562
60.152
59.758
59.38200000000001
59.029999999999994
58.68000000000001
58.326
57.986000000000004
57.66
57.348
57.07
56.821999999999996
56.614
56.446
56.29800000000001
56.178000000000004
56.087999999999994
55.982000000000006
55.894
55.818
55.764
55.708
55.64200000000001
55.556
55.46
55.354
55.23400000000001
55.118
54.974
54.818000000000005
54.662
54.49199999999999
54.316
54.098
53.848
53.596000000000004
53.358000000000004
53.098
52.831999999999994
52.55800000000001
52.274
51.99
51.726
51.478
51.24400000000001
51.014
50.81399999999999
50.620000000000005
50.428
50.27
50.122
49.989999999999995
49.86200000000001
49.74199999999999
49.626000000000005
49.526
49.416
49.30799999999999
49.2
49.089999999999996
48.99399999999999
48.903999999999996
48.818
48.736000000000004
48.66199999999999
48.592
48.514
48.454
48.406000000000006
48.366
48.32
48.274
48.236
48.193999999999996
48.13400000000001
48.056000000000004
47.95199999999999
47.842
47.708
47.577999999999996
47.436
47.288000000000004
47.132000000000005
46.972
46.78399999999999
46.592
46.39000000000001
46.16600000000001
45.938
45.712
45.494
45.298
45.11
44.938
44.774
44.61800000000001
44.480000000000004
44.352000000000004
44.234
44.122
44.02
43.938
43.856
43.746
43.616
43.48799999999999
43.366
43.246
43.114
42.976
42.824
42.652
42.472
42.272
42.064
41.828
41.562000000000005
41.288000000000004
41.013999999999996
40.742000000000004
40.47
40.21
39.958000000000006
39.711999999999996
39.464
39.22
38.98
38.732
38.49
38.24
37.98
37.72
37.455999999999996
37.21
36.978
36.742
36.494
36.26199999999999
36.025999999999996
35.79
35.558
35.306
35.034
34.748000000000005
34.443999999999996
34.132000000000005
33.796
33.452000000000005
33.105999999999995
32.742000000000004
32.38
32.01199999999999
31.654000000000003
31.284
30.910000000000004
30.536000000000005
30.178
29.837999999999997
29.507999999999996
29.188
28.868
28.551999999999996
28.247999999999998
27.968
27.699999999999996
27.438000000000002
27.178
26.916000000000004
26.644
26.372000000000003
26.105999999999998
25.844
25.582
25.322
25.078
24.866
24.697999999999997
24.546
24.43
24.322000000000003
24.234
24.148
24.074
23.99
23.904
23.812
23.715999999999998
23.625999999999998
23.535999999999998
23.444000000000003
23.340000000000003
23.23
23.115999999999996
22.996
22.874
22.736000000000004
22.582
22.411999999999995
22.233999999999998
22.051999999999996
21.866000000000003
21.666
21.459999999999997
21.254000000000005
21.052
20.856
20.663999999999998
20.466
20.272000000000002
20.068
19.863999999999997
19.65
19.416000000000004
19.183999999999997
18.953999999999997
18.734
18.53
18.343999999999998
18.16
17.986
17.816000000000003
17.637999999999998
17.452
17.273999999999997
17.11
16.948
16.784000000000002
16.626
16.465999999999998
16.32
16.182
16.060000000000002
15.953999999999999
15.848
15.742
15.627999999999998
15.515999999999998
15.41
15.312
15.228000000000002
15.146
15.065999999999999
14.991999999999999
14.928
14.872
14.814
14.755999999999998
14.695999999999998
14.644
14.581999999999999
14.516000000000002
14.448000000000002
14.382000000000001
14.318
14.255999999999998
14.192000000000002
14.126
14.052
13.97
13.873999999999999
13.772000000000002
13.678
13.579999999999998
13.475999999999999
13.366
13.26
13.16
13.068000000000001
12.984
12.906
12.828
12.745999999999999
12.66
12.57
12.472000000000001
12.377999999999998
12.283999999999999
12.176
12.049999999999999
11.918
11.78
11.658
11.540000000000001
11.448
11.372000000000002
11.306
11.25
11.2
11.152
11.113999999999999
11.097999999999999
11.07
11.027999999999999
10.982000000000001
10.932
10.892
10.852
10.81
10.754
10.686
10.616
10.552
10.49
10.434
10.384000000000002
10.324
10.261999999999999
10.206000000000001
10.152000000000001
10.108
10.07
10.046
10.036
10.04
10.05
10.064
10.080000000000002
10.091999999999999
10.109999999999998
10.1
10.078
10.056
10.033999999999999
10.01
9.982
9.966000000000001
9.953999999999999
9.937999999999999
9.924
9.902000000000001
9.876
9.847999999999999
9.816
9.79
9.76
9.727999999999998
9.692
9.655999999999999
9.624
9.588000000000001
9.556000000000001
9.522
9.484
9.436
9.386000000000001
9.341999999999999
9.3
9.254
9.212
9.168000000000001
9.122
9.078
9.028
8.978
8.924000000000001
8.876
8.828
8.775999999999998
8.724
8.684000000000001
8.646
8.608
8.572
8.54
8.516
8.494
8.474
8.456000000000001
8.438
8.416
8.393999999999998
8.370000000000001
8.344
8.312000000000001
8.276
8.235999999999999
8.19
8.154
8.132000000000001
8.118
8.104
8.076
8.046
8.008
7.968
7.917999999999999
7.87
7.814
7.758000000000001
7.7
7.636
7.586
7.546
7.51
7.473999999999999
7.434
7.404
7.382
7.372
7.362
7.343999999999999
7.326
7.305999999999999
7.2860000000000005
7.263999999999999
7.239999999999999
7.214
7.191999999999999
7.168
7.140000000000001
7.11
7.076
7.042000000000001
7.01
6.9799999999999995
6.9559999999999995
6.934
6.914
6.892
6.886000000000001
6.884
6.890000000000001
6.906
6.928
6.952000000000001
6.968
6.982
6.998
7.0120000000000005
7.032
7.052
7.0680000000000005
7.08
7.078
7.08
7.094
7.109999999999999
7.116
7.112
7.102
7.0920000000000005
7.084
7.074
7.07
7.062
7.047999999999999
7.029999999999999
7.008
6.974
6.948
6.928
6.902
6.8740000000000006
6.846
6.818
6.788
6.757999999999999
6.7299999999999995
6.704
6.676
6.648
6.624
6.6
6.58
6.553999999999999
6.531999999999999
6.51
6.486000000000001
6.460000000000001
6.432
6.404
6.377999999999999
6.356
6.348
6.35
6.351999999999999
6.348000000000001
6.343999999999999
6.338
6.332000000000001
6.328
6.334
6.3420000000000005
6.346000000000001
6.35
6.353999999999999
6.35
6.356
6.367999999999999
6.382
6.394
6.406000000000001
6.417999999999999
6.43
6.444000000000001
6.458
6.464
6.4639999999999995
6.464
6.456
6.441999999999999
6.428
6.414000000000001
6.398
6.38
6.366
6.354
6.338
6.321999999999999
6.308
6.295999999999999
6.272
6.238
6.192
6.140000000000001
6.086
6.03
5.974
5.918000000000001
5.866
5.815999999999999
5.766000000000001
5.716000000000001
5.664
5.618
5.566
5.516
5.466
5.416
5.3660000000000005
5.3180000000000005
5.27
5.2219999999999995
5.188000000000001
5.1579999999999995
5.13
5.104
5.0840000000000005
5.072
5.064
5.053999999999999
5.0440000000000005
5.038
5.032
5.026
5.024
5.024000000000001
5.034
5.048
5.064
5.08
5.094
5.109999999999999
5.126000000000001
5.140000000000001
5.144
5.1419999999999995
5.1419999999999995
5.1419999999999995
5.126
5.106
5.082
5.058
5.032
5.006
4.974
4.942
4.912
4.886
4.862
4.838
4.816
4.794
4.7620000000000005
4.726
4.688000000000001
4.65
4.614
4.58
4.534000000000001
4.494
4.45
4.408
4.374
4.3420000000000005
4.319999999999999
4.304
4.29
4.272
4.244
4.212
4.176
4.138
4.1
4.0600000000000005
4.022
3.984
3.9499999999999997
3.9139999999999997
3.894
3.8839999999999995
3.874
3.8679999999999994
3.862
3.856
3.8500000000000005
3.848
3.8419999999999996
3.8360000000000003
3.832
3.8279999999999994
3.8360000000000003
3.8520000000000003
3.8800000000000003
3.912
3.944
3.976
4.005999999999999
4.03
4.0600000000000005
4.088
4.118
4.152
4.188000000000001
4.224
4.264
4.302
4.34
4.38
4.422
4.46
4.484
4.502
4.518000000000001
4.534
4.544
4.552
4.562
4.572
4.5840000000000005
4.6000000000000005
4.612
4.62
4.628
4.638000000000001
4.638
4.638
4.638
4.638
4.638000000000001
4.636
4.644
4.651999999999999
4.66
4.668
4.67
4.6659999999999995
4.66
4.656
4.666
4.678
4.694
4.71
4.726
4.748
4.772
4.8
4.828
4.856000000000001
4.8759999999999994
4.888000000000001
4.896000000000001
4.902
4.918
4.934
4.952
4.976
4.998
5.015999999999999
5.046
5.072
5.098000000000001
5.13
5.154
5.174
5.192
5.21
5.224
5.238
5.25
5.2620000000000005
5.28
5.298
5.314
5.332000000000001
5.354
5.376
5.398000000000001
5.420000000000001
5.43
5.436
5.442
5.444000000000001
5.448
5.452
5.458
5.459999999999999
5.464
5.468
5.469999999999999
5.478
5.4799999999999995
5.4799999999999995
5.484
5.4879999999999995
5.494
5.502
5.51
5.524
5.532
5.542000000000001
5.54
5.53
5.518
5.5040000000000004
5.494
5.482
5.4639999999999995
5.446
5.430000000000001
5.414000000000001
5.408
5.4079999999999995
5.41
5.4159999999999995
5.406
5.3919999999999995
5.378
5.368
5.355999999999999
5.34
5.332
5.328
5.324
5.322
5.322
5.3180000000000005
5.311999999999999
5.304000000000001
5.292
5.276000000000001
5.258
5.242
5.226
5.21
5.207999999999999
5.214
5.218
5.22
5.2059999999999995
5.186
5.164000000000001
5.142
5.114
5.0840000000000005
5.0520000000000005
5.016000000000001
4.978
4.936
4.902
4.874
4.848
4.822
4.792
4.762
4.732
4.6979999999999995
4.664
4.63
4.592
4.552
4.513999999999999
4.468
4.43
4.394
4.36
4.33
4.2940000000000005
4.256
4.228
4.2059999999999995
4.182
4.158
4.1339999999999995
4.111999999999999
4.0840000000000005
4.054
4.024
3.994
3.9779999999999998
3.968
3.9539999999999997
3.942
3.9320000000000004
3.9259999999999997
3.918
3.912
3.9080000000000004
3.906
3.904
3.896
3.8900000000000006
3.884
3.872
3.8599999999999994
3.848
3.8379999999999996
3.83
3.8200000000000003
3.8119999999999994
3.8040000000000003
3.8019999999999996
3.798
3.798
3.7960000000000003
3.782
3.766
3.746
3.7220000000000004
3.696
3.6719999999999997
3.652
3.6319999999999997
3.612
3.5879999999999996
3.5780000000000003
3.5719999999999996
3.566
3.554
3.544
3.536
3.5260000000000002
3.516
3.504
3.488
3.476
3.468
3.4599999999999995
3.452
3.4459999999999997
3.442
3.44
3.436
3.4319999999999995
3.43
3.4359999999999995
3.4479999999999995
3.462
3.476
3.502
3.532
3.566
3.598
3.6359999999999997
3.6700000000000004
3.7039999999999997
3.736
3.7720000000000002
3.8099999999999996
3.8499999999999996
3.892
3.934
3.98
4.02
4.061999999999999
4.103999999999999
4.148
4.196
4.244
4.289999999999999
4.334
4.38
4.426
4.4719999999999995
4.52
4.57
4.616
4.646
4.664
4.676
4.688
4.696
4.704
4.716
4.723999999999999
4.731999999999999
4.74
4.748
4.756
4.76
4.763999999999999
4.757999999999999
4.748
4.734
4.715999999999999
4.6979999999999995
4.678
4.6579999999999995
4.635999999999999
4.614
4.592
4.574
4.558
4.5440000000000005
4.529999999999999
4.5120000000000005
4.49
4.47
4.45
4.428
4.404
4.384
4.368
4.35
4.332
4.322
4.316
4.318
4.322
4.3260000000000005
4.327999999999999
4.332
4.34
4.346
4.354
4.366
4.378
4.3919999999999995
4.406
4.41
4.41
4.414
4.418000000000001
4.422000000000001
4.426
4.43
4.434
4.438000000000001
4.442
4.448
4.4559999999999995
4.462
4.468
4.466
4.46
4.4479999999999995
4.432
4.414
4.3999999999999995
4.39
4.384
4.374
4.364000000000001
4.352
4.34
4.328
4.318
4.302
4.282
4.26
4.236
4.21
4.182
4.16
4.135999999999999
4.114
4.09
4.062
4.034
4.006
3.9779999999999998
3.948
3.918
3.886
3.8520000000000003
3.814
3.776
3.762
3.762
3.766
3.768
3.7720000000000002
3.776
3.776
3.7760000000000002
3.778
3.78
3.784
3.792
3.8
3.8040000000000003
3.8240000000000003
3.8459999999999996
3.864
3.88
3.89
3.896
3.9000000000000004
3.904
3.902
3.8979999999999997
3.894
3.89
3.888
3.8899999999999997
3.894
3.9
3.9039999999999995
3.9059999999999997
3.906
3.9080000000000004
3.91
3.912
3.9140000000000006
3.9160000000000004
3.922
3.926
3.93
3.934
3.936
3.938
3.938
3.9360000000000004
3.938
3.94
3.94
3.9419999999999997
3.9400000000000004
3.9400000000000004
3.9480000000000004
3.958
3.954
3.944
3.9339999999999997
3.9240000000000004
3.914
3.904
3.8939999999999997
3.886
3.8760000000000003
3.8659999999999997
3.8539999999999996
3.8419999999999996
3.8360000000000003
3.832
3.824
3.814
3.808
3.8
3.7920000000000003
3.782
3.774
3.768
3.762
3.7560000000000002
3.75
3.742
3.7359999999999998
3.7319999999999998
3.7279999999999998
3.7239999999999998
3.7220000000000004
3.718
3.712
3.706
3.7020000000000004
3.698
3.6940000000000004
3.69
3.6860000000000004
3.684
3.6839999999999997
3.686
3.6879999999999997
3.692
3.7
3.708
3.708
3.7040000000000006
3.7
3.696
3.69
3.6839999999999997
3.6779999999999995
3.6719999999999997
3.666
3.662
3.656
3.648
3.642
3.636
3.6240000000000006
3.6100000000000003
3.6020000000000003
3.5940000000000003
3.5940000000000003
3.598
3.604
3.6100000000000003
3.6220000000000003
3.638
3.654
3.67
3.676
3.672
3.662
3.65
3.638
3.626
3.6159999999999997
3.6079999999999997
3.6020000000000003
3.5999999999999996
3.598
3.596
3.5900000000000003
3.5840000000000005
3.5780000000000003
3.5700000000000003
3.562
3.5540000000000003
3.54
3.524
3.5060000000000002
3.486
3.466
3.444
3.424
3.4059999999999997
3.386
3.366
3.356
3.354
3.3519999999999994
3.35
3.348
3.344
3.34
3.334
3.328
3.32
3.314
3.308
3.3040000000000003
3.3000000000000003
3.3000000000000007
3.302
3.3020000000000005
3.3
3.298
3.2960000000000003
3.292
3.288
3.284
3.28
3.276
3.272
3.27
3.2679999999999993
3.266
3.264
3.2619999999999996
3.2600000000000002
3.2600000000000002
3.26
3.2560000000000002
3.252
3.248
3.2439999999999998
3.24
3.236
3.2279999999999998
3.2179999999999995
3.1979999999999995
3.172
3.142
3.1119999999999997
3.09
3.072
3.056
3.04
3.0260000000000002
3.0140000000000002
3.002
2.99
2.9760000000000004
2.96
2.9440000000000004
2.926
2.908
2.89
2.878
2.868
2.856
2.8460000000000005
2.8340000000000005
2.8240000000000003
2.812
2.798
2.784
2.7680000000000002
2.754
2.7399999999999998
2.7359999999999998
2.74
2.75
2.7620000000000005
2.774
2.786
2.798
2.806
2.808
2.8060000000000005
2.804
2.8020000000000005
2.8019999999999996
2.802
2.802
2.8040000000000003
2.806
2.8080000000000003
2.816
2.8240000000000003
2.83
2.8360000000000003
2.84
2.8440000000000003
2.848
2.8480000000000003
2.8520000000000003
2.856
2.862
2.866
2.866
2.866
2.862
2.856
2.85
2.844
2.838
2.832
2.8280000000000003
2.824
2.818
2.8120000000000003
2.806
2.8020000000000005
2.798
2.7940000000000005
2.784
2.7720000000000002
2.7560000000000002
2.738
2.722
2.706
2.69
2.6740000000000004
2.6559999999999997
2.6380000000000003
2.622
2.6079999999999997
2.594
2.58
2.566
2.554
2.538
2.522
2.506
2.4899999999999998
2.474
2.4560000000000004
2.438
2.4200000000000004
2.412
2.4080000000000004
2.408
2.4080000000000004
2.408
2.4080000000000004
2.408
2.4080000000000004
2.408
2.406
2.404
2.402
2.4
2.398
2.396
2.394
2.3899999999999997
2.386
2.3819999999999997
2.38
2.372
2.362
2.352
2.34
2.33
2.322
2.314
2.306
2.298
2.29
2.28
2.268
2.2560000000000002
2.242
2.226
2.212
2.198
2.184
2.174
2.164
2.154
2.146
2.136
2.126
2.116
2.106
2.0940000000000003
2.082
2.0700000000000003
2.06
2.0500000000000003
2.04
2.0300000000000002
2.02
2.0100000000000002
2.004
1.996
1.9900000000000002
1.982
1.9740000000000002
1.97
1.9660000000000002
1.966
1.968
1.97
1.972
1.976
1.98
1.982
1.986
1.99
1.996
2.002
2.0060000000000002
2.01
2.0140000000000002
2.024
2.036
2.052
2.068
2.0820000000000003
2.096
2.11
2.124
2.138
2.152
2.164
2.174
2.184
2.196
2.212
2.23
2.252
2.2760000000000002
2.286
2.292
2.294
2.296
2.298
2.3
2.302
2.304
2.304
2.304
2.306
2.308
2.31
2.312
2.3120000000000003
2.31
2.306
2.302
2.298
2.294
2.29
2.286
2.282
2.28
2.2760000000000002
2.27
2.27
2.2720000000000002
2.272
2.2720000000000002
2.272
2.27
2.268
2.266
2.262
2.2600000000000002
2.258
2.2560000000000002
2.256
2.2560000000000002
2.258
2.258
2.2560000000000002
2.256
2.254
2.254
2.254
2.252
2.25
2.2479999999999998
2.246
2.2439999999999998
2.244
2.2439999999999998
2.244
2.244
2.242
2.24
2.238
2.236
2.2359999999999998
2.2319999999999998
2.23
2.226
2.2239999999999998
2.222
2.2199999999999998
2.218
2.2159999999999997
2.214
2.2119999999999997
2.21
2.206
2.2020000000000004
2.2
2.196
2.192
2.186
2.182
2.178
2.174
2.17
2.166
2.1639999999999997
2.162
2.16
2.158
2.156
2.1540000000000004
2.152
2.1500000000000004
2.148
2.148
2.148
2.148
2.148
2.144
2.136
2.128
2.12
2.13
2.144
2.158
2.172
2.184
2.198
2.212
2.226
2.24
2.2560000000000002
2.27
2.2840000000000003
2.298
2.3120000000000003
2.3280000000000003
2.346
2.3600000000000003
2.37
2.38
2.39
2.402
2.414
2.426
2.436
2.446
2.456
2.466
2.476
2.4899999999999998
2.504
2.516
2.5300000000000002
2.5439999999999996
2.56
2.5759999999999996
2.592
2.6079999999999997
2.624
2.638
2.6519999999999997
2.658
2.662
2.6679999999999997
2.6719999999999997
2.678
2.6819999999999995
2.686
2.692
2.6979999999999995
2.7039999999999997
2.71
2.7159999999999997
2.7219999999999995
2.7279999999999998
2.7319999999999998
2.7339999999999995
2.7379999999999995
2.742
2.7459999999999996
2.7499999999999996
2.752
2.7539999999999996
2.7539999999999996
2.758
2.7640000000000002
2.77
2.776
2.782
2.7880000000000003
2.794
2.8
2.806
2.8120000000000003
2.818
2.822
2.8259999999999996
2.83
2.834
2.838
2.842
2.846
2.85
2.854
2.856
2.856
2.856
2.8579999999999997
2.862
2.866
2.87
2.874
2.878
2.88
2.8819999999999997
2.884
2.8840000000000003
2.884
2.8840000000000003
2.884
2.882
2.878
2.874
2.8739999999999997
2.874
2.876
2.8760000000000003
2.868
2.858
2.848
2.8360000000000003
2.824
2.8120000000000003
2.8
2.7880000000000003
2.7779999999999996
2.768
2.766
2.7680000000000002
2.77
2.7720000000000002
2.7720000000000002
2.774
2.776
2.7800000000000002
2.7840000000000003
2.788
2.79
2.792
2.7920000000000003
2.792
2.796
2.8
2.804
2.806
2.808
2.8080000000000003
2.808
2.8080000000000003
2.8080000000000003
2.8080000000000003
2.8080000000000003
2.8080000000000003
2.808
2.8080000000000003
2.808
2.8080000000000003
2.808
2.8059999999999996
2.804
2.802
2.8
2.7979999999999996
2.796
2.794
2.794
2.794
2.794
2.794
2.794
2.794
2.794
2.794
2.794
2.792
2.7880000000000003
2.784
2.7800000000000002
2.778
2.776
2.774
2.7640000000000002
2.7540000000000004
2.742
2.732
2.7220000000000004
2.7120000000000006
2.702
2.692
2.68
2.668
2.656
2.644
2.632
2.6200000000000006
2.61
2.6000000000000005
2.588
2.5740000000000003
2.562
2.5500000000000003
2.538
2.5260000000000002
2.514
2.5020000000000002
2.4920000000000004
2.482
2.472
2.462
2.4520000000000004
2.442
2.43
2.418
2.406
2.394
2.382
2.37
2.366
2.364
2.362
2.36
2.358
2.356
2.354
2.352
2.348
2.344
2.338
2.3360000000000003
2.334
2.3320000000000003
2.33
2.326
2.322
2.3160000000000003
2.3100000000000005
2.3040000000000003
2.3
2.2960000000000003
2.292
2.2880000000000003
2.282
2.276
2.2699999999999996
2.2640000000000002
2.258
2.252
2.246
2.2399999999999998
2.234
2.2279999999999998
2.23
2.234
2.238
2.242
2.246
2.25
2.254
2.258
2.262
2.266
2.2720000000000002
2.278
2.2800000000000002
2.2800000000000002
2.278
2.276
2.274
2.2720000000000002
2.272
2.2720000000000002
2.272
2.2720000000000002
2.272
2.2700000000000005
2.268
2.268
2.268
2.266
2.264
2.262
2.268
2.274
2.282
2.2880000000000003
2.294
2.3
2.306
2.3120000000000003
2.318
2.324
2.33
2.3360000000000003
2.342
2.348
2.354
2.3600000000000003
2.366
2.372
2.376
2.38
2.3819999999999997
2.3839999999999995
2.386
2.388
2.388
2.388
2.384
2.38
2.368
2.356
2.344
2.3339999999999996
2.324
2.314
2.304
2.294
2.284
2.274
2.264
2.254
2.2439999999999998
2.234
2.2219999999999995
2.21
2.198
2.186
2.174
2.158
2.142
2.126
2.11
2.094
2.078
2.062
2.046
2.03
2.014
1.9980000000000002
1.9820000000000002
1.9660000000000002
1.9500000000000002
1.9340000000000002
1.9180000000000001
1.9020000000000001
1.8860000000000001
1.87
1.854
1.838
1.822
1.806
1.79
1.774
1.758
1.742
1.726
1.7120000000000002
1.698
1.6840000000000002
1.6700000000000002
1.6560000000000001
1.6400000000000001
1.624
1.612
1.604
1.598
1.592
1.586
1.58
1.5719999999999998
1.564
1.5559999999999998
1.548
1.5399999999999998
1.532
1.5239999999999998
1.5139999999999998
1.504
1.494
1.484
1.474
1.464
1.454
1.444
1.434
1.424
1.414
1.404
1.394
1.384
1.374
1.3639999999999999
1.354
1.3439999999999999
1.334
1.3239999999999998
1.314
1.304
1.294
1.284
1.274
1.266
1.258
1.25
1.242
1.234
1.226
1.222
1.22
1.226
1.234
1.242
1.248
1.254
1.26
1.266
1.272
1.278
1.284
1.29
1.296
1.302
1.31
1.3199999999999998
1.33
1.3399999999999999
1.35
1.3599999999999999
1.37
1.38
1.3900000000000001
1.4
1.4100000000000001
1.42
1.4300000000000002
1.44
1.4500000000000002
1.46
1.4700000000000002
1.48
1.4900000000000002
1.5
1.5100000000000002
1.52
1.5300000000000002
1.54
1.5500000000000003
1.56
1.57
1.58
1.5899999999999999
1.6
1.6099999999999999
1.62
1.63
1.6400000000000001
1.6480000000000001
1.6560000000000001
1.6640000000000001
1.6720000000000002
1.682
1.6920000000000002
1.702
1.7120000000000002
1.72
1.7280000000000002
1.736
1.7440000000000002
1.752
1.7620000000000002
1.772
1.7820000000000003
1.792
1.802
1.812
1.822
1.832
1.842
1.852
1.862
1.874
1.8860000000000001
1.8980000000000001
1.9100000000000001
1.9220000000000002
1.9320000000000002
1.9420000000000002
1.9500000000000002
1.9580000000000002
1.9660000000000002
1.9740000000000002
1.9820000000000002
1.9900000000000002
1.9980000000000002
2.0060000000000002
2.0140000000000002
2.0220000000000002
2.0300000000000002
2.0380000000000003
2.0460000000000003
2.0540000000000003
2.0620000000000003
2.07
2.078
2.086
2.094
2.102
2.11
2.1159999999999997
2.122
2.1260000000000003
2.13
2.1340000000000003
2.138
2.1420000000000003
2.146
2.1500000000000004
2.154
2.16
2.166
2.1719999999999997
2.178
2.182
2.186
2.19
2.194
2.198
2.202
2.206
2.21
2.214
2.218
2.224
2.23
2.2359999999999998
2.234
2.232
2.23
2.228
2.226
2.224
2.222
2.22
2.218
2.216
2.214
2.212
2.21
2.208
2.206
2.204
2.202
2.2
2.198
2.196
2.194
2.192
2.19
2.1879999999999997
2.186
2.182
2.178
2.174
2.17
2.166
2.162
2.158
2.154
2.152
2.1479999999999997
2.144
2.14
2.136
2.132
2.128
2.124
2.12
2.1159999999999997
2.112
2.108
2.102
2.096
2.09
2.084
2.078
2.074
2.07
2.07
2.07
2.07
2.07
2.07
2.0700000000000003
2.07
2.0700000000000003
2.07
2.0700000000000003
2.07
2.0700000000000003
2.07
2.0700000000000003
2.07
2.0700000000000003
2.07
2.0700000000000003
2.072
2.074
2.068
2.06
2.052
2.044
2.036
2.028
2.02
2.012
2.004
1.996
1.988
1.978
1.968
1.958
1.948
1.938
1.928
1.9179999999999997
1.9079999999999997
1.8980000000000001
1.888
1.8780000000000001
1.8679999999999999
1.858
1.8479999999999999
1.836
1.824
1.812
1.808
1.804
1.8
1.796
1.792
1.788
1.784
1.78
1.7759999999999998
1.7719999999999998
1.7679999999999998
1.7639999999999998
1.7599999999999998
1.7559999999999998
1.7519999999999998
1.7479999999999998
1.7439999999999998
1.7399999999999998
1.7359999999999998
1.7319999999999998
1.7279999999999998
1.7239999999999998
1.72
1.716
1.712
1.708
1.704
1.7
1.696
1.692
1.688
1.684
1.68
1.674
1.668
1.662
1.656
1.65
1.644
1.638
1.632
1.626
1.6199999999999999
1.6139999999999999
1.6079999999999999
1.6019999999999999
1.5959999999999999
1.5899999999999999
1.584
1.5779999999999998
1.572
1.5659999999999998
1.5579999999999998
1.5499999999999998
1.5419999999999998
1.5339999999999998
1.5259999999999998
1.518
1.51
1.502
1.494
1.486
1.478
1.47
1.462
1.454
1.446
1.438
1.43
1.422
1.412
1.402
1.4
1.4
1.4
1.4
1.4
1.4
1.4
1.4
1.4
1.4
1.4
1.4
1.4
1.4
1.4
1.4
1.4
1.4
1.4
1.4
1.4
1.402
1.404
1.406
1.408
1.41
1.412
1.414
1.416
1.418
1.42
1.422
1.424
1.426
1.428
1.43
1.432
1.434
1.436
1.438
1.44
1.442
1.444
1.446
1.448
1.45
1.452
1.454
1.456
1.458
1.46
1.462
1.464
1.466
1.468
1.47
1.472
1.474
1.476
1.4779999999999998
1.48
1.4819999999999998
1.484
1.4859999999999998
1.488
1.4899999999999998
1.492
1.4939999999999998
1.496
1.4979999999999998
1.5
1.5019999999999998
1.504
1.5059999999999998
1.508
1.5099999999999998
1.512
1.5139999999999998
1.518
1.5219999999999998
1.526
1.5299999999999998
1.534
1.5379999999999998
1.542
1.5459999999999998
1.55
1.5539999999999998
1.558
1.5619999999999998
1.566
1.5699999999999998
1.574
1.5779999999999998
1.582
1.5859999999999999
1.586
1.5859999999999999
1.586
1.5859999999999999
1.586
1.5859999999999999
1.586
1.5859999999999999
1.586
1.5859999999999999
1.586
1.5859999999999999
1.586
1.5859999999999999
1.586
1.5859999999999999
1.586
1.5859999999999999
1.586
1.5859999999999999
1.586
1.5879999999999999
1.59
1.5919999999999999
1.594
1.594
1.594
1.594
1.594
1.594
1.594
1.594
1.594
1.594
1.594
1.594
1.594
1.594
1.594
1.594
1.594
1.594
1.594
1.594
1.594
1.594
1.596
1.598
1.6
1.602
1.604
1.606
1.608
1.61
1.612
1.614
1.616
1.618
1.62
1.622
1.624
1.6260000000000001
1.6280000000000001
1.6300000000000001
1.6320000000000001
1.6340000000000001
1.6360000000000001
1.6380000000000001
1.6420000000000001
1.6460000000000001
1.6500000000000001
1.6540000000000001
1.6580000000000001
1.6620000000000001
1.6660000000000001
1.67
1.674
1.678
1.682
1.686
1.69
1.694
1.6960000000000002
1.698
1.7000000000000002
1.7020000000000004
1.7040000000000002
1.7060000000000004
1.7080000000000002
1.7100000000000004
1.7120000000000002
1.7140000000000004
1.7160000000000002
1.7180000000000004
1.72
1.7220000000000002
1.724
1.7260000000000002
1.7280000000000002
1.7300000000000002
1.7360000000000002
1.7420000000000002
1.7499999999999998
1.7580000000000002
1.7619999999999998
1.764
1.7659999999999998
1.768
1.7699999999999998
1.772
1.7739999999999998
1.776
1.7779999999999998
1.78
1.7819999999999998
1.7839999999999998
1.7859999999999998
1.7879999999999998
1.7899999999999998
1.7919999999999998
1.7959999999999998
1.7979999999999998
1.7999999999999998
1.8019999999999998
1.8039999999999998
1.8059999999999998
1.8079999999999998
1.8099999999999998
1.8119999999999998
1.8139999999999998
1.8159999999999998
1.8179999999999996
1.8199999999999998
1.8219999999999996
1.8239999999999998
1.8259999999999996
1.8279999999999998
1.83
1.8319999999999999
1.834
1.8359999999999999
1.838
1.8399999999999999
1.842
1.8439999999999999
1.846
1.846
1.846
1.846
1.846
1.846
1.846
1.846
1.846
1.846
1.846
1.8459999999999999
1.8459999999999999
1.8459999999999999
1.8459999999999999
1.8459999999999999
1.8459999999999999
1.8459999999999999
1.8459999999999999
1.8459999999999999
1.8459999999999999
1.8459999999999999
1.8459999999999999
1.8439999999999999
1.8419999999999999
1.8399999999999999
1.8379999999999999
1.8359999999999999
1.8339999999999999
1.8319999999999999
1.8299999999999998
1.8279999999999998
1.826
1.824
1.822
1.82
1.818
1.816
1.814
1.812
1.81
1.808
1.806
1.804
1.802
1.8
1.798
1.796
1.794
1.792
1.79
1.788
1.786
1.784
1.782
1.78
1.778
1.774
1.77
1.77
1.772
1.774
1.776
1.778
1.78
1.782
1.784
1.786
1.788
1.79
1.792
1.794
1.796
1.798
1.8
1.8
1.8
1.8
1.8
1.8
1.8
1.8
1.8
1.8
1.8
1.8
1.8
1.8
1.8
1.8
1.8
1.8
1.8
1.8
1.8
1.8
1.8
1.8
1.8
1.8
1.8
1.8
1.8
1.8
1.8
1.8
1.8
1.8
1.8
1.8
1.8
1.8
1.8
1.8
1.8
1.8
1.8
1.8
1.8
1.8
1.8
1.8
1.8
1.8
1.8
1.8
1.8
1.8
1.8
1.8
1.8
1.8
1.8
1.8
1.8
1.8
1.8
1.8
1.8
1.8
1.802
1.804
1.806
1.808
1.81
1.812
1.814
1.816
1.818
1.82
1.822
1.824
1.826
1.828
1.83
1.832
1.834
1.836
1.838
1.84
1.842
1.844
1.846
1.848
1.85
1.852
1.854
1.856
1.858
1.86
1.862
1.864
1.866
1.868
1.87
1.872
1.874
1.8760000000000001
1.8780000000000001
1.8800000000000001
1.8820000000000001
1.8840000000000001
1.8860000000000001
1.8880000000000001
1.8900000000000001
1.8920000000000001
1.8940000000000001
1.8960000000000001
1.8980000000000001
1.9000000000000001
1.9020000000000001
1.9040000000000001
1.9060000000000001
1.9080000000000001
1.9100000000000001
1.9120000000000001
1.9140000000000001
1.9160000000000001
1.9180000000000001
1.9200000000000002
1.9220000000000002
1.9240000000000002
1.926
1.9280000000000002
1.93
1.9320000000000002
1.934
1.9360000000000002
1.938
1.9400000000000002
1.942
1.9440000000000002
1.948
1.952
1.956
1.9600000000000002
1.964
1.968
1.972
1.9760000000000002
1.98
1.984
1.988
1.9920000000000002
1.996
2.0
2.004
2.008
2.012
2.016
2.02
2.024
2.028
2.032
2.036
2.04
2.044
2.048
2.0519999999999996
2.056
2.0580000000000003
2.06
2.0620000000000003
2.064
2.0660000000000003
2.068
2.0700000000000003
2.072
2.0740000000000003
2.076
2.0780000000000003
2.08
2.0820000000000003
2.084
2.0860000000000003
2.088
2.0900000000000003
2.092
2.0940000000000003
2.096
2.0980000000000003
2.1
2.1020000000000003
2.104
2.1060000000000003
2.108
2.1100000000000003
2.112
2.1140000000000003
2.116
2.1180000000000003
2.12
2.1220000000000003
2.124
2.1260000000000003
2.128
2.1300000000000003
2.132
2.1340000000000003
2.136
2.1380000000000003
2.14
2.1420000000000003
2.144
2.1460000000000004
2.148
2.1500000000000004
2.152
2.154
2.156
2.1580000000000004
2.16
2.162
2.164
2.1660000000000004
2.168
2.17
2.172
2.1740000000000004
2.176
2.178
2.18
2.1820000000000004
2.184
2.186
2.188
2.1900000000000004
2.192
2.194
2.196
2.1980000000000004
2.2
2.2
2.2
2.2
2.2
2.2
2.2
2.2
2.2
2.2
2.2
2.2
2.2
2.2
2.2
2.2
2.2
2.2
2.2
2.2
2.2
2.2
2.2
2.2
2.2
2.2
2.2
2.2
2.2
2.2
2.2
2.2
2.2
2.2
2.2
2.2
2.2
2.2
2.2
2.2
2.2
2.2
2.2
2.2
2.2
2.2
2.2
2.2
2.2
2.2
2.2
2.2
2.2
2.2
2.2
2.2
2.2
2.2
2.2
2.2
2.2
2.2
2.2
2.2
2.2
2.2
2.2
2.2
2.2
2.2
2.2
2.202
2.204
2.206
2.208
2.21
2.212
2.214
2.216
2.218
2.22
2.222
2.224
2.226
2.2279999999999998
2.23
2.232
2.234
2.2359999999999998
2.238
2.24
2.242
2.2439999999999998
2.246
2.248
2.25
2.252
2.254
2.2560000000000002
2.258
2.26
2.262
2.2640000000000002
2.266
2.268
2.27
2.2720000000000002
2.274
2.276
2.278
2.28
2.282
2.284
2.286
2.288
2.29
2.292
2.294
2.296
2.298
2.3
2.302
2.304
2.306
2.308
2.31
2.312
2.314
2.316
2.318
2.32
2.322
2.324
2.326
2.328
2.33
2.332
2.334
2.336
2.338
2.34
2.342
2.344
2.346
2.348
2.35
2.352
2.354
2.356
2.358
2.36
2.362
2.364
2.366
2.368
2.37
2.372
2.374
2.376
2.378
2.38
2.382
2.384
2.386
2.388
2.39
2.392
2.394
2.396
2.398
2.4
2.4
2.4
2.4
2.4
2.4
2.4
2.4
2.4
2.4
2.4
2.4
2.4
2.4
2.4
2.4
2.4
2.4
2.4
2.4
2.4
2.4
2.4
2.4
2.4
2.4
2.4
2.4
2.4
2.4
2.4
2.4
2.4
2.4
2.4
2.4
2.4
2.4
2.4
2.4
2.4
2.4
2.4
2.4
2.4
2.4
2.4
2.4
2.4
2.4
2.4
2.4
2.4
2.4
2.4
2.4
2.4
2.4
2.4
2.4
2.4
2.4
2.4
2.4
2.4
2.4
2.4
2.4
2.4
2.4
2.4
2.4
2.4
2.4
2.4
2.4
2.4
2.4
2.4
2.4
2.4
2.4
2.4
2.4
2.4
2.4
2.4
2.4
2.4
2.4
2.4
2.4
2.4
2.4
2.4
2.4
2.4
2.4
2.4
2.4
2.4
2.4
2.4
2.4
2.4
2.4
2.4
2.4
2.4
