0.012
0.014
0.016
0.018000000000000002
0.02
0.02
0.02
0.02
0.02
0.02
0.02
0.02
0.02
0.02
0.02
0.02
0.02
0.02
0.02
0.02
0.02
0.022
0.024
0.028000000000000004
0.032
0.036000000000000004
0.04
0.044000000000000004
0.04800000000000001
0.052000000000000005
0.057999999999999996
0.064
0.07
0.072
0.074
0.076
0.08199999999999999
0.088
0.094
0.10200000000000001
0.11
0.11800000000000001
0.126
0.13
0.134
0.138
0.14200000000000002
0.14600000000000002
0.154
0.162
0.16999999999999998
0.178
0.186
0.194
0.202
0.21000000000000002
0.22
0.226
0.234
0.23800000000000002
0.244
0.252
0.26
0.264
0.27
0.278
0.28600000000000003
0.29200000000000004
0.29800000000000004
0.30400000000000005
0.31000000000000005
0.31400000000000006
0.318
0.322
0.326
0.33
0.334
0.33599999999999997
0.33799999999999997
0.34199999999999997
0.348
0.354
0.36
0.366
0.372
0.378
0.384
0.386
0.388
0.392
0.396
0.4
0.404
0.41000000000000003
0.41800000000000004
0.42400000000000004
0.43200000000000005
0.44200000000000006
0.45200000000000007
0.45999999999999996
0.46599999999999997
0.474
0.482
0.492
0.504
0.518
0.532
0.546
0.562
0.5760000000000001
0.5920000000000001
0.608
0.6259999999999999
0.6419999999999999
0.6559999999999999
0.6699999999999999
0.6839999999999999
0.698
0.712
0.726
0.74
0.752
0.766
0.778
0.792
0.8079999999999999
0.824
0.84
0.856
0.868
0.878
0.888
0.8999999999999999
0.9199999999999999
0.942
0.964
0.982
0.998
1.014
1.028
1.0419999999999998
1.056
1.0699999999999998
1.084
1.0979999999999999
1.112
1.126
1.1400000000000001
1.15
1.16
1.17
1.18
1.19
1.2
1.21
1.22
1.23
1.236
1.24
1.248
1.2560000000000002
1.26
1.2640000000000002
1.272
1.2840000000000003
1.296
1.308
1.316
1.326
1.336
1.348
1.358
1.3719999999999999
1.392
1.412
1.424
1.436
1.4520000000000002
1.468
1.484
1.498
1.504
1.51
1.5180000000000002
1.524
1.524
1.526
1.532
1.538
1.54
1.5439999999999998
1.548
1.552
1.5539999999999998
1.5540000000000003
1.552
1.5499999999999998
1.5459999999999998
1.5419999999999998
1.5399999999999996
1.54
1.54
1.5419999999999998
1.5419999999999998
1.544
1.548
1.552
1.56
1.568
1.5779999999999998
1.5859999999999999
1.596
1.604
1.6139999999999999
1.626
1.6360000000000001
1.6460000000000001
1.6540000000000001
1.66
1.6700000000000002
1.6820000000000002
1.696
1.708
1.7219999999999998
1.7359999999999998
1.7479999999999998
1.7599999999999998
1.7719999999999998
1.7839999999999998
1.8019999999999998
1.8199999999999998
1.8299999999999998
1.8359999999999999
1.8339999999999999
1.8319999999999999
1.8319999999999999
1.8319999999999999
1.8319999999999999
1.8319999999999999
1.8319999999999999
1.8339999999999999
1.8379999999999999
1.8439999999999996
1.8539999999999996
1.8679999999999999
1.8719999999999999
1.8719999999999999
1.87
1.87
1.8699999999999999
1.8699999999999999
1.87
1.87
1.8679999999999999
1.8639999999999999
1.862
1.8599999999999999
1.8659999999999999
1.8739999999999999
1.8820000000000001
1.888
1.896
1.9060000000000001
1.9180000000000001
1.9260000000000002
1.9280000000000002
1.9340000000000002
1.9440000000000002
1.956
1.97
1.984
2.004
2.02
2.032
2.044
2.056
2.068
2.078
2.088
2.096
2.1060000000000003
2.122
2.138
2.1519999999999997
2.17
2.1959999999999997
2.228
2.258
2.2900000000000005
2.3200000000000003
2.3480000000000003
2.378
2.4080000000000004
2.436
2.4640000000000004
2.4939999999999998
2.524
2.554
2.588
2.62
2.6499999999999995
2.6759999999999997
2.6999999999999997
2.722
2.7399999999999998
2.756
2.776
2.786
2.7919999999999994
2.798
2.804
2.808
2.8139999999999996
2.8180000000000005
2.824
2.8340000000000005
2.844
2.856
2.8760000000000003
2.8880000000000003
2.8939999999999997
2.894
2.8960000000000004
2.898
2.9019999999999997
2.91
2.9219999999999997
2.9360000000000004
2.9539999999999997
2.9680000000000004
2.98
2.9959999999999996
3.014
3.0300000000000002
3.044
3.048
3.05
3.05
3.052
3.058
3.064
3.0740000000000007
3.0860000000000003
3.09
3.086
3.088
3.096
3.1079999999999997
3.12
3.13
3.14
3.148
3.1559999999999997
3.1679999999999997
3.182
3.194
3.208
3.214
3.216
3.216
3.216
3.218
3.2199999999999998
3.22
3.224
3.2319999999999998
3.242
3.254
3.266
3.2780000000000005
3.2940000000000005
3.3040000000000003
3.3119999999999994
3.3180000000000005
3.324
3.3359999999999994
3.3520000000000003
3.356
3.356
3.356
3.354
3.356
3.3599999999999994
3.364
3.3659999999999997
3.368
3.364
3.354
3.342
3.3360000000000003
3.332
3.32
3.3079999999999994
3.3
3.2959999999999994
3.2939999999999996
3.298
3.3040000000000003
3.308
3.3080000000000003
3.306
3.3000000000000007
3.2979999999999996
3.3
3.306
3.3060000000000005
3.3
3.3
3.306
3.314
3.324
3.3339999999999996
3.3459999999999996
3.3579999999999997
3.3680000000000003
3.372
3.378
3.388
3.396
3.4079999999999995
3.4240000000000004
3.446
3.4699999999999998
3.492
3.514
3.534
3.554
3.558
3.5500000000000003
3.5360000000000005
3.5220000000000007
3.512
3.5040000000000004
3.502
3.498
3.508
3.5219999999999994
3.542
3.564
3.586
3.6079999999999997
3.6179999999999994
3.6260000000000003
3.6480000000000006
3.672
3.7039999999999997
3.734
3.758
3.78
3.808
3.838
3.872
3.9059999999999997
3.9320000000000004
3.962
3.9899999999999993
4.0120000000000005
4.042
4.072
4.108
4.144
4.172
4.196
4.218
4.234
4.246
4.254
4.263999999999999
4.272
4.274
4.268
4.255999999999999
4.244
4.234
4.2299999999999995
4.226000000000001
4.22
4.2299999999999995
4.248
4.264
4.284
4.302
4.318
4.3260000000000005
4.327999999999999
4.3260000000000005
4.327999999999999
4.34
4.352
4.3580000000000005
4.364
4.382
4.406000000000001
4.428
4.45
4.466
4.476
4.488
4.496
4.506
4.518
4.542
4.562
4.582
4.6
4.626
4.66
4.696
4.736
4.774
4.808
4.84
4.868
4.892
4.92
4.952000000000001
4.982
5.0120000000000005
5.04
5.074
5.112
5.143999999999999
5.172000000000001
5.196
5.22
5.234
5.244
5.256
5.27
5.289999999999999
5.312
5.336
5.362
5.389999999999999
5.426
5.444
5.46
5.474
5.492
5.506
5.5200000000000005
5.542
5.561999999999999
5.582
5.606
5.626
5.648
5.678000000000001
5.708
5.726000000000001
5.736
5.73
5.726
5.73
5.731999999999999
5.732
5.731999999999999
5.734000000000001
5.736
5.7379999999999995
5.742
5.752000000000001
5.766
5.776
5.788
5.806000000000001
5.821999999999999
5.843999999999999
5.867999999999999
5.89
5.914
5.95
5.992000000000001
6.038
6.082
6.13
6.178000000000001
6.224
6.263999999999999
6.289999999999999
6.307999999999999
6.324
6.342
6.37
6.4
6.43
6.4559999999999995
6.482
6.514
6.554
6.598
6.628
6.646000000000001
6.65
6.6419999999999995
6.642
6.645999999999999
6.636
6.622
6.611999999999999
6.606
6.598
6.593999999999999
6.593999999999999
6.5920000000000005
6.5840000000000005
6.566
6.548
6.524000000000001
6.504
6.49
6.478
6.4719999999999995
6.474
6.476
6.486000000000001
6.5
6.518
6.537999999999999
6.548
6.552
6.542000000000001
6.526
6.513999999999999
6.508
6.5120000000000005
6.521999999999999
6.545999999999999
6.58
6.617999999999999
6.66
6.704000000000001
6.748
6.774
6.786
6.796
6.808000000000001
6.818
6.826
6.824
6.818
6.814
6.8100000000000005
6.806000000000001
6.8
6.798
6.8
6.786
6.766
6.746
6.732
6.734
6.7379999999999995
6.748
6.766
6.792000000000001
6.821999999999999
6.854
6.8919999999999995
6.92
6.9399999999999995
6.952
6.964
6.9799999999999995
6.9959999999999996
7.014000000000001
7.032
7.042
7.05
7.066000000000001
7.086
7.106
7.126
7.136000000000001
7.140000000000001
7.132
7.126000000000001
7.1
7.071999999999999
7.0600000000000005
7.056
7.058
7.058
7.058
7.062000000000001
7.069999999999999
7.082
7.087999999999999
7.0920000000000005
7.0840000000000005
7.074
7.061999999999999
7.052
7.056
7.07
7.08
7.086
7.106000000000001
7.138
7.17
7.199999999999999
7.226000000000001
7.25
7.263999999999999
7.28
7.299999999999999
7.324
7.3420000000000005
7.362
7.382
7.403999999999999
7.428000000000001
7.456
7.484
7.508000000000001
7.518000000000001
7.524000000000001
7.506
7.48
7.444000000000001
7.408000000000001
7.39
7.3839999999999995
7.378
7.366
7.356
7.3420000000000005
7.33
7.32
7.296000000000001
7.27
7.24
7.206
7.182
7.16
7.148
7.132000000000001
7.117999999999999
7.1
7.093999999999999
7.093999999999999
7.09
7.09
7.082
7.082
7.066
7.04
7.026
7.016
7.016000000000001
7.024000000000001
7.03
7.04
7.0440000000000005
7.04
7.034000000000001
7.029999999999999
7.024000000000001
7.012
6.9959999999999996
6.9799999999999995
6.962000000000001
6.937999999999999
6.9159999999999995
6.896
6.874
6.856
6.848000000000001
6.838000000000001
6.828
6.818
6.806
6.796
6.7700000000000005
6.742
6.709999999999999
6.675999999999999
6.662
6.652
6.65
6.645999999999999
6.639999999999999
6.64
6.638000000000001
6.635999999999999
6.632
6.622
6.6
6.566
6.542
6.518000000000001
6.506
6.499999999999999
6.496
6.492000000000001
6.496
6.502
6.51
6.516
6.522
6.528
6.526
6.52
6.516
6.510000000000001
6.514
6.522
6.548
6.5760000000000005
6.6000000000000005
6.620000000000001
6.646
6.670000000000001
6.6979999999999995
6.7299999999999995
6.748
6.752
6.757999999999999
6.764
6.782
6.807999999999999
6.836
6.860000000000001
6.88
6.901999999999999
6.922
6.942000000000001
6.9639999999999995
6.986
7.002
7.012
7.016
7.022
7.034
7.053999999999999
7.082000000000001
7.117999999999999
7.145999999999999
7.167999999999999
7.186000000000001
7.200000000000001
7.214
7.228
7.228
7.208
7.192
7.18
7.176
7.176
7.174
7.17
7.16
7.145999999999999
7.132
7.12
7.105999999999999
7.096000000000001
7.07
7.049999999999999
7.042
7.038000000000001
7.048
7.066000000000001
7.086
7.109999999999999
7.122
7.128
7.126
7.132
7.135999999999999
7.144
7.144
7.136
7.1419999999999995
7.154
7.18
7.210000000000001
7.239999999999998
7.274000000000001
7.305999999999999
7.336
7.3580000000000005
7.367999999999999
7.382000000000001
7.4
7.406
7.411999999999999
7.427999999999999
7.454000000000001
7.472
7.49
7.506
7.5200000000000005
7.5360000000000005
7.552
7.564
7.58
7.594
7.613999999999999
7.622
7.627999999999999
7.64
7.650000000000001
7.6579999999999995
7.658
7.646
7.6339999999999995
7.614
7.587999999999999
7.561999999999999
7.534000000000001
7.5
7.460000000000001
7.41
7.356
7.324
7.314
7.315999999999999
7.321999999999999
7.331999999999999
7.3420000000000005
7.353999999999999
7.366
7.3740000000000006
7.37
7.356000000000001
7.3420000000000005
7.305999999999999
7.258
7.226000000000001
7.202
7.179999999999999
7.156000000000001
7.136000000000001
7.116
7.094
7.068
7.050000000000001
7.033999999999999
7.026000000000001
7.022
7.010000000000001
6.991999999999999
6.989999999999999
7.002
7.0120000000000005
7.024
7.026000000000001
7.026000000000001
7.0280000000000005
7.0280000000000005
7.0360000000000005
7.042
7.042
7.038
7.024
7.002
7.002000000000001
7.0
6.993999999999999
6.992
6.988
6.982
6.982
6.978
6.978
6.976
6.959999999999999
6.936
6.8999999999999995
6.853999999999999
6.816
6.786
6.76
6.735999999999999
6.714
6.69
6.6659999999999995
6.640000000000001
6.61
6.588
6.57
6.564
6.544
6.5200000000000005
6.513999999999999
6.51
6.508000000000001
6.504
6.5
6.498000000000001
6.496
6.497999999999999
6.496
6.4959999999999996
6.486000000000001
6.462
6.432
6.392
6.37
6.347999999999999
6.322
6.295999999999999
6.274
6.266
6.2620000000000005
6.2540000000000004
6.239999999999999
6.23
6.212
6.193999999999999
6.172000000000001
6.147999999999999
6.128
6.112
6.086
6.053999999999999
6.02
5.99
5.962
5.93
5.894
5.856
5.824
5.804
5.788
5.766
5.758
5.757999999999999
5.76
5.755999999999999
5.758000000000001
5.761999999999999
5.766
5.768000000000001
5.774
5.782
5.786
5.794
5.787999999999999
5.7780000000000005
5.7780000000000005
5.778
5.773999999999999
5.7700000000000005
5.774
5.7780000000000005
5.783999999999999
5.792
5.804
5.818
5.838
5.858
5.867999999999999
5.868
5.876
5.885999999999999
5.882
5.8740000000000006
5.868
5.8580000000000005
5.852
5.85
5.842
5.834
5.834
5.843999999999999
5.866
5.89
5.928
5.968
6.005999999999999
6.040000000000001
6.07
6.096
6.1240000000000006
6.154
6.176
6.19
6.203999999999999
6.209999999999999
6.2059999999999995
6.192
6.194
6.204000000000001
6.198
6.188000000000001
6.18
6.176
6.186
6.1979999999999995
6.204000000000001
6.210000000000001
6.2120000000000015
6.2139999999999995
6.22
6.231999999999999
6.247999999999999
6.263999999999999
6.2700000000000005
6.276000000000001
6.282000000000001
6.292
6.304
6.314
6.324
6.338
6.3500000000000005
6.359999999999999
6.3759999999999994
6.4
6.424
6.452
6.476000000000001
6.498
6.518
6.5280000000000005
6.542
6.552
6.562
6.574000000000001
6.5760000000000005
6.5760000000000005
6.576
6.57
6.574000000000001
6.588
6.596000000000001
6.602
6.604000000000001
6.604000000000001
6.598
6.596
6.596
6.6099999999999985
6.616
6.611999999999999
6.6000000000000005
6.581999999999999
6.574
6.5680000000000005
6.558
6.554000000000001
6.546
6.536
6.532
6.5280000000000005
6.532000000000001
6.537999999999999
6.534
6.528
6.516000000000001
6.502
6.51
6.53
6.55
6.58
6.6080000000000005
6.628
6.6499999999999995
6.6739999999999995
6.696
6.712
6.724
6.7299999999999995
6.736
6.736000000000001
6.731999999999999
6.73
6.7219999999999995
6.715999999999999
6.712
6.71
6.718000000000001
6.728000000000001
6.728000000000001
6.728000000000001
6.724000000000001
6.72
6.7200000000000015
6.72
6.7379999999999995
6.76
6.77
6.772
6.782
6.798
6.816
6.832000000000001
6.854
6.87
6.886
6.892
6.9
6.912
6.9239999999999995
6.941999999999999
6.9639999999999995
6.986
7.004
7.014000000000001
7.034
7.054
7.068
7.0760000000000005
7.085999999999999
7.098
7.112
7.122
7.1259999999999994
7.118
7.122
7.122
7.122
7.1259999999999994
7.14
7.17
7.192
7.210000000000001
7.212000000000001
7.210000000000001
7.212
7.216000000000001
7.220000000000001
7.223999999999999
7.226000000000002
7.226000000000001
7.224000000000001
7.222
7.232
7.25
7.2700000000000005
7.2860000000000005
7.2860000000000005
7.264
7.239999999999999
7.222
7.214
7.208
7.2059999999999995
7.21
7.217999999999999
7.224
7.24
7.268000000000001
7.292
7.314
7.3260000000000005
7.335999999999999
7.346
7.35
7.346
7.341999999999999
7.332
7.322
7.318
7.305999999999999
7.306
7.318000000000001
7.328000000000001
7.346
7.362
7.3740000000000006
7.394
7.417999999999999
7.432
7.449999999999999
7.474
7.498
7.521999999999999
7.542
7.562
7.579999999999999
7.586
7.59
7.592
7.5840000000000005
7.5760000000000005
7.57
7.5600000000000005
7.554
7.542
7.529999999999999
7.529999999999999
7.528
7.534000000000001
7.536
7.5280000000000005
7.518
7.494
7.467999999999999
7.454000000000001
7.448
7.438000000000001
7.416
7.4
7.382000000000001
7.36
7.3420000000000005
7.335999999999999
7.34
7.3420000000000005
7.3420000000000005
7.35
7.361999999999999
7.37
7.372
7.36
7.343999999999999
7.3260000000000005
7.3100000000000005
7.274000000000001
7.238
7.208
7.172
7.134
7.088
7.050000000000001
7.026000000000001
7.014000000000001
7.004
6.998
6.994
6.9879999999999995
6.9879999999999995
6.986
6.982
6.996
7.018
7.028
7.033999999999999
7.0440000000000005
7.054
7.077999999999999
7.112
7.148
7.186
7.228
7.273999999999999
7.311999999999999
7.348
7.382
7.422
7.454000000000001
7.478
7.504000000000001
7.534000000000001
7.566
7.595999999999999
7.6240000000000006
7.65
7.668
7.686
7.700000000000001
7.708
7.714
7.7219999999999995
7.726000000000001
7.732000000000001
7.744
7.754
7.7620000000000005
7.782
7.782000000000002
7.78
7.774
7.762
7.736000000000001
7.704
7.68
7.658
7.632
7.606
7.588
7.5760000000000005
7.5760000000000005
7.584
7.587999999999999
7.589999999999998
7.5920000000000005
7.598
7.6
7.604000000000001
7.6019999999999985
7.604000000000001
7.596
7.585999999999999
7.586
7.590000000000001
7.593999999999999
7.606
7.604
7.598000000000001
7.601999999999999
7.613999999999999
7.626
7.6419999999999995
7.66
7.674
7.678
7.676
7.67
7.666
7.656000000000001
7.638
7.609999999999999
7.574000000000001
7.552
7.538
7.532
7.5280000000000005
7.536
7.556
7.568
7.58
7.602
7.628
7.648000000000001
7.654
7.654
7.654000000000001
7.656000000000001
7.659999999999999
7.667999999999999
7.67
7.678000000000001
7.688
7.6899999999999995
7.684
7.686
7.6899999999999995
7.694
7.698
7.682
7.656000000000001
7.632
7.610000000000001
7.584
7.555999999999999
7.532
7.504
7.469999999999999
7.4319999999999995
7.402
7.368
7.33
7.292
7.24
7.184
7.138
7.098
7.076
7.054
7.034
7.018
6.994
6.964
6.938000000000001
6.9079999999999995
6.863999999999999
6.811999999999999
6.746
6.67
6.609999999999999
6.554
6.513999999999999
6.482
6.470000000000001
6.46
6.444
6.4319999999999995
6.426
6.422000000000001
6.416
6.41
6.382000000000001
6.34
6.31
6.288
6.268
6.24
6.215999999999999
6.192
6.168000000000001
6.140000000000001
6.118
6.108
6.097999999999999
6.082
6.054
6.016
5.986000000000001
5.96
5.932
5.902
5.869999999999999
5.832
5.786
5.7379999999999995
5.694000000000001
5.652
5.616
5.584
5.546
5.5120000000000005
5.4879999999999995
5.481999999999999
5.478
5.473999999999999
5.4719999999999995
5.474
5.470000000000001
5.452000000000001
5.428
5.402
5.364
5.324
5.281999999999999
5.2459999999999996
5.2219999999999995
5.199999999999999
5.184000000000001
5.168
5.16
5.154
5.144
5.134
5.116
5.093999999999999
5.058
5.018
4.968
4.9159999999999995
4.883999999999999
4.859999999999999
4.84
4.822
4.81
4.798
4.7780000000000005
4.758
4.741999999999999
4.728000000000001
4.714
4.698
4.676
4.652
4.6419999999999995
4.636
4.628
4.624
4.618
4.614
4.602
4.588
4.582
4.574
4.558
4.550000000000001
4.552
4.558
4.58
4.6080000000000005
4.64
4.67
4.699999999999999
4.726
4.744
4.766
4.782
4.796
4.806
4.811999999999999
4.802
4.781999999999999
4.778
4.787999999999999
4.8020000000000005
4.816
4.827999999999999
4.84
4.853999999999999
4.866
4.868
4.867999999999999
4.868
4.859999999999999
4.838
4.812
4.8
4.796
4.7940000000000005
4.7940000000000005
4.798
4.804
4.82
4.838
4.86
4.886
4.906000000000001
4.922
4.934
4.944
4.965999999999999
4.99
5.008
5.0120000000000005
5.014
5.014
5.018
5.024000000000001
5.032
5.042000000000001
5.056000000000001
5.072
5.088
5.104
5.132000000000001
5.162000000000001
5.184
5.199999999999999
5.212000000000001
5.223999999999999
5.236
5.248
5.236
5.208
5.18
5.153999999999999
5.136
5.12
5.1160000000000005
5.114
5.110000000000001
5.106000000000001
5.1000000000000005
5.088
5.078
5.07
5.066
5.06
5.0520000000000005
5.038
5.018
5.0040000000000004
5.002
5.006
5.0040000000000004
5.002000000000001
5.0
4.997999999999999
5.0
5.002000000000001
5.009999999999999
5.023999999999999
5.0280000000000005
5.034000000000001
5.045999999999999
5.052
5.056
5.058000000000001
5.055999999999999
5.0520000000000005
5.036
5.018000000000001
4.997999999999999
4.978
4.954000000000001
4.9239999999999995
4.902
4.878
4.854
4.834
4.837999999999999
4.847999999999999
4.854
4.85
4.846
4.844
4.8420000000000005
4.84
4.83
4.82
4.818
4.8180000000000005
4.8100000000000005
4.800000000000001
4.806
4.822000000000001
4.83
4.834
4.838000000000001
4.8420000000000005
4.84
4.834
4.816
4.795999999999999
4.77
4.742
4.718
4.698
4.678
4.662
4.646
4.634
4.628
4.6259999999999994
4.626
4.63
4.628
4.62
4.601999999999999
4.586
4.5760000000000005
4.562
4.554
4.548
4.5440000000000005
4.536
4.532
4.532
4.538
4.542
4.538
4.538
4.55
4.57
4.593999999999999
4.618
4.646000000000001
4.676
4.704
4.734
4.7620000000000005
4.792
4.822
4.856
4.884
4.91
4.932
4.958
4.978
4.992000000000001
5.008000000000001
5.018000000000001
5.026
5.0280000000000005
5.04
5.052
5.058
5.055999999999999
5.044
5.034
5.024
5.0120000000000005
5.002000000000001
4.994
4.984
4.974
4.968
4.962
4.958
4.962
4.968
4.974
4.966
4.956
4.9479999999999995
4.941999999999999
4.926
4.904
4.884
4.866
4.843999999999999
4.82
4.8020000000000005
4.792
4.774
4.75
4.72
4.6899999999999995
4.664
4.642
4.618
4.596
4.584
4.572
4.562
4.548
4.55
4.552
4.548
4.539999999999999
4.518000000000001
4.492000000000001
4.473999999999999
4.454000000000001
4.438
4.4239999999999995
4.414
4.4079999999999995
4.41
4.406
4.3999999999999995
4.39
4.3759999999999994
4.366
4.35
4.3340000000000005
4.324
4.316
4.3260000000000005
4.334
4.344
4.36
4.376
4.390000000000001
4.402
4.418
4.432
4.444
4.438
4.43
4.42
4.402
4.39
4.38
4.374
4.369999999999999
4.364000000000001
4.3580000000000005
4.353999999999999
4.35
4.342
4.338
4.327999999999999
4.316000000000001
4.308
4.3020000000000005
4.29
4.268
4.258
4.2540000000000004
4.2540000000000004
4.26
4.268000000000001
4.278
4.286
4.292
4.288
4.284
4.284000000000001
4.282
4.2780000000000005
4.274000000000001
4.276
4.276
4.276000000000001
4.276
4.274
4.276
4.276
4.268
4.258
4.247999999999999
4.248
4.248
4.246
4.2459999999999996
4.256
4.272
4.29
4.306
4.324
4.346
4.364000000000001
4.3759999999999994
4.382
4.386
4.390000000000001
4.3919999999999995
4.396
4.401999999999999
4.414
4.426
4.436
4.448
4.458
4.4719999999999995
4.476
4.48
4.474
4.470000000000001
4.474
4.484
4.49
4.494
4.504
4.514
4.526
4.5360000000000005
4.538
4.54
4.538
4.538
4.54
4.54
4.542
4.54
4.529999999999999
4.518
4.504
4.49
4.478
4.464
4.448
4.430000000000001
4.402
4.372
4.342
4.3180000000000005
4.296
4.272
4.248
4.226
4.2139999999999995
4.21
4.212
4.218
4.226
4.232
4.23
4.22
4.206
4.186
4.166
4.148000000000001
4.124
4.098
4.0840000000000005
4.078
4.074
4.074
4.072
4.066
4.052
4.038
4.010000000000001
3.982
3.9639999999999995
3.948
3.932
3.9160000000000004
3.908
3.898
3.8920000000000003
3.89
3.8880000000000003
3.888
3.8840000000000003
3.88
3.8660000000000005
3.846
3.8340000000000005
3.824
3.824
3.828
3.8400000000000003
3.8520000000000003
3.866
3.882
3.8960000000000004
3.91
3.908
3.898
3.8840000000000003
3.876
3.88
3.8899999999999997
3.9059999999999997
3.926
3.9459999999999997
3.9619999999999997
3.9799999999999995
3.9979999999999998
4.01
4.014
4.004
3.9879999999999995
3.9639999999999995
3.934
3.9179999999999993
3.8999999999999995
3.8920000000000003
3.8819999999999997
3.87
3.862
3.854
3.8440000000000003
3.832
3.822
3.8120000000000003
3.806
3.7920000000000007
3.7760000000000007
3.7640000000000002
3.75
3.7379999999999995
3.7300000000000004
3.726
3.726
3.724
3.7280000000000006
3.73
3.7339999999999995
3.732
3.73
3.726
3.7159999999999997
3.7060000000000004
3.694
3.694
3.6979999999999995
3.6959999999999997
3.7
3.698
3.6899999999999995
3.6759999999999997
3.66
3.6420000000000003
3.6239999999999997
3.6020000000000003
3.5839999999999996
3.5780000000000003
3.576
3.5780000000000003
3.578
3.582
3.5900000000000003
3.6000000000000005
3.61
3.618
3.622
3.624
3.63
3.628
3.6180000000000003
3.616
3.6139999999999994
3.6159999999999997
3.622
3.628
3.6319999999999997
3.634
3.638
3.6399999999999997
3.64
3.636
3.632
3.6180000000000003
3.5980000000000003
3.592
3.5900000000000003
3.5859999999999994
3.584
3.5759999999999996
3.5680000000000005
3.558
3.5460000000000003
3.534
3.522
3.5000000000000004
3.474
3.4499999999999997
3.428
3.4139999999999997
3.4019999999999997
3.392
3.38
3.366
3.3499999999999996
3.336
3.322
3.304
3.2840000000000003
3.266
3.2560000000000002
3.254
3.2560000000000002
3.2699999999999996
3.2940000000000005
3.3179999999999996
3.3419999999999996
3.3659999999999997
3.394
3.4239999999999995
3.4539999999999997
3.4800000000000004
3.512
3.5360000000000005
3.556
3.5660000000000007
3.568
3.582
3.6020000000000003
3.62
3.6380000000000003
3.6559999999999997
3.67
3.684
3.696
3.71
3.72
3.7260000000000004
3.73
3.7240000000000006
3.7120000000000006
3.708
3.712
3.7160000000000006
3.716
3.7140000000000004
3.71
3.714
3.714
3.714
3.7199999999999998
3.716
3.7140000000000004
3.7060000000000004
3.7
3.7020000000000004
3.704
3.7039999999999997
3.7
3.6959999999999997
3.6879999999999997
3.6799999999999997
3.67
3.6580000000000004
3.646
3.628
3.612
3.584
3.5520000000000005
3.532
3.518
3.508
3.502
3.4939999999999998
3.4819999999999998
3.4699999999999998
3.4579999999999997
3.444
3.432
3.4159999999999995
3.3980000000000006
3.378
3.354
3.3440000000000003
3.336
3.33
3.326
3.322
3.3160000000000003
3.31
3.3020000000000005
3.2960000000000003
3.2920000000000003
3.2840000000000003
3.278
3.2760000000000002
3.274
3.282
3.292
3.3040000000000003
3.3120000000000003
3.32
3.334
3.3500000000000005
3.364
3.378
3.392
3.4000000000000004
3.41
3.418
3.4239999999999995
3.436
3.4459999999999997
3.456
3.4619999999999997
3.472
3.4859999999999998
3.496
3.5020000000000002
3.5100000000000007
3.522
3.5279999999999996
3.5300000000000002
3.528
3.5260000000000002
3.5359999999999996
3.552
3.56
3.564
3.5700000000000003
3.576
3.5820000000000003
3.588
3.596
3.604
3.6079999999999997
3.6080000000000005
3.596
3.5760000000000005
3.5760000000000005
3.5820000000000003
3.5860000000000003
3.588
3.59
3.592
3.5959999999999996
3.602
3.608
3.612
3.6020000000000003
3.588
3.58
3.5679999999999996
3.566
3.566
3.564
3.5639999999999996
3.564
3.566
3.57
3.5779999999999994
3.586
3.598
3.596
3.59
3.582
3.5780000000000003
3.588
3.6
3.6099999999999994
3.6179999999999994
3.63
3.6399999999999997
3.654
3.67
3.692
3.718
3.742
3.7620000000000005
3.77
3.7760000000000002
3.7899999999999996
3.81
3.826
3.842
3.8560000000000003
3.8720000000000008
3.89
3.9059999999999997
3.9219999999999997
3.936
3.9379999999999997
3.936
3.922
3.904
3.896
3.888
3.8779999999999997
3.868
3.856
3.844
3.8299999999999996
3.8099999999999996
3.788
3.768
3.74
3.712
3.6859999999999995
3.6559999999999997
3.6299999999999994
3.606
3.5799999999999996
3.558
3.54
3.5200000000000005
3.496
3.4699999999999998
3.446
3.426
3.396
3.3619999999999997
3.324
3.2800000000000002
3.2479999999999998
3.218
3.1900000000000004
3.16
3.138
3.114
3.092
3.0700000000000003
3.048
3.0260000000000002
3.0040000000000004
2.9800000000000004
2.9520000000000004
2.9299999999999997
2.924
2.926
2.9219999999999997
2.92
2.922
2.9219999999999997
2.918
2.916
2.912
2.908
2.8939999999999997
2.878
2.87
2.86
2.858
2.8560000000000003
2.85
2.844
2.8419999999999996
2.8400000000000003
2.8339999999999996
2.8259999999999996
2.82
2.816
2.808
2.792
2.7840000000000003
2.776
2.774
2.7680000000000002
2.7619999999999996
2.7540000000000004
2.7399999999999998
2.7220000000000004
2.7020000000000004
2.6820000000000004
2.662
2.642
2.614
2.584
2.5480000000000005
2.512
2.49
2.47
2.448
2.42
2.392
2.364
2.334
2.304
2.272
2.242
2.206
2.17
2.146
2.1239999999999997
2.116
2.108
2.096
2.084
2.0740000000000003
2.0620000000000003
2.05
2.0380000000000003
2.0260000000000002
2.016
2.006
1.9960000000000004
1.992
1.9859999999999998
1.988
1.992
1.9979999999999998
2.002
2.006
2.006
2.0
1.9939999999999998
1.9900000000000002
1.984
1.968
1.948
1.936
1.924
1.924
1.9299999999999997
1.936
1.9419999999999997
1.936
1.928
1.9220000000000002
1.9199999999999997
1.902
1.886
1.8679999999999999
1.8499999999999999
1.8339999999999999
1.8179999999999998
1.806
1.79
1.7759999999999998
1.762
1.7479999999999998
1.734
1.7239999999999998
1.7160000000000002
1.706
1.6960000000000002
1.6800000000000002
1.662
1.658
1.6600000000000001
1.6680000000000001
1.6760000000000002
1.686
1.698
1.7040000000000002
1.7040000000000002
1.702
1.7000000000000002
1.7000000000000002
1.7000000000000002
1.6920000000000002
1.6800000000000002
1.67
1.662
1.6600000000000001
1.662
1.664
1.6640000000000001
1.658
1.654
1.6600000000000001
1.672
1.672
1.674
1.6780000000000002
1.682
1.688
1.694
1.708
1.722
1.736
1.752
1.764
1.776
1.79
1.804
1.814
1.818
1.818
1.8159999999999998
1.822
1.8279999999999998
1.838
1.85
1.866
1.884
1.9
1.9140000000000001
1.928
1.9460000000000002
1.96
1.9740000000000002
1.982
1.988
1.994
2.002
2.008
2.016
2.02
2.028
2.036
2.044
2.052
2.0620000000000003
2.07
2.0780000000000003
2.082
2.092
2.112
2.1340000000000003
2.1500000000000004
2.1660000000000004
2.186
2.206
2.216
2.222
2.234
2.25
2.2620000000000005
2.2700000000000005
2.29
2.308
2.3280000000000003
2.348
2.364
2.382
2.402
2.4240000000000004
2.434
2.442
2.452
2.464
2.47
2.478
2.4859999999999998
2.492
2.502
2.512
2.514
2.518
2.522
2.526
2.518
2.5060000000000002
2.5
2.4979999999999998
2.4959999999999996
2.492
2.484
2.476
2.474
2.476
2.4779999999999998
2.4800000000000004
2.482
2.4880000000000004
2.484
2.476
2.474
2.4699999999999998
2.464
2.456
2.458
2.4579999999999997
2.4539999999999997
2.448
2.4379999999999997
2.4259999999999997
2.414
2.404
2.394
2.382
2.374
2.366
2.36
2.354
2.3499999999999996
2.352
2.36
2.37
2.3760000000000003
2.384
2.384
2.3819999999999997
2.368
2.354
2.3419999999999996
2.332
2.322
2.3120000000000003
2.306
2.3
2.3019999999999996
2.3040000000000003
2.304
2.302
2.306
2.308
2.308
2.302
2.2960000000000003
2.29
2.276
2.2560000000000002
2.2359999999999998
2.2199999999999998
2.208
2.1959999999999997
2.174
2.15
2.134
2.1159999999999997
2.09
2.0620000000000003
2.0439999999999996
2.032
2.02
2.0060000000000002
1.992
1.9780000000000002
1.964
1.9500000000000002
1.9300000000000002
1.9100000000000001
1.8900000000000001
1.868
1.842
1.814
1.798
1.784
1.768
1.75
1.734
1.714
1.7000000000000002
1.686
1.6700000000000002
1.6560000000000001
1.6480000000000001
1.634
1.618
1.6019999999999999
1.5919999999999999
1.586
1.58
1.572
1.562
1.554
1.552
1.55
1.542
1.53
1.518
1.506
1.496
1.48
1.472
1.468
1.462
1.458
1.448
1.438
1.43
1.422
1.412
1.402
1.396
1.39
1.384
1.376
1.368
1.3599999999999999
1.352
1.344
1.3320000000000003
1.32
1.312
1.3
1.286
1.27
1.256
1.24
1.2239999999999998
1.208
1.198
1.186
1.174
1.162
1.148
1.132
1.1159999999999999
1.1019999999999999
1.088
1.076
1.064
1.052
1.032
1.012
0.992
0.974
0.954
0.9359999999999999
0.9259999999999999
0.9199999999999999
0.9159999999999999
0.9099999999999999
0.9039999999999999
0.8939999999999999
0.8879999999999999
0.8819999999999999
0.8719999999999999
0.8619999999999999
0.8539999999999999
0.8459999999999999
0.8379999999999999
0.8279999999999998
0.8159999999999998
0.8039999999999998
0.79
0.778
0.766
0.754
0.748
0.742
0.734
0.726
0.722
0.72
0.718
0.716
0.716
0.714
0.71
0.706
0.704
0.704
0.702
0.7
0.696
0.692
0.6859999999999999
0.6839999999999999
0.6819999999999999
0.6779999999999999
0.6719999999999999
0.6659999999999999
0.6599999999999999
0.6519999999999999
0.638
0.628
0.622
0.616
0.612
0.6079999999999999
0.5979999999999999
0.588
0.58
0.572
0.566
0.558
0.556
0.556
0.554
0.554
0.556
0.558
0.56
0.562
0.5640000000000001
0.568
0.574
0.58
0.586
0.592
0.6
0.608
0.612
0.616
0.62
0.624
0.626
0.628
0.628
0.628
0.63
0.63
0.63
0.632
0.636
0.64
0.644
0.646
0.646
0.644
0.644
0.644
0.646
0.65
0.656
0.662
0.668
0.674
0.684
0.6940000000000001
0.7040000000000001
0.7120000000000001
0.72
0.726
0.73
0.734
0.736
0.738
0.74
0.742
0.744
0.746
0.752
0.758
0.766
0.772
0.78
0.79
0.8
0.808
0.8160000000000001
0.8240000000000001
0.8300000000000001
0.8360000000000001
0.8400000000000001
0.846
0.8519999999999999
0.8579999999999999
0.8639999999999999
0.8699999999999999
0.8739999999999999
0.8759999999999999
0.8779999999999999
0.8780000000000001
0.8740000000000001
0.8700000000000001
0.8680000000000001
0.8620000000000001
0.8580000000000001
0.8540000000000001
0.8520000000000001
0.8520000000000001
0.8540000000000001
0.8560000000000001
0.8640000000000001
0.8680000000000001
0.8700000000000001
0.8720000000000001
0.8700000000000001
0.8680000000000001
0.8700000000000001
0.8720000000000001
0.874
0.878
0.882
0.886
0.892
0.898
0.904
0.908
0.908
0.91
0.91
0.908
0.906
0.902
0.896
0.89
0.886
0.882
0.878
0.874
0.8700000000000001
0.8700000000000001
0.8680000000000001
0.8660000000000001
0.866
0.864
0.864
0.864
0.864
0.868
0.872
0.874
0.876
0.878
0.876
0.876
0.8759999999999999
0.8759999999999999
0.8739999999999999
0.8720000000000001
0.8720000000000001
0.8700000000000001
0.8680000000000001
0.8660000000000001
0.8640000000000001
0.8600000000000001
0.8520000000000001
0.8440000000000001
0.8360000000000001
0.8280000000000001
0.8180000000000001
0.81
0.806
0.802
0.8
0.798
0.796
0.8
0.804
0.808
0.812
0.8160000000000001
0.8200000000000001
0.8240000000000001
0.8260000000000001
0.8260000000000001
0.8220000000000001
0.8200000000000001
0.8200000000000001
0.8200000000000001
0.8240000000000001
0.8300000000000001
0.8380000000000001
0.8440000000000001
0.8460000000000001
0.8480000000000001
0.8500000000000001
0.8520000000000001
0.8520000000000001
0.8520000000000001
0.8560000000000001
0.8599999999999999
0.8699999999999999
0.8799999999999999
0.8899999999999999
0.8999999999999999
0.9080000000000001
0.9159999999999999
0.9219999999999999
0.9259999999999999
0.9299999999999999
0.9339999999999999
0.938
0.942
0.944
0.946
0.95
0.954
0.962
0.972
0.982
0.99
0.996
1.002
1.006
1.01
1.014
1.018
1.018
1.014
1.012
1.016
1.02
1.024
1.028
1.032
1.034
1.036
1.038
1.04
1.044
1.044
1.046
1.048
1.048
1.05
1.052
1.0539999999999998
1.056
1.056
1.0539999999999998
1.052
1.048
1.044
1.0419999999999998
1.04
1.042
1.044
1.048
1.052
1.058
1.068
1.078
1.088
1.096
1.106
1.114
1.122
1.1280000000000001
1.1340000000000001
1.1400000000000001
1.144
1.1500000000000001
1.156
1.166
1.176
1.188
1.194
1.196
1.2
1.198
1.198
1.198
1.2
1.202
1.204
1.21
1.216
1.222
1.228
1.23
1.228
1.226
1.224
1.226
1.228
1.23
1.234
1.242
1.25
1.258
1.266
1.27
1.276
1.282
1.288
1.292
1.298
1.298
1.298
1.298
1.298
1.296
1.294
1.296
1.298
1.298
1.298
1.294
1.288
1.282
1.276
1.27
1.266
1.258
1.25
1.242
1.234
1.236
1.24
1.244
1.248
1.252
1.256
1.256
1.254
1.248
1.242
1.234
1.226
1.218
1.21
1.202
1.194
1.186
1.18
1.174
1.17
1.164
1.158
1.152
1.146
1.1420000000000001
1.1380000000000001
1.1380000000000001
1.1360000000000001
1.1300000000000001
1.124
1.118
1.112
1.104
1.092
1.076
1.06
1.046
1.03
1.016
1.002
0.99
0.978
0.966
0.954
0.942
0.9299999999999999
0.9139999999999999
0.8979999999999999
0.8799999999999999
0.8620000000000001
0.8480000000000001
0.8320000000000001
0.8220000000000001
0.81
0.798
0.784
0.77
0.756
0.742
0.728
0.714
0.702
0.688
0.6739999999999999
0.6579999999999999
0.6419999999999999
0.6259999999999999
0.6099999999999999
0.5979999999999999
0.5840000000000001
0.5680000000000001
0.552
0.536
0.522
0.506
0.488
0.47
0.45199999999999996
0.436
0.41800000000000004
0.41000000000000003
0.402
0.394
0.386
0.378
0.37
0.362
0.354
0.35
0.346
0.346
0.346
0.34600000000000003
0.34600000000000003
0.35000000000000003
0.35600000000000004
0.36600000000000005
0.376
0.384
0.392
0.39799999999999996
0.40399999999999997
0.40599999999999997
0.40399999999999997
0.40199999999999997
0.39999999999999997
0.39799999999999996
0.39799999999999996
0.40199999999999997
0.40599999999999997
0.412
0.418
0.424
0.43
0.436
0.442
0.444
0.444
0.446
0.446
0.446
0.444
0.444
0.444
0.444
0.44400000000000006
0.44000000000000006
0.43600000000000005
0.43200000000000005
0.43000000000000005
0.42800000000000005
0.42600000000000005
0.42400000000000004
0.42200000000000004
0.42200000000000004
0.42200000000000004
0.42200000000000004
0.42200000000000004
0.42200000000000004
0.42200000000000004
0.42200000000000004
0.42200000000000004
0.42400000000000004
0.42600000000000005
0.42800000000000005
0.43000000000000005
0.43200000000000005
0.43600000000000005
0.44200000000000006
0.44800000000000006
0.45600000000000007
0.466
0.47200000000000003
0.47800000000000004
0.48200000000000004
0.48600000000000004
0.49000000000000005
0.49400000000000005
0.5
0.506
0.512
0.516
0.522
0.528
0.534
0.54
0.544
0.546
0.544
0.542
0.54
0.538
0.536
0.532
0.532
0.534
0.536
0.54
0.544
0.55
0.552
0.554
0.556
0.558
0.56
0.562
0.5640000000000001
0.5660000000000001
0.5660000000000001
0.5660000000000001
0.562
0.558
0.552
0.546
0.536
0.522
0.51
0.49600000000000005
0.484
0.472
0.45999999999999996
0.448
0.44
0.434
0.428
0.422
0.42000000000000004
0.41800000000000004
0.414
0.41
0.40599999999999997
0.40199999999999997
0.39799999999999996
0.394
0.39
0.386
0.386
0.386
0.384
0.382
0.382
0.38399999999999995
0.38399999999999995
0.38199999999999995
0.37999999999999995
0.38199999999999995
0.38599999999999995
0.38999999999999996
0.39399999999999996
0.39599999999999996
0.39799999999999996
0.39999999999999997
0.40199999999999997
0.40399999999999997
0.408
0.412
0.416
0.42
0.424
0.428
0.432
0.436
0.438
0.43999999999999995
0.442
0.44399999999999995
0.446
0.446
0.44599999999999995
0.45000000000000007
0.44599999999999995
0.43800000000000006
0.434
0.43000000000000005
0.428
0.42600000000000005
0.42400000000000004
0.42200000000000004
0.41800000000000004
0.41400000000000003
0.41000000000000003
0.406
0.402
0.402
0.4
0.398
0.398
0.39999999999999997
0.39999999999999997
0.40199999999999997
0.40399999999999997
0.40599999999999997
0.41
0.414
0.418
0.42
0.424
0.426
0.428
0.428
0.43
0.432
0.432
0.432
0.43
0.428
0.426
0.424
0.422
0.42
0.418
0.416
0.412
0.408
0.40599999999999997
0.40399999999999997
0.39999999999999997
0.39799999999999996
0.39599999999999996
0.39399999999999996
0.39199999999999996
0.38999999999999996
0.388
0.384
0.38
0.376
0.37
0.364
0.362
0.36
0.358
0.356
0.35400000000000004
0.35200000000000004
0.35000000000000003
0.34800000000000003
0.34600000000000003
0.34400000000000003
0.34199999999999997
0.33999999999999997
0.33799999999999997
0.33599999999999997
0.33599999999999997
0.33999999999999997
0.346
0.348
0.35
0.352
0.354
0.356
0.358
0.36
0.36200000000000004
0.364
0.364
0.364
0.362
0.36
0.36
0.36
0.36
0.36
0.36
0.36
0.358
0.356
0.354
0.352
0.348
0.33999999999999997
0.33799999999999997
0.33799999999999997
0.338
0.338
0.338
0.338
0.33799999999999997
0.33999999999999997
0.344
0.348
0.35
0.352
0.352
0.348
0.348
0.348
0.348
0.348
0.35
0.35
0.348
0.346
0.34199999999999997
0.33799999999999997
0.33399999999999996
0.32999999999999996
0.322
0.314
0.308
0.304
0.3
0.296
0.29400000000000004
0.29200000000000004
0.29200000000000004
0.29200000000000004
0.29200000000000004
0.29200000000000004
0.28800000000000003
0.28600000000000003
0.28400000000000003
0.28200000000000003
0.28400000000000003
0.28600000000000003
0.28800000000000003
0.29200000000000004
0.29600000000000004
0.29800000000000004
0.30000000000000004
0.30200000000000005
0.30400000000000005
0.30600000000000005
0.30600000000000005
0.30600000000000005
0.30400000000000005
0.30200000000000005
0.30200000000000005
0.30200000000000005
0.30000000000000004
0.29800000000000004
0.29600000000000004
0.29600000000000004
0.29600000000000004
0.29600000000000004
0.29600000000000004
0.29600000000000004
0.29800000000000004
0.30000000000000004
0.29800000000000004
0.29600000000000004
0.29400000000000004
0.29200000000000004
0.29000000000000004
0.28600000000000003
0.28
0.274
0.268
0.262
0.256
0.25
0.244
0.238
0.23199999999999998
0.22599999999999998
0.22199999999999998
0.218
0.216
0.214
0.20999999999999996
0.206
0.20199999999999999
0.198
0.194
0.19
0.188
0.186
0.184
0.182
0.18
0.178
0.176
0.17400000000000002
0.17200000000000001
0.17
0.168
0.168
0.17
0.17
0.16999999999999998
0.16999999999999998
0.16999999999999998
0.16999999999999998
0.172
0.174
0.174
0.17400000000000002
0.17400000000000002
0.17600000000000002
0.17600000000000002
0.17600000000000002
0.17600000000000002
0.17600000000000005
0.176
0.176
0.174
0.172
0.172
0.172
0.16999999999999998
0.166
0.162
0.158
0.154
0.15
0.148
0.146
0.144
0.142
0.142
0.142
0.142
0.14200000000000002
0.14200000000000002
0.14200000000000002
0.14200000000000002
0.14
0.136
0.132
0.128
0.126
0.124
0.122
0.122
0.122
0.126
0.13
0.134
0.138
0.142
0.146
0.148
0.148
0.148
0.148
0.152
0.156
0.15799999999999997
0.162
0.168
0.17400000000000002
0.18000000000000002
0.186
0.192
0.198
0.2
0.202
0.20400000000000001
0.20600000000000002
0.20800000000000002
0.21000000000000002
0.21200000000000002
0.21400000000000002
0.21600000000000003
0.21800000000000003
0.22000000000000003
0.22200000000000003
0.22400000000000003
0.22600000000000003
0.22800000000000004
0.23000000000000004
0.23200000000000004
0.23400000000000004
0.23600000000000004
0.23800000000000002
0.24000000000000002
0.24200000000000002
0.24400000000000002
0.24600000000000002
0.24800000000000003
0.25
0.252
0.254
0.256
0.258
0.26
0.26
0.256
0.254
0.252
0.24999999999999997
0.248
0.246
0.244
0.242
0.24
0.238
0.236
0.23199999999999998
0.22999999999999998
0.22999999999999998
0.23199999999999998
0.23399999999999999
0.236
0.238
0.24
0.242
0.242
0.242
0.242
0.242
0.242
0.242
0.242
0.242
0.24
0.238
0.23600000000000002
0.234
0.234
0.232
0.23
0.228
0.226
0.224
0.222
0.222
0.224
0.226
0.228
0.228
0.228
0.228
0.228
0.228
0.224
0.22
0.216
0.212
0.208
0.204
0.20199999999999999
0.20199999999999999
0.20199999999999999
0.20199999999999999
0.19599999999999998
0.18999999999999997
0.18399999999999997
0.176
0.16999999999999998
0.16399999999999998
0.15800000000000003
0.15200000000000002
0.14600000000000002
0.14
0.138
0.136
0.134
0.134
0.132
0.13
0.128
0.126
0.12400000000000001
0.12200000000000001
0.12000000000000001
0.11800000000000001
0.116
0.116
0.11599999999999999
0.116
0.116
0.116
0.114
0.112
0.11
0.108
0.106
0.104
0.102
0.1
0.098
0.096
0.094
0.092
0.09
0.08800000000000001
0.08800000000000001
0.08600000000000001
0.082
0.078
0.076
0.074
0.07200000000000001
0.07
0.068
0.066
0.064
0.062
0.06
0.056
0.052
0.048
0.044000000000000004
0.04
0.038
0.036000000000000004
0.036000000000000004
0.036000000000000004
0.036000000000000004
0.036000000000000004
0.036000000000000004
0.036000000000000004
0.038
0.04
0.042
0.044
0.044
0.044
0.044
0.044
0.044
0.044
0.044
0.044
0.044
0.042
0.04
0.038
0.036000000000000004
0.034
0.032
0.03
0.028
0.026
0.026
0.026
0.026
0.026
0.026
0.026
0.026
0.024
0.022
0.019999999999999997
0.019999999999999997
0.019999999999999997
0.019999999999999997
0.019999999999999997
0.019999999999999997
0.019999999999999997
0.019999999999999997
0.019999999999999997
0.019999999999999997
0.019999999999999997
0.019999999999999997
0.019999999999999997
0.019999999999999997
0.018
0.018
0.018
0.018
0.018
0.018
0.018
0.018
0.018
0.018
0.016
0.014000000000000002
0.012
0.01
0.008
0.008
0.008
0.008
0.008
0.008
0.008
0.01
0.012
0.014
0.016
0.018000000000000002
0.02
0.02
0.02
0.022
0.024
0.026000000000000002
0.028
0.03
0.032
0.032
0.032
0.032
0.032
0.032
0.032
0.032
0.032
0.032
0.032
0.032
0.032
0.032
0.032
0.032
0.032
0.032
0.032
0.032
0.032
0.03
0.028
0.026000000000000002
0.024
0.024
0.024
0.024
0.024
0.024
0.024
0.026000000000000002
0.028
0.03
0.032
0.034
0.036000000000000004
0.038000000000000006
0.04000000000000001
0.04000000000000001
0.04000000000000001
0.04000000000000001
0.04000000000000001
0.04000000000000001
0.04000000000000001
0.04000000000000001
0.04000000000000001
0.04000000000000001
0.04000000000000001
0.04000000000000001
0.04000000000000001
0.04000000000000001
0.04000000000000001
0.04000000000000001
0.04000000000000001
0.04000000000000001
0.04000000000000001
0.04000000000000001
0.04000000000000001
0.04000000000000001
0.04000000000000001
0.04000000000000001
0.04000000000000001
0.04000000000000001
0.04000000000000001
0.04000000000000001
0.04000000000000001
0.04000000000000001
0.04000000000000001
0.04000000000000001
0.04000000000000001
0.04000000000000001
0.04000000000000001
0.04000000000000001
0.04000000000000001
0.04000000000000001
0.04000000000000001
0.04000000000000001
0.04000000000000001
0.04000000000000001
0.04000000000000001
0.04000000000000001
0.04000000000000001
0.04000000000000001
0.04000000000000001
0.04000000000000001
0.04000000000000001
0.038000000000000006
0.036000000000000004
0.034
0.032
0.030000000000000006
0.028000000000000004
0.028000000000000004
0.030000000000000006
0.028000000000000004
0.026000000000000002
0.024
0.022
0.019999999999999997
0.018000000000000002
0.018000000000000002
0.018000000000000002
0.018000000000000002
0.018000000000000002
0.018000000000000002
0.018000000000000002
0.018000000000000002
0.018000000000000002
0.020000000000000004
0.022000000000000002
0.024
0.026000000000000002
0.028000000000000004
0.030000000000000002
0.030000000000000002
0.030000000000000002
0.030000000000000002
0.030000000000000002
0.030000000000000002
0.030000000000000002
0.030000000000000002
0.030000000000000002
0.030000000000000002
0.030000000000000002
0.030000000000000002
0.030000000000000002
0.030000000000000002
0.030000000000000002
0.030000000000000002
0.030000000000000002
0.028
0.026000000000000002
0.024
0.022
0.02
0.018000000000000002
0.016
0.014
0.014
0.014
0.014
0.014
0.014
0.014
0.014
0.014
0.014
0.014
0.014
0.014
0.014
0.014
0.014
0.014
0.014
0.014
0.016
0.018000000000000002
0.018000000000000002
0.018000000000000002
0.018000000000000002
0.018000000000000002
0.018000000000000002
0.018000000000000002
0.018000000000000002
0.018000000000000002
0.018000000000000002
0.018000000000000002
0.018000000000000002
0.018000000000000002
0.018000000000000002
0.018000000000000002
0.018000000000000002
0.018000000000000002
0.018000000000000002
0.018000000000000002
0.018000000000000002
0.018000000000000002
0.018000000000000002
0.018000000000000002
0.018000000000000002
0.018000000000000002
0.018000000000000002
0.018000000000000002
0.018000000000000002
0.018000000000000002
0.018000000000000002
0.018000000000000002
0.018000000000000002
0.018000000000000002
0.018000000000000002
0.018000000000000002
0.018000000000000002
0.016
0.016
0.016
0.016
0.016
0.016
0.016
0.016
0.016
0.016
0.016
0.016
0.016
0.016
0.016
0.014
0.012
0.01
0.008
0.006
0.004
0.004
0.004
0.006
0.008
0.01
0.012
0.014
0.016
0.016
0.016
0.016
0.016
0.016
0.016
0.018000000000000002
0.02
0.022
0.024
0.024
0.024
0.024
0.024
0.024
0.024
0.024
0.024
0.024
0.024
0.024
0.024
0.024
0.024
0.024
0.024
0.024
0.024
0.024
0.024
0.024
0.024
0.024
0.024
0.022
0.02
0.02
0.02
0.02
0.02
0.02
0.02
0.02
0.02
0.02
0.02
0.02
0.022000000000000002
0.024
0.026
0.028
0.03
0.032
0.034
0.034
0.034
0.034
0.034
0.034
0.034
0.034
0.034
0.034
0.034
0.034
0.034
0.034
0.034
0.034
0.034
0.034
0.034
0.034
0.034
0.034
0.034
0.034
0.034
0.034
0.034
0.034
0.034
0.034
0.034
0.034
0.034
0.034
0.034
0.034
0.034
0.034
0.034
0.034
0.034
0.032
0.03
0.028
0.026
0.024
0.022000000000000002
0.022000000000000002
0.022000000000000002
0.022000000000000002
0.022000000000000002
0.022000000000000002
0.022000000000000002
0.020000000000000004
0.018000000000000002
0.016
0.014000000000000002
0.014000000000000002
0.014000000000000002
0.016
0.018000000000000002
0.020000000000000004
0.022000000000000002
0.024
0.026000000000000002
0.028000000000000004
0.030000000000000002
0.030000000000000002
0.030000000000000002
0.030000000000000002
0.030000000000000002
0.030000000000000002
0.030000000000000002
0.030000000000000002
0.030000000000000002
0.030000000000000002
0.030000000000000002
0.030000000000000002
0.030000000000000002
0.030000000000000002
0.030000000000000002
0.030000000000000002
0.030000000000000002
0.030000000000000002
0.030000000000000002
0.030000000000000002
0.030000000000000002
0.030000000000000002
0.030000000000000002
0.030000000000000002
0.030000000000000002
0.030000000000000002
0.030000000000000002
0.030000000000000002
0.028
0.026000000000000002
0.024
0.022
0.02
0.018000000000000002
0.016
0.016
0.016
0.016
0.018000000000000002
0.02
0.022
0.024
0.026000000000000002
0.028
0.030000000000000002
0.032
0.034
0.036000000000000004
0.038
0.04
0.042
0.044000000000000004
0.046
0.048
0.05
0.052
0.054
0.056
0.057999999999999996
0.06
0.062
0.064
0.066
0.068
0.07
0.07200000000000001
0.074
0.076
0.078
0.08
0.082
0.084
0.086
0.088
0.09
0.092
0.094
0.096
0.09799999999999999
0.09999999999999999
0.102
0.104
0.106
0.108
0.11
0.112
0.114
0.116
0.11800000000000001
0.12000000000000001
0.12200000000000001
0.12400000000000001
0.126
0.12600000000000003
0.126
0.126
0.126
0.126
0.126
0.126
0.126
0.128
0.13
0.132
0.134
0.136
0.13799999999999998
0.13999999999999999
0.142
0.144
0.146
0.148
0.15
0.152
0.154
0.156
0.158
0.158
0.158
0.158
0.158
0.158
0.16
0.162
0.16399999999999998
0.16599999999999998
0.16799999999999998
0.16999999999999998
0.172
0.174
0.176
0.176
0.176
0.176
0.176
0.176
0.176
0.176
0.174
0.172
0.16999999999999998
0.16799999999999998
0.16599999999999998
0.16399999999999998
0.162
0.16
0.158
0.156
0.154
0.152
0.15
0.148
0.146
0.144
0.142
0.13999999999999999
0.13799999999999998
0.136
0.134
0.132
0.13
0.128
0.126
0.124
0.122
0.12
0.118
0.11599999999999999
0.11399999999999999
0.11200000000000002
0.11000000000000001
0.10800000000000001
0.10600000000000001
0.10400000000000001
0.10200000000000001
0.1
0.098
0.096
0.094
0.092
0.09
0.088
0.086
0.08399999999999999
0.08199999999999999
0.08
0.078
0.076
0.074
0.072
0.06999999999999999
0.068
0.066
0.064
0.062
0.06
0.057999999999999996
0.05600000000000001
0.054000000000000006
0.052000000000000005
0.05
0.048
0.046
0.044
0.041999999999999996
0.04
0.038
0.036
0.034
0.032
0.03
0.028000000000000004
0.026000000000000002
0.024
0.022
0.02
0.018
0.018
0.018
0.018
0.018
0.018
0.016
0.014000000000000002
0.012
0.01
0.008
0.006
0.004
0.002
0.0
0.0
0.0
0.0
0.0
0.0
0.0
0.0
0.0
0.0
0.0
0.0
0.0
0.0
0.0
0.0
0.0
0.0
0.0
0.0
0.0
0.0
0.0
0.0
0.0
0.0
0.0
0.0
0.0
0.0
0.0
0.0
0.0
0.0
0.0
0.0
0.0
0.0
0.0
0.0
0.0
0.0
0.0
0.0
0.0
0.0
0.0
0.0
0.0
0.0
0.0
0.0
0.0
0.0
0.0
0.0
0.0
0.0
0.0
0.0
0.0
0.0
0.0
0.0
0.0
0.0
0.0
0.0
0.0
0.0
0.002
0.004
0.006
0.008
0.01
0.01
0.01
0.01
0.01
0.01
0.01
0.01
0.01
0.01
0.01
0.01
0.01
0.01
0.01
0.01
0.01
0.01
0.01
0.01
0.01
0.01
0.01
0.01
0.012
0.014
0.016
0.016
0.016
0.016
0.016
0.016
0.016
0.016
0.016
0.016
0.016
0.016
0.016
0.016
0.016
0.016
0.016
0.016
0.016
0.016
0.016
0.016
0.016
0.016
0.016
0.016
0.016
0.016
0.016
0.016
0.016
0.016
0.016
0.016
0.016
0.016
0.016
0.016
0.016
0.016
0.016
0.016
0.016
0.016
0.016
0.016
0.016
0.016
0.016
0.016
0.016
0.016
0.016
0.016
0.016
0.016
0.016
0.016
0.016
0.016
0.016
0.016
0.016
0.016
0.016
0.016
0.016
0.016
0.016
0.016
0.014
0.012
0.01
0.008
0.006
0.006
0.006
0.006
0.006
0.006
0.006
0.006
0.006
0.006
0.006
0.006
0.006
0.006
0.006
0.006
0.006
0.006
0.006
0.006
0.006
0.006
0.006
0.006
0.004
0.002
0.0
0.0
0.0
0.0
0.0
0.0
0.0
0.0
0.0
0.0
0.0
0.0
0.0
0.0
0.0
0.0
0.0
0.0
0.0
0.0
0.0
0.0
0.0
0.0
0.0
0.0
0.0
0.0
0.0
0.0
0.0
0.0
0.0
0.0
0.0
0.0
0.0
0.0
0.0
0.0
0.0
0.0
0.0
0.0
0.0
0.0
0.0
0.0
0.0
0.0
0.0
0.0
0.0
0.0
0.0
0.0
0.0
0.0
0.0
0.0
0.0
0.0
0.0
0.0
0.0
0.0
0.0
0.0
0.0
0.0
0.0
0.0
0.0
0.0
0.0
0.0
0.0
0.0
0.0
0.0
0.0
0.0
0.0
0.0
0.0
0.0
0.0
0.0
0.0
0.0
0.0
0.0
0.0
0.0
0.0
0.0
0.0
0.0
0.0
0.0
0.0
0.0
0.0
0.0
0.0
0.0
0.0
0.0
0.0
0.0
0.0
0.0
0.0
0.0
0.0
0.0
0.0
0.0
0.0
0.0
0.0
0.0
0.0
0.0
0.0
0.0
0.0
0.0
0.0
0.0
0.0
0.0
0.0
0.0
0.0
0.0
0.0
0.0
0.0
0.0
0.0
0.0
0.0
0.0
0.0
0.0
0.0
0.0
0.0
0.0
0.0
0.0
0.0
0.0
0.0
0.0
0.0
0.0
0.0
0.0
0.0
0.0
0.0
0.0
0.0
0.0
0.0
0.0
0.0
0.0
0.0
0.0
0.0
0.0
0.0
0.0
0.0
0.0
0.0
0.0
0.0
0.0
0.0
0.0
0.0
0.0
0.0
0.0
0.0
0.0
0.0
0.0
0.0
0.0
0.0
0.0
0.0
0.0
0.0
0.0
0.0
0.0
0.0
0.0
0.0
0.0
0.0
0.0
0.002
0.004
0.006
0.008
0.01
0.012
0.014000000000000002
0.016
0.018
0.018
0.018
0.018
0.018
0.018
0.018
0.018
0.018
0.018
0.018
0.018
0.018
0.018
0.018
0.02
0.022
0.024
0.026000000000000002
0.028000000000000004
0.03
0.032
0.034
0.036
0.038
0.04
0.041999999999999996
0.044
0.046
0.046
0.046
0.046
0.046
0.046
0.046
0.046
0.046
0.046
0.046
0.046
0.046
0.046
0.046
0.046
0.046
0.046
0.046
0.046
0.046
0.046
0.046
0.046
0.046
0.046
0.046
0.046
0.046
0.046
0.046
0.046
0.046
0.046
0.046
0.046
0.046
0.046
0.046
0.046
0.046
0.046
0.046
0.046
0.046
0.046
0.046
0.046
0.046
0.046
0.046
0.046
0.046
0.046
0.046
0.046
0.046
0.046
0.046
0.046
0.046
0.046
0.046
0.046
0.044
0.041999999999999996
0.04
0.038
0.036
0.034
0.032
0.03
0.028000000000000004
0.028000000000000004
0.028000000000000004
0.028000000000000004
0.028000000000000004
0.028000000000000004
0.028000000000000004
0.028000000000000004
0.028000000000000004
0.028000000000000004
0.028000000000000004
0.028000000000000004
0.028000000000000004
0.028000000000000004
0.028000000000000004
0.026000000000000002
0.024
0.022
0.02
0.018
0.016
0.014000000000000002
0.012
0.01
0.008
0.006
0.004
0.002
0.0
0.0
0.0
0.0
0.0
0.0
0.0
0.0
0.0
0.0
0.0
0.0
0.0
0.0
0.0
0.0
0.0
0.0
0.0
0.0
0.0
0.0
0.0
0.0
0.0
0.0
0.0
0.0
0.0
0.0
0.0
0.0
0.0
0.0
0.0
0.0
0.0
0.0
0.0
0.0
0.0
0.0
0.0
0.0
0.0
0.0
0.0
0.0
0.0
0.0
0.0
0.0
0.0
0.0
0.0
0.0
0.0
0.0
0.0
0.0
0.0
0.0
0.0
0.0
0.0
0.0
0.0
0.0
0.0
0.0
0.0
0.0
0.0
0.0
0.0
0.0
0.0
0.0
0.0
0.0
0.0
0.0
0.0
0.0
0.0
0.0
0.0
0.0
0.0
0.0
0.0
0.0
0.0
0.0
0.0
0.0
0.0
0.0
0.0
0.0
0.0
0.0
0.0
0.0
0.0
0.0
0.0
0.0
0.0
0.0
0.0
0.0
0.0
0.0
0.0
0.0
0.0
0.0
0.0
0.0
0.0
0.0
0.0
0.0
0.0
0.0
0.0
0.0
0.0
0.0
0.0
0.0
0.0
0.0
0.0
0.0
0.0
0.0
0.0
0.0
0.0
0.0
0.0
0.0
0.0
0.0
0.0
0.0
0.0
0.0
0.0
0.0
0.0
0.0
0.0
0.0
0.0
0.0
0.0
0.0
0.0
0.0
0.0
0.0
0.0
0.0
0.0
0.0
0.0
0.0
0.0
0.0
0.0
0.0
0.0
0.0
0.0
0.0
0.0
0.0
0.0
0.0
0.0
0.0
0.0
0.0
0.0
0.0
0.0
0.0
0.0
0.0
0.0
0.0
0.0
0.0
0.0
0.0
0.0
0.0
0.0
0.0
0.0
0.0
0.0
0.0
0.0
0.0
0.0
0.0
0.0
0.0
0.0
0.0
0.0
0.0
0.0
0.0
0.0
0.0
0.0
0.0
0.0
0.0
0.0
0.0
0.0
0.0
0.0
0.0
0.0
0.0
0.0
0.0
0.0
0.0
0.0
0.0
0.0
0.0
0.0
0.0
0.0
0.0
0.0
0.0
0.0
0.0
0.0
0.0
0.0
0.0
0.0
0.0
0.0
0.0
0.0
0.0
0.0
0.0
0.0
0.0
0.0
0.0
0.0
0.0
0.0
0.0
0.0
0.0
0.0
0.0
0.0
0.0
