0.066
0.07
0.07400000000000001
0.076
0.078
0.08
0.08199999999999999
0.086
0.094
0.1
0.108
0.116
0.124
0.132
0.14
0.14800000000000002
0.15600000000000003
0.15800000000000003
0.16000000000000003
0.164
0.172
0.18
0.188
0.196
0.20600000000000002
0.21800000000000003
0.22999999999999998
0.242
0.254
0.266
0.28
0.29000000000000004
0.30000000000000004
0.31200000000000006
0.32400000000000007
0.338
0.352
0.364
0.376
0.38799999999999996
0.40199999999999997
0.418
0.434
0.44799999999999995
0.46199999999999997
0.47
0.476
0.482
0.49
0.5
0.512
0.524
0.536
0.548
0.56
0.5700000000000001
0.5820000000000001
0.5960000000000001
0.6100000000000001
0.624
0.6419999999999999
0.6639999999999999
0.6859999999999999
0.708
0.73
0.75
0.77
0.794
0.8200000000000001
0.8359999999999999
0.8479999999999999
0.8619999999999999
0.8759999999999999
0.8899999999999999
0.9039999999999999
0.9179999999999999
0.9339999999999999
0.95
0.968
0.984
1.0
1.018
1.036
1.05
1.06
1.068
1.076
1.086
1.1
1.116
1.134
1.1520000000000001
1.1740000000000002
1.196
1.2200000000000002
1.25
1.2799999999999998
1.3039999999999998
1.33
1.3519999999999999
1.376
1.398
1.426
1.452
1.48
1.508
1.538
1.556
1.568
1.586
1.6019999999999999
1.6179999999999999
1.634
1.65
1.666
1.686
1.706
1.73
1.7540000000000002
1.776
1.8
1.816
1.832
1.848
1.864
1.87
1.876
1.8860000000000001
1.9020000000000001
1.9180000000000001
1.9340000000000002
1.954
1.9740000000000002
1.9939999999999998
2.0140000000000002
2.026
2.04
2.058
2.078
2.0900000000000003
2.096
2.098
2.102
2.11
2.128
2.1559999999999997
2.186
2.2199999999999998
2.26
2.29
2.316
2.338
2.3600000000000003
2.388
2.416
2.442
2.4640000000000004
2.484
2.504
2.524
2.542
2.5580000000000003
2.576
2.592
2.604
2.616
2.6300000000000003
2.64
2.65
2.674
2.702
2.732
2.766
2.802
2.84
2.88
2.924
2.95
2.972
2.9779999999999998
2.984
2.99
2.996
3.0060000000000002
3.0200000000000005
3.0360000000000005
3.056
3.076
3.096
3.1160000000000005
3.1400000000000006
3.154
3.1719999999999997
3.184
3.198
3.21
3.226
3.248
3.272
3.304
3.3360000000000003
3.362
3.3880000000000003
3.4219999999999997
3.4539999999999997
3.48
3.502
3.5220000000000002
3.54
3.5580000000000003
3.578
3.5999999999999996
3.628
3.6559999999999997
3.686
3.72
3.752
3.792
3.836
3.874
3.9059999999999997
3.938
3.972
4.006
4.048
4.103999999999999
4.164
4.224
4.284
4.336
4.382
4.428
4.481999999999999
4.516
4.5440000000000005
4.566
4.586
4.606
4.624
4.65
4.682
4.716
4.752
4.782
4.806000000000001
4.832
4.870000000000001
4.894
4.908
4.924
4.9399999999999995
4.962
4.9879999999999995
5.016
5.046
5.084
5.1240000000000006
5.16
5.196
5.23
5.272
5.3020000000000005
5.324
5.348
5.380000000000001
5.414
5.448
5.486000000000001
5.526
5.568
5.612
5.652
5.696
5.736
5.78
5.816
5.846
5.890000000000001
5.941999999999999
6.01
6.082000000000001
6.148
6.214
6.284000000000001
6.3580000000000005
6.432
6.505999999999999
6.571999999999999
6.6339999999999995
6.68
6.718
6.77
6.824
6.886000000000001
6.946
6.9959999999999996
7.038
7.08
7.122
7.164000000000001
7.208
7.247999999999999
7.284
7.3020000000000005
7.314
7.33
7.353999999999999
7.396000000000001
7.4479999999999995
7.5
7.558
7.616
7.668
7.723999999999999
7.786
7.835999999999999
7.886
7.9239999999999995
7.944000000000001
7.966000000000001
7.99
8.030000000000001
8.076
8.12
8.152000000000001
8.188
8.224
8.260000000000002
8.298
8.342
8.387999999999998
8.426
8.45
8.49
8.536000000000001
8.600000000000001
8.671999999999999
8.748
8.824
8.904
8.99
9.065999999999999
9.132000000000001
9.189999999999998
9.223999999999998
9.24
9.24
9.248
9.258
9.280000000000001
9.314
9.344
9.368
9.378
9.39
9.402
9.418000000000001
9.440000000000001
9.468
9.501999999999999
9.528
9.564
9.612
9.67
9.732
9.782
9.834
9.872
9.904
9.93
9.966000000000001
10.008
10.046
10.084
10.116
10.155999999999999
10.198
10.251999999999999
10.31
10.367999999999999
10.42
10.454
10.472000000000001
10.490000000000002
10.506
10.526
10.558
10.584
10.614
10.661999999999999
10.707999999999998
10.762
10.812000000000001
10.854
10.89
10.908000000000001
10.920000000000002
10.931999999999999
10.946000000000002
10.962
10.984
11.021999999999998
11.07
11.142
11.222
11.319999999999999
11.422
11.521999999999998
11.612
11.7
11.786
11.871999999999998
11.97
12.064
12.158000000000001
12.25
12.34
12.436
12.546
12.668000000000001
12.790000000000001
12.898000000000001
12.99
13.056000000000001
13.108
13.154
13.197999999999999
13.244
13.288
13.338000000000001
13.4
13.475999999999999
13.566
13.671999999999999
13.788
13.89
13.968
14.018
14.062000000000001
14.088
14.09
14.094000000000001
14.097999999999999
14.106
14.133999999999999
14.177999999999999
14.232
14.291999999999998
14.356
14.421999999999999
14.482
14.544
14.606
14.676
14.744
14.812
14.884
14.956
15.036000000000001
15.102000000000002
15.161999999999999
15.218
15.262
15.298
15.328000000000003
15.363999999999999
15.395999999999999
15.436000000000002
15.48
15.538000000000002
15.592
15.652
15.712
15.774000000000001
15.834000000000001
15.882
15.921999999999997
15.944000000000003
15.951999999999998
15.95
15.95
15.977999999999998
16.026000000000003
16.08
16.134
16.19
16.240000000000002
16.306
16.362000000000002
16.402
16.439999999999998
16.456
16.464
16.48
16.504
16.558
16.624000000000002
16.695999999999998
16.776
16.862000000000002
16.95
17.014
17.058
17.078
17.106
17.11
17.106
17.092
17.08
17.07
17.06
17.052
17.040000000000003
17.034000000000002
17.036
17.04
17.042
17.034
17.022000000000002
16.998
16.97
16.952
16.942
16.971999999999998
17.03
17.084
17.14
17.198
17.272
17.348
17.414
17.464000000000002
17.498
17.496000000000002
17.477999999999998
17.462
17.464
17.488
17.524
17.580000000000002
17.657999999999998
17.75
17.851999999999997
17.96
18.067999999999998
18.176000000000002
18.288
18.398
18.502
18.588
18.656000000000002
18.71
18.768
18.826
18.884
18.932000000000002
18.97
18.994
18.996000000000002
19.01
19.032000000000004
19.068
19.116
19.162
19.21
19.268
19.328
19.392
19.445999999999998
19.473999999999997
19.496000000000002
19.5
19.497999999999998
19.497999999999998
19.5
19.514000000000003
19.541999999999998
19.578
19.616
19.666
19.732
19.798000000000002
19.876000000000005
19.942
20.002
20.052
20.09
20.122
20.162
20.22
20.304
20.376
20.445999999999998
20.509999999999998
20.567999999999998
20.625999999999998
20.696
20.768
20.838
20.907999999999998
20.978
21.082
21.204
21.346
21.494
21.644
21.788
21.95
22.113999999999997
22.276
22.432000000000002
22.572000000000003
22.692
22.804
22.896
22.996
23.102
23.226
23.369999999999997
23.502000000000002
23.630000000000003
23.761999999999997
23.896
24.024
24.154
24.29
24.418
24.543999999999997
24.662
24.774
24.895999999999997
25.034
25.206000000000003
25.362000000000002
25.508000000000003
25.641999999999996
25.764
25.884
26.012
26.134
26.25
26.362000000000002
26.474000000000004
26.592000000000002
26.718000000000004
26.86
27.016
27.15
27.268
27.374000000000002
27.492
27.62
27.746000000000002
27.849999999999998
27.950000000000003
28.054
28.150000000000002
28.262
28.374000000000006
28.486000000000004
28.6
28.683999999999997
28.754
28.814
28.872
28.927999999999997
28.984
29.042
29.118
29.21
29.322000000000003
29.439999999999998
29.578
29.718
29.856
29.969999999999995
30.073999999999998
30.177999999999997
30.286
30.398
30.506
30.607999999999997
30.689999999999998
30.778
30.875999999999998
30.982
31.086
31.186
31.29
31.380000000000003
31.449999999999996
31.534
31.628
31.736000000000004
31.866000000000003
31.996000000000002
32.11
32.222
32.336
32.444
32.55800000000001
32.67
32.78
32.873999999999995
32.948
33.034
33.123999999999995
33.214
33.316
33.402
33.482
33.57600000000001
33.682
33.784
33.891999999999996
34.0
34.116
34.204
34.269999999999996
34.358000000000004
34.456
34.552
34.653999999999996
34.757999999999996
34.85
34.942
35.038
35.146
35.244
35.35
35.454
35.554
35.623999999999995
35.730000000000004
35.867999999999995
36.044
36.244
36.436
36.589999999999996
36.744
36.888
37.018
37.138000000000005
37.257999999999996
37.378
37.458000000000006
37.494
37.532
37.574
37.644
37.732
37.808
37.868
37.92
37.96
37.992000000000004
38.038
38.089999999999996
38.168000000000006
38.251999999999995
38.338
38.458
38.596000000000004
38.768
38.958000000000006
39.146
39.332
39.514
39.681999999999995
39.834
39.954
40.074
40.178
40.269999999999996
40.364000000000004
40.462
40.546
40.622
40.694
40.758
40.80799999999999
40.858000000000004
40.914
40.98
41.046
41.116
41.20399999999999
41.302
41.406
41.534
41.666000000000004
41.832
42.010000000000005
42.19
42.346
42.5
42.653999999999996
42.79
42.904
43.004000000000005
43.084
43.14
43.17400000000001
43.206
43.242
43.28
43.33
43.364
43.394
43.44
43.494
43.554
43.614000000000004
43.678
43.738
43.788
43.83
43.902
43.988
44.08800000000001
44.206
44.328
44.442
44.55200000000001
44.662
44.774
44.888000000000005
44.998000000000005
45.116
45.234
45.348
45.459999999999994
45.578
45.7
45.804
45.888
45.972
46.066
46.194
46.318
46.452
46.596
46.744
46.878
47.001999999999995
47.128
47.269999999999996
47.432
47.606
47.774
47.928
48.1
48.286
48.494
48.716
48.934
49.136
49.312
49.466
49.59
49.7
49.775999999999996
49.83200000000001
49.866
49.88
49.896
49.934
49.96600000000001
50.019999999999996
50.104
50.205999999999996
50.338
50.492
50.662
50.86
51.081999999999994
51.331999999999994
51.608000000000004
51.896
52.199999999999996
52.528000000000006
52.866
53.21
53.548
53.878
54.186
54.488
54.774
55.03999999999999
55.284
55.534000000000006
55.758
55.982
56.205999999999996
56.446
56.692
56.952
57.226
57.494
57.772000000000006
58.04599999999999
58.328
58.64
58.968
59.318
59.662
60.012
60.364000000000004
60.71
61.062
61.42
61.768
62.124
62.474000000000004
62.818
63.152
63.488
63.796
64.08600000000001
64.346
64.598
64.824
65.05000000000001
65.266
65.47399999999999
65.66
65.848
66.014
66.172
66.322
66.47
66.618
66.768
66.926
67.09
67.244
67.384
67.50800000000001
67.626
67.734
67.838
67.938
68.048
68.174
68.32
68.494
68.682
68.886
69.114
69.354
69.58999999999999
69.80199999999999
70.006
70.212
70.41
70.624
70.858
71.104
71.348
71.618
71.89600000000002
72.19399999999999
72.506
72.824
73.154
73.47800000000001
73.784
74.088
74.374
74.65
74.93
75.182
75.406
75.608
75.77000000000001
75.934
76.072
76.184
76.29400000000001
76.376
76.43
76.458
76.46799999999999
76.464
76.464
76.47
76.47399999999999
76.5
76.532
76.568
76.598
76.618
76.62400000000001
76.62799999999999
76.622
76.60399999999998
76.586
76.58
76.612
76.666
76.74
76.824
76.9
76.966
77.03200000000001
77.106
77.174
77.236
77.30600000000001
77.36
77.41199999999999
77.462
77.522
77.61
77.74000000000001
77.898
78.066
78.28
78.524
78.78800000000001
79.05799999999999
79.362
79.686
80.026
80.376
80.756
81.142
81.55600000000001
81.986
82.416
82.842
83.272
83.7
84.102
84.484
84.852
85.20400000000001
85.56400000000001
85.904
86.24799999999999
86.592
86.938
87.278
87.602
87.926
88.23400000000001
88.542
88.826
89.076
89.28999999999999
89.47
89.652
89.822
89.97
90.118
90.266
90.39200000000001
90.51
90.614
90.69999999999999
90.79599999999999
90.858
90.93200000000002
90.98
91.024
91.078
91.13
91.20400000000001
91.282
91.354
91.432
91.50399999999999
91.602
91.696
91.796
91.876
91.97800000000001
92.09199999999998
92.188
92.312
92.46000000000001
92.64
92.86
93.09
93.33
93.56400000000001
93.81
94.036
94.25000000000001
94.47200000000001
94.694
94.91400000000002
95.136
95.35000000000001
95.56200000000001
95.78399999999999
96.00200000000001
96.19199999999998
96.366
96.498
96.618
96.704
96.78
96.848
96.888
96.93199999999999
96.97399999999999
97.03399999999999
97.084
97.15
97.22
97.29
97.36599999999999
97.432
97.472
97.49600000000001
97.51400000000001
97.512
97.512
97.52399999999999
97.542
97.548
97.56
97.576
97.60000000000001
97.60999999999999
97.606
97.586
97.54400000000001
97.494
97.424
97.35
97.268
97.188
97.10799999999999
97.04
96.996
96.96
96.93
96.91000000000001
96.89
96.872
96.85
96.836
96.814
96.814
96.80599999999998
96.806
96.832
96.898
96.99799999999999
97.112
97.228
97.356
97.472
97.576
97.68599999999999
97.798
97.92
98.03800000000001
98.126
98.23400000000001
98.316
98.404
98.494
98.532
98.548
98.53
98.49
98.44
98.37
98.30000000000001
98.21199999999999
98.13600000000001
98.06
97.99
97.93
97.878
97.84
97.796
97.732
97.658
97.566
97.46400000000001
97.374
97.3
97.20599999999999
97.122
97.04800000000002
96.958
96.858
96.77600000000001
96.70999999999998
96.65
96.6
96.55399999999999
96.49600000000001
96.462
96.41799999999999
96.382
96.344
96.32
96.28599999999999
96.26
96.22800000000001
96.18599999999999
96.142
96.08599999999998
96.06
96.03200000000001
96.0
95.992
95.97200000000001
95.954
95.94200000000001
95.946
95.96199999999999
95.956
95.94399999999999
95.906
95.85
95.796
95.72000000000001
95.63600000000001
95.556
95.464
95.38000000000001
95.274
95.142
95.01600000000002
94.92
94.804
94.69
94.58000000000001
94.49799999999999
94.426
94.34800000000001
94.25399999999999
94.178
94.102
94.054
94.008
93.96800000000002
93.958
93.94200000000001
93.938
93.936
93.94200000000001
93.958
93.954
93.98
94.04
94.14599999999999
94.28800000000001
94.47800000000001
94.67399999999999
94.886
95.112
95.352
95.61599999999999
95.93
96.27000000000001
96.63199999999999
97.02199999999999
97.412
97.868
98.342
98.858
99.406
99.982
100.562
101.162
101.77000000000001
102.384
103.01599999999999
103.666
104.30799999999999
104.958
105.63
106.294
106.96600000000001
107.622
108.252
108.874
109.45400000000001
110.03199999999998
110.61800000000001
111.206
111.81
112.42200000000001
113.062
113.70200000000001
114.34200000000001
114.986
115.626
116.25399999999999
116.89
117.502
118.11600000000001
118.74600000000001
119.388
120.05000000000001
120.746
121.44
122.14600000000002
122.834
123.52000000000001
124.196
124.82199999999999
125.44000000000001
126.052
126.628
127.18799999999999
127.73400000000001
128.262
128.778
129.274
129.79
130.29399999999998
130.788
131.266
131.728
132.18200000000002
132.634
133.074
133.528
133.988
134.468
134.976
135.48
135.964
136.464
136.958
137.47
137.956
138.436
138.92000000000002
139.416
139.91
140.394
140.84
141.25400000000002
141.624
141.93
142.18200000000002
142.398
142.606
142.76999999999998
142.898
143.004
143.05399999999997
143.06400000000002
143.04000000000002
142.97000000000003
142.85
142.726
142.566
142.38
142.178
141.956
141.69400000000002
141.43200000000002
141.142
140.82999999999998
140.50799999999998
140.166
139.832
139.48000000000002
139.126
138.75799999999998
138.38
137.97
137.544
137.11599999999999
136.666
136.226
135.782
135.324
134.85399999999998
134.404
133.962
133.54
133.13400000000001
132.744
132.384
131.998
131.598
131.202
130.774
130.364
129.93
129.48999999999998
129.014
128.54
128.06
127.588
127.13
126.71199999999999
126.28600000000002
125.87799999999999
125.47
125.05
124.614
124.21
123.81200000000001
123.43
123.04400000000001
122.682
122.346
122.00800000000001
121.688
121.39800000000001
121.104
120.808
120.506
120.20400000000001
119.904
119.59
119.26599999999999
118.96600000000001
118.682
118.414
118.17
117.91999999999999
117.686
117.442
117.2
116.942
116.696
116.464
116.26
116.05399999999999
115.85
115.634
115.44
115.274
115.11600000000001
114.964
114.80199999999999
114.65599999999999
114.52199999999999
114.424
114.376
114.356
114.388
114.40799999999999
114.42999999999999
114.47399999999999
114.504
114.55199999999999
114.624
114.69600000000001
114.77000000000001
114.87
114.978
115.09199999999998
115.23400000000001
115.38
115.546
115.714
115.892
116.054
116.232
116.394
116.542
116.68800000000002
116.814
116.94200000000001
117.06800000000001
117.182
117.314
117.456
117.60000000000001
117.74199999999999
117.896
118.026
118.14999999999999
118.27600000000001
118.39
118.47999999999999
118.55199999999999
118.62199999999999
118.69399999999999
118.758
118.832
118.94
119.066
119.18199999999999
119.32400000000001
119.456
119.584
119.71600000000001
119.866
120.018
120.17
120.316
120.42999999999999
120.53
120.632
120.71000000000001
120.778
120.844
120.89
120.918
120.93999999999998
120.96600000000001
120.98400000000001
120.982
120.958
120.94
120.89800000000001
120.852
120.812
120.77799999999999
120.77000000000001
120.76399999999998
120.768
120.774
120.796
120.832
120.87
120.912
120.958
121.012
121.04800000000002
121.114
121.17
121.24999999999999
121.33200000000001
121.42
121.47999999999999
121.55199999999999
121.64000000000001
121.73599999999999
121.842
121.92199999999998
121.98400000000001
122.036
122.07400000000001
122.088
122.07799999999999
122.052
121.99000000000001
121.922
121.84200000000001
121.77799999999999
121.72399999999999
121.664
121.654
121.642
121.63999999999999
121.64599999999999
121.646
121.63600000000001
121.624
121.63
121.63999999999999
121.68
121.716
121.76599999999999
121.81799999999998
121.886
121.96799999999999
122.054
122.16600000000001
122.286
122.394
122.48599999999999
122.53200000000001
122.554
122.554
122.55
122.554
122.542
122.52799999999999
122.518
122.51599999999999
122.49999999999999
122.482
122.45600000000002
122.44200000000001
122.40599999999999
122.362
122.33200000000001
122.27799999999999
122.226
122.166
122.136
122.114
122.11800000000001
122.17800000000001
122.25
122.338
122.414
122.494
122.55
122.618
122.66600000000001
122.714
122.76999999999998
122.83600000000001
122.912
123.01599999999999
123.106
123.186
123.262
123.34200000000001
123.42
123.51400000000001
123.6
123.704
123.788
123.88199999999999
123.97800000000001
124.07400000000001
124.174
124.274
124.402
124.524
124.636
124.736
124.822
124.86600000000001
124.886
124.88400000000001
124.83200000000001
124.788
124.72399999999999
124.63199999999999
124.50200000000001
124.37199999999999
124.192
124.018
123.806
123.56800000000001
123.33399999999999
123.11200000000001
122.90200000000002
122.698
122.51400000000001
122.35999999999999
122.21799999999999
122.122
122.024
121.938
121.846
121.75200000000001
121.686
121.606
121.544
121.452
121.38400000000001
121.354
121.32400000000001
121.296
121.266
121.238
121.194
121.15200000000002
121.09400000000001
121.014
120.93
120.83000000000001
120.73599999999999
120.64
120.53
120.43
120.32600000000001
120.24600000000001
120.21799999999999
120.18800000000002
120.166
120.12200000000001
120.092
120.04400000000001
119.986
119.90799999999999
119.83600000000001
119.76599999999999
119.702
119.60999999999999
119.51400000000001
119.41399999999999
119.272
119.13199999999999
118.976
118.804
118.61
118.39599999999999
118.156
117.872
117.572
117.25399999999999
116.94999999999999
116.66199999999999
116.39999999999999
116.164
115.91600000000001
115.698
115.49199999999999
115.286
115.08
114.876
114.69800000000001
114.548
114.38999999999999
114.22999999999999
114.08200000000001
113.952
113.82999999999998
113.688
113.56200000000001
113.43
113.29400000000001
113.154
113.018
112.876
112.714
112.554
112.38199999999999
112.21799999999999
112.05599999999998
111.92
111.79
111.678
111.63
111.546
111.466
111.42
111.4
111.39000000000001
111.43599999999999
111.47800000000001
111.544
111.62400000000001
111.69399999999999
111.75999999999999
111.78200000000001
111.798
111.79999999999998
111.768
111.74199999999999
111.686
111.638
111.6
111.56799999999998
111.52799999999999
111.47200000000001
111.394
111.306
111.24000000000001
111.158
111.05199999999999
110.94999999999999
110.862
110.766
110.66
110.554
110.43799999999999
110.334
110.252
110.142
110.00000000000001
109.846
109.67799999999998
109.51599999999999
109.346
109.17999999999999
109.02199999999999
108.84599999999999
108.68
108.554
108.44200000000001
108.334
108.24600000000001
108.15200000000002
108.056
107.942
107.81200000000001
107.672
107.53200000000001
107.426
107.34400000000001
107.30599999999998
107.28399999999999
107.264
107.26599999999999
107.27
107.30199999999999
107.32
107.31800000000001
107.29
107.232
107.14999999999999
107.03999999999999
106.922
106.78399999999999
106.66399999999999
106.50999999999999
106.336
106.146
105.97
105.798
105.606
105.408
105.224
105.04599999999999
104.89
104.71600000000001
104.55
104.406
104.262
104.11200000000001
103.944
103.768
103.572
103.36999999999999
103.154
102.918
102.66999999999999
102.40599999999999
102.138
101.864
101.60999999999999
101.358
101.07400000000001
100.81599999999999
100.552
100.256
99.934
99.60799999999999
99.24600000000001
98.85399999999998
98.45400000000001
98.038
97.626
97.202
96.83
96.488
96.15199999999999
95.85
95.53399999999999
95.226
94.938
94.642
94.362
94.08999999999999
93.84599999999999
93.61600000000001
93.394
93.184
92.984
92.794
92.614
92.44200000000001
92.238
92.00400000000002
91.76
91.51
91.264
91.00999999999999
90.77600000000001
90.56400000000001
90.386
90.218
90.056
89.918
89.78799999999998
89.64399999999999
89.492
89.342
89.142
88.93599999999999
88.74600000000001
88.554
88.378
88.218
88.08399999999999
87.976
87.884
87.80799999999999
87.706
87.58200000000001
87.45599999999999
87.302
87.156
87.006
86.858
86.702
86.566
86.468
86.398
86.37
86.33
86.28399999999999
86.226
86.146
86.048
85.958
85.866
85.786
85.682
85.556
85.42599999999999
85.292
85.154
85.01
84.836
84.654
84.452
84.24000000000001
84.026
83.82000000000001
83.632
83.444
83.268
83.098
82.92399999999999
82.76
82.58600000000001
82.42599999999999
82.25999999999999
82.084
81.90199999999999
81.708
81.50800000000001
81.304
81.11000000000001
80.926
80.77000000000001
80.618
80.476
80.35
80.232
80.106
79.968
79.83000000000001
79.674
79.498
79.34
79.182
79.036
78.902
78.76
78.626
78.496
78.362
78.21600000000001
78.07
77.904
77.72200000000001
77.532
77.314
77.092
76.86
76.65799999999999
76.492
76.35
76.216
76.066
75.912
75.75
75.59
75.41
75.22200000000001
75.03200000000001
74.852
74.674
74.514
74.344
74.172
74.01
73.876
73.732
73.582
73.426
73.258
73.074
72.86600000000001
72.648
72.434
72.228
72.018
71.80199999999999
71.582
71.35400000000001
71.132
70.888
70.634
70.362
70.064
69.74000000000001
69.382
69.04400000000001
68.724
68.428
68.15199999999999
67.88999999999999
67.634
67.37599999999999
67.116
66.85600000000001
66.596
66.358
66.116
65.862
65.628
65.4
65.17599999999999
64.966
64.756
64.534
64.298
64.066
63.83
63.593999999999994
63.352
63.13400000000001
62.936
62.751999999999995
62.568000000000005
62.413999999999994
62.294000000000004
62.182
62.11
62.052
62.012
61.982000000000006
61.965999999999994
61.948
61.93600000000001
61.92999999999999
61.934
61.92
61.916000000000004
61.932
61.940000000000005
61.940000000000005
61.943999999999996
61.922
61.876
61.833999999999996
61.775999999999996
61.7
61.606
61.494
61.385999999999996
61.262
61.14399999999999
61.042
60.946
60.834
60.74
60.646
60.556000000000004
60.471999999999994
60.388
60.285999999999994
60.184000000000005
60.084
59.988
59.891999999999996
59.792
59.702000000000005
59.608000000000004
59.506
59.384
59.254
59.104000000000006
58.968
58.83
58.678
58.494
58.302
58.118
57.93000000000001
57.746
57.55799999999999
57.37599999999999
57.21600000000001
57.07
56.924
56.779999999999994
56.64
56.513999999999996
56.391999999999996
56.263999999999996
56.158
56.056000000000004
55.946
55.83
55.739999999999995
55.674
55.608000000000004
55.554
55.482
55.39999999999999
55.31399999999999
55.214000000000006
55.120000000000005
55.008
54.910000000000004
54.815999999999995
54.702
54.596000000000004
54.482
54.336
54.184
54.019999999999996
53.848
53.663999999999994
53.480000000000004
53.3
53.102000000000004
52.897999999999996
52.688
52.478
52.256
52.016
51.78
51.538
51.274
50.994
50.698
50.374
50.038
49.694
49.339999999999996
48.983999999999995
48.634
48.294000000000004
47.95399999999999
47.60600000000001
47.288000000000004
46.971999999999994
46.660000000000004
46.358000000000004
46.062
45.762
45.482
45.226
44.968
44.724
44.486000000000004
44.254000000000005
44.022
43.784000000000006
43.55199999999999
43.31400000000001
43.08
42.852
42.64
42.431999999999995
42.209999999999994
41.982
41.730000000000004
41.46600000000001
41.194
40.916000000000004
40.632
40.348
40.072
39.804
39.536
39.274
39.016
38.772
38.534
38.32
38.102000000000004
37.888
37.68
37.486000000000004
37.30200000000001
37.124
36.958
36.803999999999995
36.662
36.518
36.348
36.16
35.974
35.796
35.605999999999995
35.424
35.234
35.042
34.83
34.592
34.355999999999995
34.123999999999995
33.892
33.666000000000004
33.428
33.168
32.918
32.678
32.44
32.212
31.977999999999998
31.753999999999998
31.526
31.298
31.078000000000003
30.852000000000004
30.644
30.458
30.278000000000002
30.113999999999997
29.958
29.817999999999998
29.676
29.536
29.398
29.256
29.116
28.98
28.849999999999998
28.722
28.596000000000004
28.476
28.366000000000003
28.247999999999998
28.142000000000003
28.042
27.926000000000002
27.790000000000003
27.644
27.478
27.302
27.106
26.903999999999996
26.695999999999998
26.482
26.274
26.061999999999998
25.855999999999998
25.66
25.488
25.308
25.122
24.93
24.726000000000003
24.542
24.368000000000002
24.187999999999995
24.014000000000003
23.845999999999997
23.677999999999997
23.496000000000002
23.300000000000004
23.104
22.902
22.694
22.488
22.291999999999998
22.102
21.926
21.754
21.586
21.42
21.258
21.11
20.966
20.824
20.692
20.556
20.409999999999997
20.258
20.096
19.932
19.782
19.634
19.472
19.304000000000002
19.136
18.964
18.796
18.637999999999998
18.494
18.362
18.229999999999997
18.094
17.956
17.805999999999997
17.665999999999997
17.528
17.412
17.316000000000003
17.236
17.168
17.094
17.01
16.945999999999998
16.887999999999998
16.816
16.73
16.646
16.554000000000002
16.466
16.381999999999998
16.296
16.208
16.118
16.03
15.936
15.829999999999998
15.729999999999999
15.638000000000002
15.524
15.398
15.260000000000002
15.120000000000001
14.992
14.874
14.758000000000001
14.64
14.522
14.405999999999999
14.288
14.166
14.040000000000001
13.918000000000001
13.79
13.661999999999999
13.54
13.421999999999999
13.32
13.23
13.143999999999998
13.07
13.014
12.968
12.924
12.884
12.847999999999999
12.814
12.768
12.698
12.62
12.544
12.469999999999999
12.408000000000001
12.338000000000001
12.258000000000001
12.190000000000001
12.124
12.042
11.952000000000002
11.872
11.804
11.729999999999999
11.656000000000002
11.59
11.521999999999998
11.452
11.388
11.328
11.274000000000001
11.234
11.198
11.15
11.092000000000002
11.036000000000001
10.979999999999999
10.916
10.858
10.799999999999999
10.74
10.7
10.661999999999999
10.62
10.578
10.546
10.515999999999998
10.474
10.427999999999999
10.384
10.336
10.284
10.232000000000001
10.171999999999999
10.107999999999999
10.054
10.008
9.962
9.921999999999999
9.878
9.836
9.780000000000001
9.708
9.636
9.568
9.491999999999999
9.416
9.35
9.287999999999998
9.23
9.178
9.126000000000001
9.072000000000001
9.016
8.964
8.902000000000001
8.824
8.748
8.682
8.610000000000001
8.533999999999999
8.473999999999998
8.42
8.388
8.363999999999999
8.342
8.322
8.296000000000001
8.272
8.236
8.194
8.158
8.124
8.088
8.052
8.012
7.968
7.937999999999999
7.92
7.902
7.882
7.852
7.811999999999999
7.744
7.669999999999999
7.6000000000000005
7.5280000000000005
7.454000000000001
7.378
7.308
7.246
7.196
7.156
7.12
7.079999999999999
7.034
6.99
6.935999999999999
6.874
6.824
6.778
6.7299999999999995
6.680000000000001
6.63
6.582000000000001
6.546
6.522
6.506
6.494000000000001
6.47
6.442000000000001
6.402
6.356000000000001
6.316
6.282
6.248
6.216
6.179999999999999
6.136000000000001
6.106
6.086000000000001
6.0600000000000005
6.037999999999999
6.0120000000000005
5.986
5.946000000000001
5.903999999999999
5.87
5.842
5.822
5.805999999999999
5.786
5.754
5.73
5.714
5.698
5.6819999999999995
5.662
5.632
5.585999999999999
5.534000000000001
5.492
5.457999999999999
5.428
5.398000000000001
5.37
5.346
5.332
5.328
5.33
5.336
5.334
5.33
5.320000000000001
5.308
5.3
5.298
5.3
5.3
5.297999999999999
5.2940000000000005
5.295999999999999
5.298
5.304
5.312
5.312
5.313999999999999
5.314
5.302
5.2940000000000005
5.287999999999999
5.284000000000001
5.28
5.278
5.276000000000001
5.2780000000000005
5.282
5.28
5.2860000000000005
5.287999999999999
5.29
5.294
5.304000000000001
5.335999999999999
5.37
5.404
5.438
5.472
5.508
5.55
5.596
5.6339999999999995
5.656
5.659999999999999
5.652
5.64
5.6339999999999995
5.624
5.613999999999999
5.602
5.592
5.584
5.5760000000000005
5.572000000000001
5.569999999999999
5.56
5.546
5.522000000000001
5.491999999999999
5.473999999999999
5.457999999999999
5.441999999999999
5.4319999999999995
5.424
5.412
5.394
5.371999999999999
5.3580000000000005
5.346000000000001
5.327999999999999
5.304000000000001
5.284
5.262
5.242
5.218
5.204
5.186000000000001
5.167999999999999
5.151999999999999
5.128
5.103999999999999
5.087999999999999
5.077999999999999
5.069999999999999
5.065999999999999
5.053999999999999
5.04
5.03
5.02
5.016
5.0120000000000005
5.017999999999999
5.026
5.0379999999999985
5.050000000000001
5.062
5.07
5.061999999999999
5.050000000000001
5.0200000000000005
4.982
4.954
4.932
4.914
4.894
4.88
4.868
4.854
4.838
4.827999999999999
4.816
4.795999999999999
4.7780000000000005
4.752
4.718000000000001
4.6899999999999995
4.66
4.638
4.620000000000001
4.6080000000000005
4.596
4.574000000000001
4.558
4.540000000000001
4.516
4.492
4.465999999999999
4.436
4.396
4.356
4.324
4.287999999999999
4.252000000000001
4.224
4.202
4.172000000000001
4.138
4.104
4.069999999999999
4.042000000000001
4.010000000000001
3.9739999999999998
3.9379999999999997
3.9119999999999995
3.8979999999999997
3.8819999999999997
3.854
3.84
3.83
3.8200000000000003
3.81
3.8020000000000005
3.7920000000000003
3.782
3.7699999999999996
3.7619999999999996
3.75
3.748
3.7499999999999996
3.742
3.733999999999999
3.7359999999999998
3.7379999999999995
3.7359999999999998
3.7379999999999995
3.74
3.7420000000000004
3.74
3.74
3.7380000000000004
3.7320000000000007
3.73
3.7360000000000007
3.7460000000000004
3.762
3.7860000000000005
3.8140000000000005
3.8420000000000005
3.866
3.888000000000001
3.9100000000000006
3.934
3.9600000000000004
3.966
3.9659999999999997
3.9740000000000006
3.982
3.982
3.986
3.9939999999999998
4.006
4.010000000000001
4.013999999999999
4.014
4.012
4.006
4.002000000000001
4.0
3.992
3.996
4.008
4.008
4.006
4.010000000000001
4.014
4.02
4.028
4.038
4.048
4.056
4.064
4.066
4.064
4.064
4.07
4.077999999999999
4.088
4.1
4.12
4.144
4.172
4.206
4.234
4.2620000000000005
4.296
4.304
4.304
4.312
4.32
4.324
4.324
4.3340000000000005
4.3420000000000005
4.343999999999999
4.342
4.348
4.36
4.37
4.378
4.366
4.35
4.344
4.346
4.352
4.356
4.376
4.404
4.434
4.464
4.498
4.529999999999999
4.562000000000001
4.594
4.614000000000001
4.635999999999999
4.666
4.696
4.718
4.736
4.76
4.787999999999999
4.818
4.845999999999999
4.8759999999999994
4.9
4.925999999999999
4.954
4.967999999999999
4.975999999999999
4.988
5.004
5.005999999999999
5.0
4.989999999999999
4.976000000000001
4.958
4.944
4.926
4.91
4.8919999999999995
4.871999999999999
4.837999999999999
4.7940000000000005
4.765999999999999
4.742
4.718000000000001
4.692
4.68
4.664000000000001
4.652
4.638
4.6240000000000006
4.61
4.596
4.582
4.5600000000000005
4.5280000000000005
4.507999999999999
4.5
4.486
4.465999999999999
4.457999999999999
4.45
4.4399999999999995
4.43
4.4159999999999995
4.3999999999999995
4.382
4.367999999999999
4.34
4.31
4.292
4.278
4.262
4.24
4.22
4.196
4.1739999999999995
4.154
4.129999999999999
4.106
4.08
4.0520000000000005
4.013999999999999
3.968
3.9480000000000004
3.936
3.918
3.9000000000000004
3.8919999999999995
3.88
3.8680000000000003
3.8600000000000003
3.848
3.84
3.829999999999999
3.8179999999999996
3.8
3.78
3.7719999999999994
3.768
3.7600000000000007
3.75
3.738
3.7279999999999998
3.7079999999999993
3.684
3.6559999999999997
3.6260000000000003
3.5940000000000003
3.564
3.522
3.476
3.44
3.4019999999999997
3.356
3.308
3.266
3.224
3.184
3.14
3.098
3.0580000000000003
3.022
2.988
2.952
2.916
2.8959999999999995
2.88
2.8599999999999994
2.838
2.822
2.806
2.79
2.7720000000000002
2.7540000000000004
2.7319999999999998
2.7180000000000004
2.702
2.684
2.67
2.672
2.6799999999999997
2.6860000000000004
2.69
2.6820000000000004
2.6740000000000004
2.6620000000000004
2.648
2.6300000000000003
2.612
2.592
2.572
2.5460000000000003
2.516
2.494
2.48
2.4659999999999997
2.448
2.438
2.4339999999999997
2.4280000000000004
2.4259999999999997
2.4240000000000004
2.424
2.4240000000000004
2.424
2.42
2.4140000000000006
2.42
2.4299999999999997
2.446
2.462
2.4760000000000004
2.498
2.5180000000000002
2.54
2.5580000000000003
2.574
2.592
2.61
2.622
2.632
2.6540000000000004
2.6780000000000004
2.6980000000000004
2.7159999999999997
2.734
2.75
2.762
2.774
2.7880000000000003
2.7979999999999996
2.8120000000000003
2.824
2.834
2.842
2.856
2.872
2.884
2.896
2.904
2.91
2.9179999999999997
2.922
2.92
2.92
2.9199999999999995
2.918
2.914
2.91
2.9139999999999997
2.9219999999999997
2.9259999999999997
2.928
2.928
2.932
2.936
2.942
2.944
2.9459999999999997
2.948
2.95
2.9519999999999995
2.9539999999999997
2.956
2.9579999999999997
2.9579999999999997
2.96
2.968
2.9779999999999998
2.992
3.01
3.0200000000000005
3.034
3.0460000000000003
3.0559999999999996
3.0600000000000005
3.062
3.0680000000000005
3.0700000000000003
3.0680000000000005
3.066
3.0600000000000005
3.056
3.066
3.0759999999999996
3.0759999999999996
3.078
3.082
3.086
3.082
3.0759999999999996
3.078
3.082
3.088
3.096
3.096
3.098
3.0999999999999996
3.0999999999999996
3.09
3.0780000000000003
3.0639999999999996
3.05
3.034
3.018
3.0060000000000002
2.9919999999999995
2.9779999999999998
2.9619999999999997
2.9379999999999997
2.9139999999999997
2.894
2.8739999999999997
2.8499999999999996
2.824
2.8
2.776
2.7459999999999996
2.7119999999999997
2.688
2.6719999999999997
2.652
2.632
2.614
2.594
2.578
2.566
2.552
2.54
2.528
2.52
2.512
2.498
2.4859999999999998
2.474
2.4619999999999997
2.452
2.44
2.428
2.424
2.4219999999999997
2.418
2.414
2.418
2.42
2.4179999999999997
2.416
2.4139999999999997
2.4139999999999997
2.4179999999999997
2.424
2.4179999999999997
2.4099999999999997
2.4099999999999997
2.4119999999999995
2.4119999999999995
2.41
2.4139999999999997
2.42
2.4159999999999995
2.41
2.402
2.394
2.39
2.386
2.374
2.3600000000000003
2.35
2.3440000000000003
2.334
2.3200000000000003
2.316
2.3080000000000003
2.296
2.282
2.2699999999999996
2.258
2.2439999999999998
2.23
2.2119999999999997
2.1919999999999997
2.182
2.1699999999999995
2.156
2.1419999999999995
2.1340000000000003
2.1279999999999997
2.116
2.1060000000000003
2.1060000000000003
2.108
2.11
2.1119999999999997
2.104
2.096
2.0940000000000003
2.0900000000000003
2.088
2.088
2.098
2.1039999999999996
2.102
2.098
2.0959999999999996
2.094
2.0919999999999996
2.09
2.08
2.0679999999999996
2.056
2.04
2.0260000000000002
2.008
1.9940000000000002
1.9800000000000002
1.9640000000000002
1.946
1.932
1.92
1.9040000000000001
1.8840000000000003
1.8660000000000003
1.8480000000000003
1.8320000000000003
1.818
1.8000000000000003
1.7799999999999998
1.7600000000000002
1.74
1.7160000000000002
1.688
1.6600000000000001
1.64
1.62
1.602
1.588
1.574
1.572
1.57
1.562
1.5539999999999998
1.548
1.5419999999999998
1.536
1.5299999999999998
1.528
1.526
1.524
1.52
1.514
1.504
1.508
1.514
1.514
1.514
1.518
1.522
1.526
1.528
1.54
1.552
1.564
1.58
1.582
1.58
1.586
1.592
1.5919999999999999
1.5899999999999999
1.5879999999999999
1.5859999999999999
1.5839999999999999
1.5839999999999999
1.5879999999999999
1.5939999999999999
1.5999999999999999
1.6059999999999999
1.604
1.6039999999999999
1.6059999999999999
1.61
1.6139999999999999
1.6199999999999999
1.624
1.628
1.6320000000000001
1.634
1.642
1.6480000000000001
1.652
1.654
1.6480000000000001
1.6400000000000001
1.632
1.6219999999999999
1.6119999999999999
1.6019999999999999
1.5899999999999999
1.576
1.5619999999999998
1.548
1.544
1.5419999999999998
1.54
1.5379999999999998
1.5339999999999998
1.5299999999999998
1.532
1.5380000000000003
1.544
1.5500000000000003
1.556
1.5620000000000003
1.5659999999999998
1.5700000000000003
1.5739999999999998
1.5780000000000003
1.5819999999999999
1.588
1.592
1.5939999999999999
1.592
1.588
1.584
1.58
1.5779999999999998
1.576
1.576
1.574
1.5759999999999998
1.578
1.5799999999999998
1.5779999999999998
1.5699999999999998
1.558
1.542
1.5240000000000002
1.5000000000000002
1.4760000000000002
1.458
1.4400000000000002
1.4200000000000002
1.402
1.3840000000000001
1.368
1.3499999999999999
1.334
1.316
1.3
1.28
1.262
1.244
1.226
1.21
1.19
1.168
1.146
1.122
1.098
1.074
1.05
1.024
0.994
0.976
0.96
0.944
0.9279999999999999
0.912
0.8940000000000001
0.8760000000000001
0.8580000000000001
0.8400000000000001
0.8200000000000001
0.798
0.778
0.758
0.742
0.734
0.724
0.716
0.712
0.7020000000000001
0.688
0.6739999999999999
0.6619999999999999
0.65
0.64
0.628
0.616
0.6
0.584
0.5740000000000001
0.5660000000000001
0.5660000000000001
0.5660000000000001
0.5660000000000001
0.5680000000000001
0.5720000000000001
0.5780000000000001
0.5840000000000001
0.5920000000000001
0.598
0.602
0.604
0.6080000000000001
0.614
0.62
0.628
0.634
0.64
0.65
0.66
0.672
0.6859999999999999
0.7
0.714
0.728
0.736
0.74
0.748
0.756
0.766
0.778
0.786
0.794
0.804
0.8140000000000001
0.8220000000000001
0.8300000000000001
0.8320000000000001
0.8360000000000001
0.8400000000000001
0.8440000000000001
0.8540000000000001
0.8660000000000001
0.8780000000000001
0.8920000000000001
0.9040000000000001
0.9140000000000001
0.9240000000000002
0.9340000000000002
0.9420000000000002
0.9500000000000002
0.9540000000000002
0.9560000000000002
0.9560000000000002
0.9540000000000002
0.956
0.956
0.958
0.96
0.958
0.958
0.958
0.96
0.962
0.964
0.968
0.972
0.97
0.9680000000000001
0.9680000000000001
0.9680000000000001
0.9640000000000001
0.9600000000000001
0.9580000000000001
0.9560000000000001
0.9560000000000001
0.9560000000000001
0.9560000000000001
0.9560000000000001
0.9520000000000001
0.9500000000000001
0.9500000000000001
0.9480000000000001
0.9460000000000001
0.9420000000000001
0.9380000000000001
0.934
0.93
0.9240000000000002
0.9220000000000002
0.9220000000000002
0.9220000000000002
0.9200000000000002
0.9180000000000001
0.9140000000000001
0.9120000000000001
0.9100000000000001
0.9120000000000001
0.9160000000000001
0.9200000000000002
0.9240000000000002
0.9260000000000002
0.9280000000000002
0.9300000000000002
0.9300000000000002
0.9240000000000002
0.9160000000000001
0.9040000000000001
0.8900000000000001
0.8780000000000001
0.8660000000000001
0.8560000000000001
0.8460000000000001
0.8360000000000001
0.8260000000000001
0.8160000000000001
0.806
0.796
0.784
0.77
0.754
0.7359999999999999
0.7179999999999999
0.7000000000000001
0.682
0.67
0.66
0.648
0.64
0.634
0.63
0.626
0.622
0.616
0.61
0.604
0.598
0.598
0.596
0.594
0.592
0.59
0.588
0.588
0.588
0.588
0.59
0.588
0.584
0.5800000000000001
0.5740000000000001
0.5720000000000001
0.5700000000000001
0.5700000000000001
0.5700000000000001
0.5680000000000001
0.5660000000000001
0.5640000000000001
0.562
0.562
0.56
0.558
0.554
0.55
0.546
0.54
0.534
0.532
0.53
0.528
0.526
0.526
0.526
0.524
0.522
0.52
0.518
0.516
0.514
0.516
0.516
0.516
0.516
0.516
0.514
0.512
0.51
0.508
0.504
0.502
0.5
0.5
0.49999999999999994
0.49999999999999994
0.49999999999999994
0.49799999999999994
0.49799999999999994
0.49599999999999994
0.49199999999999994
0.48799999999999993
0.48599999999999993
0.48599999999999993
0.48599999999999993
0.48199999999999993
0.4779999999999999
0.47600000000000003
0.47600000000000003
0.48199999999999993
0.48799999999999993
0.49199999999999994
0.49599999999999994
0.49999999999999994
0.502
0.504
0.506
0.508
0.51
0.512
0.512
0.514
0.516
0.518
0.52
0.522
0.524
0.528
0.534
0.538
0.538
0.536
0.532
0.532
0.534
0.532
0.532
0.534
0.538
0.54
0.542
0.54
0.54
0.54
0.54
0.538
0.534
0.532
0.53
0.532
0.536
0.542
0.548
0.554
0.56
0.5660000000000001
0.5740000000000001
0.5820000000000001
0.5900000000000001
0.5980000000000001
0.6080000000000001
0.6200000000000001
0.6320000000000001
0.6440000000000001
0.6560000000000001
0.6680000000000001
0.6800000000000002
0.688
0.696
0.704
0.712
0.72
0.728
0.734
0.74
0.746
0.752
0.758
0.77
0.778
0.786
0.792
0.796
0.8
0.804
0.808
0.8140000000000001
0.8220000000000001
0.8340000000000001
0.8460000000000001
0.8580000000000001
0.8679999999999999
0.8779999999999999
0.8819999999999999
0.8859999999999999
0.8880000000000001
0.8900000000000001
0.8920000000000001
0.8920000000000001
0.8939999999999999
0.8959999999999999
0.8979999999999999
0.8979999999999999
0.8979999999999999
0.8999999999999999
0.9059999999999999
0.9119999999999999
0.9179999999999999
0.9219999999999999
0.9259999999999999
0.9299999999999999
0.9299999999999999
0.9299999999999999
0.9299999999999999
0.9299999999999999
0.9299999999999999
0.9299999999999999
0.9299999999999999
0.9299999999999999
0.9259999999999999
0.9219999999999999
0.9179999999999999
0.9139999999999999
0.9099999999999999
0.9079999999999999
0.9059999999999999
0.9039999999999999
0.8999999999999999
0.8959999999999999
0.8939999999999999
0.8919999999999999
0.8899999999999999
0.8879999999999999
0.8859999999999999
0.8819999999999999
0.8799999999999999
0.8759999999999999
0.8699999999999999
0.8619999999999999
0.8539999999999999
0.8459999999999999
0.8419999999999999
0.8379999999999999
0.8359999999999999
0.8339999999999999
0.8319999999999999
0.8300000000000001
0.8280000000000001
0.8260000000000001
0.8240000000000001
0.8220000000000001
0.8200000000000001
0.8180000000000001
0.8160000000000001
0.8140000000000001
0.812
0.808
0.804
0.8
0.792
0.784
0.776
0.768
0.76
0.752
0.744
0.736
0.734
0.732
0.73
0.73
0.726
0.722
0.718
0.714
0.712
0.712
0.714
0.71
0.712
0.716
0.72
0.726
0.734
0.744
0.75
0.752
0.748
0.74
0.732
0.726
0.72
0.714
0.712
0.712
0.714
0.716
0.718
0.72
0.7200000000000001
0.7200000000000001
0.7180000000000001
0.7160000000000001
0.7160000000000001
0.7160000000000001
0.7160000000000001
0.7160000000000001
0.7180000000000001
0.7200000000000001
0.7180000000000001
0.7160000000000001
0.7160000000000001
0.7160000000000001
0.7140000000000001
0.7120000000000001
0.7100000000000001
0.7080000000000001
0.706
0.704
0.708
0.712
0.716
0.72
0.724
0.726
0.724
0.72
0.716
0.71
0.706
0.704
0.702
0.7
0.7
0.7
0.702
0.704
0.706
0.708
0.712
0.716
0.7199999999999999
0.7219999999999999
0.7219999999999999
0.7239999999999999
0.7279999999999999
0.7319999999999999
0.7399999999999999
0.7499999999999999
0.7599999999999999
0.7699999999999999
0.7739999999999999
0.776
0.776
0.776
0.776
0.776
0.774
0.774
0.778
0.78
0.782
0.784
0.786
0.788
0.79
0.792
0.786
0.78
0.774
0.766
0.76
0.754
0.75
0.746
0.74
0.732
0.722
0.712
0.7
0.6859999999999999
0.6739999999999999
0.6619999999999999
0.6479999999999999
0.6339999999999999
0.624
0.616
0.612
0.61
0.608
0.604
0.598
0.592
0.586
0.58
0.5720000000000001
0.5640000000000001
0.556
0.55
0.542
0.534
0.53
0.526
0.52
0.516
0.512
0.508
0.504
0.5
0.498
0.496
0.496
0.496
0.496
0.494
0.492
0.49
0.488
0.486
0.482
0.478
0.47400000000000003
0.47000000000000003
0.468
0.466
0.468
0.47200000000000003
0.474
0.476
0.476
0.474
0.472
0.47
0.46599999999999997
0.46399999999999997
0.46399999999999997
0.46399999999999997
0.45799999999999996
0.45399999999999996
0.44799999999999995
0.44399999999999995
0.43800000000000006
0.43200000000000005
0.42600000000000005
0.41800000000000004
0.40800000000000003
0.398
0.384
0.368
0.352
0.336
0.326
0.318
0.314
0.31
0.30200000000000005
0.29400000000000004
0.28800000000000003
0.28
0.272
0.264
0.256
0.248
0.24000000000000002
0.232
0.22400000000000003
0.21600000000000003
0.21400000000000002
0.21200000000000002
0.21000000000000002
0.20800000000000002
0.21000000000000002
0.21200000000000002
0.21400000000000002
0.216
0.218
0.22
0.222
0.224
0.226
0.23
0.23399999999999999
0.238
0.24
0.24
0.24
0.24
0.24
0.23800000000000002
0.23600000000000002
0.23600000000000002
0.238
0.24
0.242
0.24399999999999997
0.24799999999999997
0.254
0.256
0.256
0.26
0.264
0.264
0.266
0.268
0.26799999999999996
0.268
0.268
0.268
0.268
0.268
0.268
0.268
0.268
0.272
0.278
0.28
0.28200000000000003
0.28400000000000003
0.28600000000000003
0.28800000000000003
0.29000000000000004
0.29200000000000004
0.29400000000000004
0.29400000000000004
0.29400000000000004
0.29400000000000004
0.294
0.296
0.298
0.298
0.29799999999999993
0.29799999999999993
0.298
0.298
0.296
0.292
0.288
0.292
0.294
0.296
0.296
0.3
0.304
0.308
0.312
0.316
0.32
0.32399999999999995
0.32999999999999996
0.32999999999999996
0.33199999999999996
0.33399999999999996
0.33599999999999997
0.33599999999999997
0.33599999999999997
0.33999999999999997
0.344
0.346
0.348
0.352
0.356
0.36
0.364
0.366
0.368
0.372
0.376
0.376
0.376
0.376
0.376
0.376
0.376
0.376
0.376
0.378
0.38
0.382
0.384
0.386
0.386
0.384
0.382
0.384
0.386
0.388
0.39
0.39
0.39
0.39
0.388
0.384
0.38
0.376
0.372
0.368
0.362
0.36
0.358
0.356
0.354
0.354
0.352
0.35
0.346
0.33999999999999997
0.33399999999999996
0.328
0.322
0.316
0.31
0.304
0.298
0.29
0.282
0.27799999999999997
0.27399999999999997
0.26999999999999996
0.266
0.262
0.258
0.254
0.25
0.246
0.242
0.238
0.234
0.23
0.226
0.224
0.222
0.22
0.218
0.216
0.21400000000000002
0.21200000000000002
0.21000000000000002
0.20600000000000002
0.202
0.198
0.194
0.188
0.182
0.176
0.16999999999999998
0.16399999999999998
0.15799999999999997
0.152
0.144
0.142
0.13799999999999998
0.13399999999999998
0.13
0.126
0.122
0.118
0.11399999999999999
0.11199999999999999
0.10999999999999999
0.106
0.102
0.09799999999999999
0.094
0.092
0.09
0.088
0.086
0.088
0.09
0.092
0.094
0.094
0.094
0.092
0.09
0.086
0.08200000000000002
0.07800000000000001
0.07400000000000001
0.07
0.066
0.064
0.062000000000000006
0.058
0.054000000000000006
0.05
0.046
0.044
0.041999999999999996
0.04
0.038
0.038
0.038
0.038
0.036
0.034
0.032
0.03
0.028000000000000004
0.026000000000000002
0.024
0.022
0.02
0.018
0.016
0.016
0.016
0.016
0.016
0.016
0.016
0.016
0.016
0.016
0.016
0.016
0.016
0.016
0.016
0.016
0.016
0.016
0.016
0.016
0.016
0.016
0.018000000000000002
0.02
0.022
0.022
0.022
0.022
0.022
0.022
0.022
0.022
0.022
0.022
0.022
0.022
0.022
0.022
0.022
0.022
0.022
0.024
0.026
0.027999999999999997
0.03
0.032
0.034
0.038000000000000006
0.042
0.044
0.046
0.048
0.05
0.052000000000000005
0.054000000000000006
0.056
0.058
0.060000000000000005
0.062
0.062
0.062
0.06
0.057999999999999996
0.055999999999999994
0.054
0.052
0.049999999999999996
0.048
0.046
0.046
0.046
0.046
0.046
0.046
0.046
0.046
0.046
0.046
0.046
0.046
0.046
0.046
0.046
0.046
0.046
0.046
0.046
0.046
0.046
0.046
0.046
0.046
0.046
0.046
0.046
0.046
0.046
0.048
0.049999999999999996
0.052
0.054
0.055999999999999994
0.057999999999999996
0.06
0.062
0.064
0.066
0.068
0.07
0.07
0.07
0.07200000000000001
0.07400000000000001
0.076
0.078
0.08
0.08199999999999999
0.08399999999999999
0.086
0.088
0.09
0.092
0.092
0.09
0.088
0.088
0.088
0.088
0.088
0.088
0.088
0.088
0.088
0.088
0.088
0.088
0.088
0.09
0.092
0.094
0.096
0.094
0.092
0.09
0.08800000000000001
0.08600000000000001
0.084
0.08
0.076
0.074
0.07200000000000001
0.07
0.068
0.066
0.064
0.062
0.06
0.058
0.056
0.058
0.060000000000000005
0.060000000000000005
0.060000000000000005
0.060000000000000005
0.060000000000000005
0.060000000000000005
0.060000000000000005
0.060000000000000005
0.060000000000000005
0.060000000000000005
0.060000000000000005
0.060000000000000005
0.060000000000000005
0.060000000000000005
0.060000000000000005
0.060000000000000005
0.060000000000000005
0.060000000000000005
0.060000000000000005
0.060000000000000005
0.060000000000000005
0.060000000000000005
0.060000000000000005
0.060000000000000005
0.060000000000000005
0.060000000000000005
0.060000000000000005
0.060000000000000005
0.060000000000000005
0.060000000000000005
0.060000000000000005
0.060000000000000005
0.060000000000000005
0.060000000000000005
0.060000000000000005
0.060000000000000005
0.060000000000000005
0.058
0.056
0.054
0.052
0.049999999999999996
0.048
0.046
0.044
0.042
0.04
0.038
0.036000000000000004
0.036000000000000004
0.036000000000000004
0.034
0.032
0.03
0.028
0.026
0.024
0.022000000000000002
0.02
0.018000000000000002
0.016
0.014
0.012
0.014
0.016
0.018000000000000002
0.02
0.022000000000000002
0.024
0.026
0.028
0.03
0.032
0.032
0.032
0.032
0.032
0.03
0.028
0.026000000000000002
0.024
0.026000000000000002
0.028
0.03
0.032
0.032
0.032
0.034
0.036000000000000004
0.038
0.04
0.042
0.044
0.046
0.048
0.049999999999999996
0.052
0.052
0.052
0.049999999999999996
0.048
0.048
0.048
0.048
0.048
0.048
0.048
0.048
0.048
0.048
0.048
0.048
0.048
0.049999999999999996
0.052
0.054
0.056
0.058
0.060000000000000005
0.062000000000000006
0.064
0.066
0.068
0.07
0.07200000000000001
0.07200000000000001
0.07200000000000001
0.07200000000000001
0.07200000000000001
0.07200000000000001
0.07200000000000001
0.07200000000000001
0.074
0.076
0.078
0.08
0.082
0.08600000000000001
0.09
0.092
0.094
0.096
0.098
0.098
0.098
0.098
0.098
0.098
0.098
0.098
0.098
0.098
0.098
0.098
0.098
0.098
0.098
0.098
0.098
0.098
0.098
0.098
0.098
0.096
0.094
0.092
0.09000000000000001
0.08800000000000001
0.08600000000000001
0.084
0.082
0.08
0.078
0.078
0.078
0.078
0.078
0.078
0.078
0.078
0.078
0.07600000000000001
0.07400000000000001
0.07200000000000001
0.07
0.07
0.07
0.068
0.066
0.064
0.062
0.06
0.057999999999999996
0.055999999999999994
0.054000000000000006
0.052000000000000005
0.05
0.05
0.05
0.05
0.05
0.05
0.05
0.05
0.05
0.05
0.05
0.05
0.05
0.05
0.05
0.05
0.05
0.048
0.046
0.044
0.041999999999999996
0.04000000000000001
0.038000000000000006
0.036000000000000004
0.034
0.032
0.03
0.028
0.026
0.026
0.026
0.026
0.026
0.026
0.026
0.026
0.024
0.022
0.02
0.018000000000000002
0.016
0.012
0.008
0.006
0.004
0.002
0.0
0.0
0.0
0.0
0.0
0.0
0.0
0.0
0.0
0.0
0.0
0.0
0.0
0.0
0.0
0.0
0.0
0.0
0.0
0.0
0.0
0.0
0.0
0.0
0.0
0.0
0.0
0.0
0.0
0.0
0.0
0.0
0.0
0.0
0.0
0.0
0.0
0.0
0.0
0.0
0.0
0.0
0.0
0.0
0.0
0.0
0.0
0.0
0.0
0.0
0.0
0.0
0.0
0.0
0.0
0.0
0.0
0.0
0.0
0.0
0.0
0.0
0.0
0.0
0.0
0.0
0.0
0.0
0.0
0.002
0.004
0.006
0.008
0.01
0.012
0.014000000000000002
0.016
0.018
0.02
0.02
0.02
0.02
0.02
0.02
0.02
0.02
0.02
0.02
0.02
0.02
0.02
0.02
0.02
0.02
0.02
0.02
0.02
0.02
0.02
0.02
0.02
0.02
0.02
0.02
0.02
0.02
0.02
0.02
0.02
0.02
0.02
0.02
0.02
0.02
0.02
0.02
0.02
0.02
0.02
0.02
0.02
0.02
0.02
0.02
0.02
0.02
0.02
0.02
0.02
0.02
0.02
0.02
0.02
0.02
0.02
0.02
0.02
0.02
0.02
0.02
0.02
0.02
0.02
0.02
0.02
0.02
0.02
0.02
0.02
0.02
0.02
0.02
0.02
0.02
0.02
0.02
0.02
0.02
0.02
0.02
0.02
0.02
0.02
0.02
0.02
0.02
0.02
0.02
0.02
0.018
0.016
0.014000000000000002
0.012
0.01
0.008
0.006
0.004
0.002
0.0
0.0
0.0
0.0
0.0
0.0
0.0
0.0
0.0
0.0
0.0
0.0
0.0
0.0
0.0
0.0
0.0
0.0
0.0
0.0
0.0
0.0
0.0
0.0
0.0
0.0
0.0
0.0
0.0
0.0
0.0
0.0
0.0
0.0
0.0
0.0
0.0
0.0
0.0
0.0
0.0
0.0
0.0
0.0
0.0
0.0
0.0
0.0
0.0
0.0
0.0
0.0
0.0
0.0
0.0
0.0
0.0
0.0
0.0
0.0
0.0
0.0
0.0
0.0
0.0
0.0
0.0
0.0
0.0
0.0
0.0
0.0
0.0
0.0
0.0
0.0
0.0
0.0
0.0
0.0
0.0
0.0
0.0
0.0
0.0
0.0
0.0
0.0
0.0
0.0
0.0
0.0
0.0
0.0
0.0
0.0
0.0
0.0
0.0
0.0
0.0
0.0
0.0
0.0
0.0
0.0
0.0
0.0
0.0
0.0
0.0
0.0
0.0
0.0
0.0
0.0
0.0
0.0
0.0
0.0
0.002
0.004
0.006
0.008
0.01
0.012
0.014000000000000002
0.014000000000000002
0.014000000000000002
0.014000000000000002
0.014000000000000002
0.014000000000000002
0.014000000000000002
0.014000000000000002
0.014000000000000002
0.014000000000000002
0.014000000000000002
0.014000000000000002
0.014000000000000002
0.014000000000000002
0.014000000000000002
0.014000000000000002
0.014000000000000002
0.014000000000000002
0.014000000000000002
0.014000000000000002
0.014000000000000002
0.014000000000000002
0.014000000000000002
0.014000000000000002
0.014000000000000002
0.014000000000000002
0.014000000000000002
0.014000000000000002
0.014000000000000002
0.014000000000000002
0.014000000000000002
0.014000000000000002
0.014000000000000002
0.014000000000000002
0.014000000000000002
0.014000000000000002
0.014000000000000002
0.014000000000000002
0.014000000000000002
0.014000000000000002
0.014000000000000002
0.014000000000000002
0.014000000000000002
0.014000000000000002
0.014000000000000002
0.014000000000000002
0.014000000000000002
0.014000000000000002
0.014000000000000002
0.014000000000000002
0.014000000000000002
0.014000000000000002
0.014000000000000002
0.014000000000000002
0.014000000000000002
0.014000000000000002
0.014000000000000002
0.014000000000000002
0.014000000000000002
0.014000000000000002
0.014000000000000002
0.014000000000000002
0.014000000000000002
0.014000000000000002
0.014000000000000002
0.014000000000000002
0.014000000000000002
0.014000000000000002
0.014000000000000002
0.014000000000000002
0.016
0.018
0.02
0.022
0.024
0.026000000000000002
0.028000000000000004
0.03
0.032
0.032
0.032
0.032
0.032
0.032
0.032
0.032
0.032
0.032
0.032
0.032
0.032
0.032
0.032
0.032
0.03
0.028000000000000004
0.026000000000000002
0.024
0.022
0.02
0.018
0.018
0.018
0.018
0.018
0.018
0.018
0.018
0.018
0.018
0.018
0.018
0.018
0.018
0.018
0.018
0.018
0.018
0.018
0.018
0.018
0.018
0.018
0.018
0.018
0.018
0.018
0.018
0.018
0.018
0.018
0.018
0.018
0.018
0.018
0.018
0.018
0.018
0.018
0.018
0.018
0.018
0.018
0.018
0.018
0.018
0.018
0.018
0.018
0.018
0.018
0.018
0.018
0.018
0.018
0.018
0.018
0.018
0.018
0.018
0.018
0.018
0.018
0.018
0.018
0.018
0.018
0.018
0.018
0.018
0.016
0.014000000000000002
0.012
0.01
0.008
0.006
0.004
0.002
0.0
0.0
0.0
0.0
0.0
0.0
0.0
0.0
0.0
0.0
0.0
0.0
0.0
0.0
0.0
0.002
0.004
0.006
0.008
0.01
0.012
0.014000000000000002
0.016
0.016
0.016
0.016
0.016
0.016
0.016
0.016
0.016
0.016
0.016
0.016
0.016
0.016
0.016
0.016
0.016
0.016
0.016
0.016
0.016
0.016
0.016
0.016
0.016
0.016
0.016
0.016
0.016
0.016
0.016
0.016
0.016
0.016
0.016
0.016
0.016
0.016
0.016
0.016
0.016
0.016
0.016
0.016
0.016
0.016
0.016
0.016
0.016
0.016
0.016
0.016
0.016
0.016
0.016
0.016
0.016
0.016
0.016
0.016
0.016
0.016
0.016
0.016
0.016
0.016
0.016
0.016
0.016
0.016
0.016
0.016
0.016
0.016
0.016
0.016
0.016
0.016
0.016
0.016
0.016
0.016
0.016
0.016
0.016
0.016
0.016
0.016
0.016
0.016
0.016
0.016
0.016
0.014000000000000002
0.012
0.01
0.008
0.006
0.004
0.002
0.0
0.0
0.0
0.0
0.0
0.0
0.0
0.0
0.0
0.0
0.0
0.0
0.0
0.0
0.0
0.0
0.0
0.0
0.0
0.0
0.0
0.0
0.0
0.0
0.0
0.0
0.0
0.0
0.0
0.0
0.0
0.0
0.0
0.0
0.0
0.0
0.0
0.0
0.0
0.0
0.0
0.0
0.0
0.0
0.0
0.0
0.0
0.0
0.0
0.0
0.0
0.0
0.0
0.0
0.0
0.0
0.0
0.0
0.0
0.0
0.0
0.0
0.0
0.0
0.0
0.0
0.0
0.0
0.0
0.0
0.0
0.0
0.0
0.0
0.0
0.0
0.0
0.0
0.0
0.0
0.0
0.0
0.0
0.0
0.0
0.0
0.0
0.0
0.0
0.0
0.0
0.0
0.0
0.0
0.0
0.0
0.0
0.0
0.0
0.0
