0.002
0.004
0.006
0.008
0.01
0.012
0.014000000000000002
0.016
0.018
0.02
0.022
0.024
0.026000000000000002
0.028000000000000004
0.03
0.032
0.034
0.036
0.038
0.04
0.041999999999999996
0.044
0.046
0.05
0.054000000000000006
0.058
0.062000000000000006
0.066
0.06999999999999999
0.074
0.078
0.082
0.08600000000000001
0.09
0.094
0.098
0.10200000000000001
0.106
0.11
0.11599999999999999
0.122
0.128
0.134
0.14
0.14600000000000002
0.15200000000000002
0.16000000000000003
0.16799999999999998
0.18
0.192
0.20600000000000002
0.22
0.234
0.248
0.262
0.276
0.292
0.308
0.324
0.34
0.358
0.376
0.394
0.412
0.43
0.45
0.47
0.48999999999999994
0.512
0.53
0.548
0.5660000000000001
0.5860000000000001
0.6060000000000001
0.6280000000000001
0.6500000000000001
0.672
0.6960000000000001
0.72
0.7459999999999999
0.7739999999999999
0.8059999999999999
0.838
0.866
0.8939999999999998
0.922
0.9500000000000001
0.9680000000000001
0.984
1.0
1.016
1.032
1.048
1.064
1.082
1.102
1.124
1.1480000000000001
1.174
1.196
1.2159999999999997
1.2319999999999998
1.2479999999999998
1.2639999999999998
1.282
1.2999999999999998
1.318
1.3299999999999998
1.34
1.3499999999999999
1.36
1.3699999999999999
1.3800000000000001
1.39
1.404
1.418
1.432
1.446
1.46
1.474
1.4879999999999998
1.502
1.518
1.532
1.5479999999999998
1.562
1.5759999999999998
1.582
1.586
1.586
1.586
1.586
1.586
1.5899999999999999
1.594
1.5979999999999999
1.6019999999999999
1.6079999999999999
1.6139999999999999
1.6179999999999999
1.6219999999999999
1.626
1.63
1.63
1.632
1.636
1.64
1.644
1.646
1.65
1.652
1.654
1.656
1.658
1.66
1.662
1.6639999999999997
1.6659999999999997
1.67
1.674
1.676
1.68
1.686
1.692
1.698
1.704
1.71
1.716
1.722
1.734
1.746
1.758
1.772
1.782
1.792
1.802
1.816
1.828
1.84
1.8419999999999999
1.8419999999999999
1.8379999999999999
1.834
1.836
1.838
1.8399999999999999
1.842
1.854
1.8679999999999999
1.884
1.904
1.9259999999999997
1.948
1.9659999999999997
1.9819999999999998
1.9959999999999998
2.008
2.0180000000000002
2.0260000000000002
2.04
2.0540000000000003
2.072
2.092
2.112
2.132
2.146
2.158
2.178
2.2
2.224
2.248
2.276
2.3040000000000003
2.324
2.3360000000000003
2.346
2.3579999999999997
2.372
2.388
2.4
2.412
2.426
2.4419999999999997
2.458
2.472
2.4879999999999995
2.504
2.526
2.55
2.576
2.602
2.628
2.654
2.676
2.698
2.7199999999999998
2.742
2.762
2.7880000000000003
2.816
2.8440000000000003
2.8680000000000003
2.894
2.9239999999999995
2.9519999999999995
2.9779999999999998
3.002
3.0279999999999996
3.054
3.08
3.106
3.132
3.158
3.184
3.2140000000000004
3.242
3.27
3.2960000000000003
3.3200000000000003
3.3460000000000005
3.3720000000000003
3.396
3.418
3.4439999999999995
3.47
3.4939999999999998
3.518
3.538
3.5560000000000005
3.5700000000000003
3.584
3.5900000000000003
3.5900000000000003
3.596
3.604
3.611999999999999
3.616
3.62
3.626
3.6420000000000003
3.662
3.6879999999999997
3.714
3.7359999999999998
3.758
3.774
3.79
3.8100000000000005
3.8320000000000003
3.854
3.8720000000000008
3.888
3.904
3.9160000000000004
3.9240000000000004
3.9299999999999997
3.934
3.936
3.944
3.95
3.958
3.968
3.98
3.994
4.01
4.022
4.032
4.036
4.044
4.048
4.052
4.0520000000000005
4.052
4.064
4.082
4.102
4.12
4.138
4.154
4.1739999999999995
4.194
4.208
4.220000000000001
4.226
4.232
4.2379999999999995
4.246
4.258
4.2700000000000005
4.284
4.298
4.312
4.33
4.342
4.354
4.358
4.362
4.366
4.364
4.368
4.3740000000000006
4.3839999999999995
4.392
4.401999999999999
4.412000000000001
4.422
4.432
4.4399999999999995
4.446
4.446000000000001
4.444000000000001
4.438000000000001
4.43
4.422000000000001
4.412
4.404
4.398000000000001
4.396000000000001
4.394
4.392
4.3919999999999995
4.388
4.384
4.38
4.378
4.376
4.38
4.388
4.398000000000001
4.412
4.43
4.446
4.458
4.468
4.474
4.474
4.4719999999999995
4.468
4.464
4.458
4.448
4.432
4.418
4.41
4.404
4.396
4.385999999999999
4.37
4.351999999999999
4.33
4.308
4.2860000000000005
4.264
4.25
4.239999999999999
4.236
4.236000000000001
4.24
4.24
4.234
4.2299999999999995
4.223999999999999
4.2139999999999995
4.206
4.196
4.202
4.212
4.228000000000001
4.24
4.2540000000000004
4.27
4.288
4.308
4.326
4.344
4.37
4.398000000000001
4.428
4.462000000000001
4.492000000000001
4.516
4.546
4.574000000000001
4.594
4.612
4.628
4.6419999999999995
4.652
4.66
4.672000000000001
4.686
4.700000000000001
4.710000000000001
4.726000000000001
4.746
4.776000000000001
4.8100000000000005
4.84
4.87
4.896
4.922
4.9399999999999995
4.956
4.972
4.989999999999999
5.010000000000001
5.034
5.0520000000000005
5.07
5.092
5.117999999999999
5.138
5.1579999999999995
5.178
5.198
5.21
5.216
5.218
5.218000000000001
5.220000000000001
5.2219999999999995
5.222
5.220000000000001
5.214
5.208
5.204
5.198
5.192
5.188
5.180000000000001
5.168
5.164000000000001
5.166
5.17
5.175999999999999
5.186
5.2
5.218
5.234000000000001
5.2540000000000004
5.2780000000000005
5.298
5.316
5.33
5.342
5.362
5.384
5.41
5.44
5.474
5.512
5.548
5.582000000000001
5.61
5.6419999999999995
5.672000000000001
5.7
5.728000000000001
5.755999999999999
5.790000000000001
5.822000000000001
5.858
5.896
5.931999999999999
5.970000000000001
5.998
6.016
6.022
6.024
6.026
6.026
6.0280000000000005
6.03
6.029999999999999
6.0280000000000005
6.02
6.014
6.01
6.006
6.01
6.024
6.036
6.048
6.078
6.11
6.146000000000001
6.186
6.2299999999999995
6.2780000000000005
6.324
6.3740000000000006
6.424
6.474000000000001
6.52
6.561999999999999
6.588
6.602
6.619999999999999
6.6419999999999995
6.664
6.6819999999999995
6.71
6.75
6.791999999999999
6.833999999999999
6.877999999999999
6.922000000000001
6.966
7.01
7.0440000000000005
7.076
7.122
7.171999999999999
7.226
7.277999999999999
7.34
7.405999999999999
7.4799999999999995
7.5600000000000005
7.64
7.7219999999999995
7.8020000000000005
7.879999999999999
7.952
8.014
8.069999999999999
8.126
8.170000000000002
8.206
8.246
8.29
8.336
8.386
8.436
8.488
8.544
8.606000000000002
8.656
8.694
8.714
8.719999999999999
8.724
8.732
8.74
8.752
8.764
8.778
8.796000000000001
8.814
8.834
8.85
8.864
8.882
8.896
8.902000000000001
8.906
8.911999999999999
8.926
8.942
8.958
8.978
8.994
9.01
9.02
9.026000000000002
9.030000000000001
9.044
9.07
9.107999999999999
9.148
9.19
9.232
9.276
9.32
9.370000000000001
9.404
9.424
9.432
9.432
9.424
9.412
9.393999999999998
9.382000000000001
9.368000000000002
9.356
9.344000000000001
9.33
9.316
9.3
9.272
9.246
9.218
9.19
9.158000000000001
9.123999999999999
9.106
9.1
9.096
9.09
9.074000000000002
9.058
9.042
9.018
8.99
8.962
8.926000000000002
8.89
8.850000000000001
8.808
8.780000000000001
8.756
8.73
8.706
8.684
8.666
8.634
8.594
8.546
8.5
8.453999999999999
8.408
8.37
8.336
8.312
8.296
8.29
8.288
8.3
8.316
8.328
8.336
8.344
8.346
8.35
8.351999999999999
8.354
8.348
8.354000000000001
8.372
8.41
8.464
8.526
8.585999999999999
8.638
8.682
8.725999999999999
8.77
8.812000000000001
8.85
8.886000000000001
8.922
8.96
9.0
9.05
9.106
9.162
9.222
9.270000000000001
9.312000000000001
9.352
9.39
9.43
9.47
9.517999999999999
9.566
9.623999999999999
9.681999999999999
9.748000000000001
9.806000000000001
9.852000000000002
9.886
9.899999999999999
9.9
9.895999999999999
9.879999999999999
9.878
9.888000000000002
9.906
9.932
9.954
9.969999999999999
9.996
10.018
10.036
10.054
10.072
10.09
10.096
10.094
10.100000000000001
10.098
10.102
10.113999999999999
10.132
10.159999999999998
10.182
10.204
10.22
10.229999999999999
10.238000000000001
10.25
10.261999999999999
10.278
10.293999999999999
10.308
10.328000000000001
10.346
10.376000000000001
10.41
10.434
10.450000000000001
10.462
10.469999999999999
10.469999999999999
10.472
10.48
10.492
10.498
10.494
10.481999999999998
10.463999999999999
10.446
10.434000000000001
10.421999999999999
10.41
10.394
10.372
10.346
10.319999999999999
10.296000000000001
10.267999999999999
10.238
10.208
10.175999999999998
10.143999999999998
10.118
10.091999999999999
10.072000000000001
10.052
10.021999999999998
9.976
9.93
9.88
9.834
9.792
9.746
9.7
9.652
9.604
9.556000000000001
9.514
9.48
9.448
9.418
9.394000000000002
9.376000000000001
9.356
9.338
9.312
9.283999999999999
9.26
9.234000000000002
9.212
9.186
9.161999999999999
9.132
9.104
9.066
9.026
8.988
8.954
8.924
8.904
8.888
8.886
8.886
8.884
8.886000000000001
8.884
8.882
8.882
8.87
8.844000000000001
8.809999999999999
8.774
8.734
8.690000000000001
8.662
8.646
8.636000000000001
8.628
8.616
8.606
8.600000000000001
8.595999999999998
8.594000000000001
8.588000000000001
8.588000000000001
8.592
8.6
8.613999999999999
8.628
8.642
8.66
8.682
8.706
8.728000000000002
8.732
8.73
8.732
8.744
8.760000000000002
8.776
8.799999999999999
8.82
8.846
8.878
8.924
8.978
9.036
9.1
9.154
9.198
9.218
9.226
9.226
9.229999999999999
9.238
9.248
9.266
9.29
9.306000000000001
9.32
9.341999999999999
9.368
9.392
9.424
9.44
9.45
9.47
9.501999999999999
9.532
9.565999999999999
9.606
9.648
9.684
9.714
9.739999999999998
9.768
9.792
9.814
9.828
9.838
9.848
9.85
9.850000000000001
9.850000000000001
9.852
9.866
9.881999999999998
9.89
9.886000000000001
9.870000000000001
9.846
9.815999999999999
9.774
9.722000000000001
9.672
9.626
9.588
9.556000000000001
9.54
9.527999999999999
9.504
9.468
9.432
9.398
9.36
9.326
9.298
9.278
9.266
9.266
9.278000000000002
9.29
9.308
9.33
9.35
9.366
9.378
9.386
9.388
9.376
9.364
9.341999999999999
9.328
9.314
9.296000000000001
9.278
9.266000000000002
9.258
9.245999999999999
9.232
9.218
9.204
9.184
9.166
9.168000000000001
9.178
9.192
9.202000000000002
9.202
9.202000000000002
9.196
9.190000000000001
9.186
9.184000000000001
9.172
9.158
9.14
9.117999999999999
9.106
9.102
9.124
9.158000000000001
9.198
9.232000000000001
9.262
9.292
9.302000000000001
9.304
9.31
9.32
9.32
9.318
9.318
9.316
9.326
9.342
9.352
9.36
9.372
9.386
9.392
9.386
9.38
9.372
9.367999999999999
9.366
9.37
9.372
9.374
9.370000000000001
9.354
9.332
9.309999999999999
9.288
9.258
9.216
9.174
9.136000000000001
9.11
9.094
9.092
9.094
9.106
9.132000000000001
9.155999999999999
9.182
9.21
9.238
9.26
9.280000000000001
9.308
9.341999999999999
9.376000000000001
9.408000000000001
9.443999999999999
9.482
9.526
9.57
9.612
9.658
9.707999999999998
9.762
9.804
9.836
9.849999999999998
9.852
9.847999999999999
9.841999999999999
9.836
9.832
9.830000000000002
9.836
9.826
9.818000000000001
9.814
9.815999999999999
9.822
9.824
9.828
9.828000000000001
9.818
9.806
9.790000000000001
9.766
9.734
9.698
9.66
9.62
9.588
9.558
9.528
9.498
9.467999999999998
9.434000000000001
9.405999999999999
9.376
9.344000000000001
9.314
9.288
9.26
9.222
9.18
9.139999999999999
9.104000000000001
9.072000000000001
9.040000000000001
9.014
9.0
8.99
8.988
8.978
8.966000000000001
8.948
8.927999999999999
8.908
8.892
8.878
8.870000000000001
8.864
8.858
8.86
8.876
8.908
8.948
8.98
9.006
9.034
9.065999999999999
9.092
9.12
9.146
9.172
9.2
9.234
9.262
9.292
9.312000000000001
9.332
9.344
9.346
9.341999999999999
9.344
9.344
9.334
9.326
9.312
9.298
9.290000000000001
9.28
9.27
9.251999999999999
9.229999999999999
9.204
9.174
9.14
9.102
9.064
9.026
8.982
8.934
8.882
8.828000000000001
8.79
8.764
8.758
8.765999999999998
8.778
8.796000000000001
8.828
8.864
8.898
8.924
8.962
8.992
9.022
9.049999999999999
9.07
9.084
9.1
9.123999999999999
9.148
9.170000000000002
9.202
9.244
9.286
9.33
9.368
9.402000000000001
9.434
9.462
9.488
9.514
9.54
9.566
9.59
9.614
9.652000000000001
9.69
9.714
9.728000000000002
9.744
9.762
9.78
9.794
9.804
9.814
9.83
9.84
9.86
9.874
9.896
9.928
9.962
9.992
10.026
10.06
10.094000000000001
10.126000000000001
10.144000000000002
10.158
10.168000000000001
10.18
10.187999999999999
10.200000000000001
10.219999999999999
10.244
10.258000000000003
10.264000000000001
10.280000000000001
10.303999999999998
10.347999999999999
10.402000000000001
10.428
10.431999999999999
10.428
10.418000000000001
10.414
10.404
10.404
10.414000000000001
10.416
10.410000000000002
10.411999999999999
10.42
10.436
10.458
10.466000000000001
10.462
10.462
10.459999999999999
10.457999999999998
10.450000000000001
10.437999999999999
10.434000000000001
10.431999999999999
10.43
10.427999999999999
10.428
10.440000000000001
10.454
10.454
10.448
10.437999999999999
10.43
10.41
10.39
10.376000000000001
10.36
10.336
10.312000000000001
10.286
10.266
10.244
10.234
10.21
10.176
10.14
10.106
10.072000000000001
10.027999999999999
9.99
9.958
9.93
9.906
9.886000000000001
9.872
9.862000000000002
9.856
9.839999999999998
9.828
9.82
9.813999999999998
9.799999999999999
9.786
9.778
9.776
9.766
9.758
9.759999999999998
9.772
9.788
9.806
9.809999999999999
9.808
9.808
9.808
9.812000000000001
9.82
9.824
9.828
9.832
9.825999999999999
9.818
9.808000000000002
9.79
9.772
9.752
9.733999999999998
9.726
9.716000000000001
9.706
9.687999999999999
9.671999999999999
9.654
9.622
9.582
9.542
9.504
9.456
9.393999999999998
9.315999999999999
9.228
9.161999999999999
9.113999999999999
9.09
9.084
9.084
9.092
9.1
9.107999999999999
9.126
9.156
9.17
9.18
9.17
9.149999999999999
9.142
9.145999999999999
9.156
9.17
9.204
9.248000000000001
9.290000000000001
9.324
9.354
9.383999999999999
9.405999999999999
9.424000000000001
9.418000000000001
9.412
9.424
9.441999999999998
9.458
9.472
9.492
9.511999999999999
9.520000000000001
9.522
9.526
9.533999999999999
9.540000000000001
9.546000000000001
9.536000000000001
9.518
9.508
9.506
9.516
9.526
9.538
9.558
9.578
9.596
9.61
9.618
9.620000000000001
9.614
9.602
9.59
9.588
9.588
9.594
9.602
9.616
9.632
9.642
9.65
9.662
9.672
9.677999999999999
9.676
9.674
9.67
9.675999999999998
9.694
9.714
9.73
9.744
9.764
9.782
9.806
9.835999999999999
9.870000000000001
9.898
9.927999999999999
9.942
9.95
9.957999999999998
9.972000000000001
9.979999999999999
9.99
10.002
10.024000000000001
10.044
10.062
10.096
10.138
10.17
10.191999999999998
10.198
10.198
10.198
10.200000000000001
10.196000000000002
10.188
10.18
10.17
10.162
10.152000000000001
10.14
10.128
10.116
10.108
10.106
10.101999999999999
10.116
10.139999999999999
10.154
10.166
10.17
10.17
10.164
10.16
10.171999999999999
10.193999999999999
10.208
10.218
10.222
10.216
10.229999999999999
10.246
10.258000000000001
10.27
10.286000000000001
10.302000000000001
10.309999999999999
10.322000000000001
10.344
10.372
10.398
10.424
10.444
10.453999999999999
10.484
10.517999999999999
10.56
10.597999999999999
10.632
10.664
10.698
10.732
10.766
10.796
10.818
10.829999999999998
10.839999999999998
10.852
10.874
10.898
10.918
10.936
10.95
10.96
10.97
10.98
10.988
10.994000000000002
10.988
10.982
10.98
10.99
11.002
11.015999999999998
11.042000000000002
11.062
11.079999999999998
11.1
11.118000000000002
11.13
11.132000000000001
11.126000000000001
11.116
11.104
11.075999999999999
11.032
10.996
10.96
10.93
10.888
10.850000000000001
10.811999999999998
10.782
10.745999999999999
10.716000000000001
10.690000000000001
10.666
10.644
10.618
10.594000000000001
10.589999999999998
10.606
10.634
10.666
10.696000000000002
10.719999999999999
10.72
10.713999999999999
10.703999999999999
10.693999999999999
10.686
10.68
10.664
10.632
10.608
10.585999999999999
10.56
10.536
10.518
10.5
10.488
10.48
10.475999999999999
10.472
10.462
10.45
10.437999999999999
10.43
10.436
10.454
10.48
10.51
10.529999999999998
10.549999999999999
10.558
10.568000000000001
10.588
10.604
10.622
10.64
10.648
10.644
10.65
10.663999999999998
10.676
10.692
10.698
10.704
10.696
10.68
10.661999999999999
10.639999999999999
10.618
10.596
10.568000000000001
10.538
10.509999999999998
10.48
10.448
10.416
10.386
10.356
10.324000000000002
10.292
10.266
10.236
10.212
10.190000000000001
10.181999999999999
10.178
10.182
10.18
10.178
10.18
10.161999999999999
10.138
10.104000000000001
10.068
10.027999999999999
9.988
9.956
9.925999999999998
9.888
9.848
9.83
9.832
9.848
9.872
9.884
9.892
9.902000000000001
9.914000000000001
9.916
9.911999999999999
9.898
9.888
9.862
9.824
9.798
9.780000000000001
9.766
9.748000000000001
9.724
9.7
9.682
9.672
9.682
9.702
9.718
9.734
9.73
9.714
9.706
9.704
9.704
9.71
9.706
9.696
9.69
9.682
9.668
9.652
9.626000000000001
9.604
9.582
9.56
9.55
9.542
9.532
9.524000000000001
9.512
9.494000000000002
9.49
9.485999999999999
9.47
9.442
9.405999999999999
9.372
9.33
9.290000000000001
9.252
9.216
9.177999999999999
9.138
9.096
9.052000000000001
9.016
8.988
8.968
8.952
8.924000000000001
8.886
8.84
8.790000000000001
8.75
8.724
8.706000000000001
8.692
8.678
8.67
8.674000000000001
8.68
8.672
8.662
8.648
8.632
8.607999999999999
8.579999999999998
8.548
8.51
8.466
8.424
8.384
8.342
8.314
8.296000000000001
8.278
8.256
8.238
8.216000000000001
8.188
8.16
8.142000000000001
8.128
8.114
8.102
8.085999999999999
8.068000000000001
8.058
8.059999999999999
8.044
8.02
7.972
7.912
7.852
7.784000000000001
7.724
7.674
7.63
7.586000000000001
7.546
7.5040000000000004
7.468000000000001
7.432
7.402
7.38
7.358
7.336
7.324
7.314
7.326
7.346
7.372
7.397999999999999
7.424
7.446
7.48
7.513999999999999
7.552
7.593999999999999
7.624
7.648
7.675999999999999
7.698
7.7219999999999995
7.744
7.766000000000001
7.784000000000001
7.788000000000001
7.78
7.772000000000001
7.766
7.758000000000001
7.752000000000001
7.759999999999999
7.768
7.7780000000000005
7.7860000000000005
7.8020000000000005
7.816000000000001
7.840000000000001
7.872
7.8839999999999995
7.882
7.8759999999999994
7.868
7.862
7.854
7.8340000000000005
7.813999999999999
7.798
7.788
7.787999999999999
7.7940000000000005
7.808
7.822
7.827999999999999
7.8260000000000005
7.824
7.8180000000000005
7.806000000000001
7.796000000000001
7.782
7.758
7.7299999999999995
7.71
7.6979999999999995
7.686
7.674
7.662000000000001
7.646
7.632
7.622
7.611999999999999
7.604000000000001
7.598000000000001
7.5920000000000005
7.594
7.596
7.6
7.606
7.609999999999999
7.614
7.6160000000000005
7.612
7.6
7.59
7.58
7.572000000000001
7.56
7.562
7.57
7.608
7.664
7.706
7.742
7.778
7.814
7.841999999999999
7.870000000000001
7.895999999999999
7.925999999999999
7.954000000000001
7.981999999999999
8.008000000000001
8.026
8.046
8.068
8.076
8.072
8.064
8.056000000000001
8.044
8.03
8.014000000000001
8.0
7.986
7.974
7.96
7.9399999999999995
7.938
7.94
7.932
7.916
7.894
7.872
7.846
7.824
7.81
7.8020000000000005
7.789999999999999
7.778
7.7620000000000005
7.742
7.728
7.725999999999999
7.708
7.684
7.654
7.628
7.604000000000001
7.576
7.564
7.568
7.58
7.594000000000001
7.597999999999999
7.6
7.618
7.639999999999999
7.65
7.652000000000001
7.646
7.64
7.63
7.6240000000000006
7.628
7.638
7.65
7.662
7.676
7.683999999999999
7.714
7.758000000000001
7.798
7.828
7.856000000000001
7.888
7.918
7.950000000000001
7.982
8.009999999999998
8.033999999999999
8.059999999999999
8.082
8.102
8.134
8.168000000000001
8.193999999999999
8.216000000000001
8.242
8.27
8.298
8.324
8.354000000000001
8.39
8.426
8.459999999999999
8.482
8.495999999999999
8.514
8.536000000000001
8.552
8.565999999999999
8.59
8.62
8.655999999999999
8.69
8.724
8.758
8.79
8.815999999999999
8.838000000000001
8.858
8.876
8.89
8.896
8.886
8.874
8.858
8.84
8.82
8.799999999999999
8.780000000000001
8.762
8.742
8.716000000000001
8.696
8.677999999999999
8.66
8.638
8.618
8.59
8.562
8.538
8.516
8.49
8.463999999999999
8.442
8.42
8.402
8.379999999999999
8.362
8.348
8.338000000000001
8.328000000000001
8.338000000000001
8.354000000000001
8.376000000000001
8.396
8.414
8.432
8.456
8.475999999999999
8.49
8.5
8.514
8.524
8.532
8.54
8.564
8.6
8.645999999999999
8.692
8.724
8.744
8.76
8.774000000000001
8.782
8.786000000000001
8.782
8.776
8.77
8.758000000000001
8.758000000000001
8.764000000000001
8.77
8.776
8.784
8.798
8.81
8.82
8.82
8.82
8.806
8.786
8.768
8.746
8.742
8.74
8.74
8.741999999999999
8.735999999999999
8.728
8.722
8.714
8.704
8.696000000000002
8.686
8.672
8.655999999999999
8.637999999999998
8.626000000000001
8.616
8.613999999999999
8.616
8.608
8.602
8.602
8.604
8.598
8.588000000000001
8.574000000000002
8.56
8.546
8.533999999999999
8.533999999999999
8.546
8.578
8.62
8.658
8.693999999999999
8.732000000000001
8.768
8.796
8.824
8.838
8.828
8.812
8.8
8.788
8.777999999999999
8.786000000000001
8.804
8.816
8.828
8.84
8.846
8.852
8.86
8.854000000000001
8.846
8.838000000000001
8.834
8.824
8.812000000000001
8.808
8.802
8.79
8.78
8.77
8.764000000000001
8.758
8.754
8.748
8.742
8.74
8.75
8.762
8.774000000000001
8.788
8.803999999999998
8.808
8.808
8.814
8.826
8.84
8.854
8.862
8.868
8.876
8.886000000000001
8.892
8.9
8.906
8.91
8.908
8.902
8.884
8.852
8.824
8.799999999999999
8.770000000000001
8.73
8.698
8.67
8.64
8.612
8.576
8.544
8.498
8.444
8.388
8.33
8.27
8.209999999999999
8.144
8.074
8.018
7.970000000000001
7.9239999999999995
7.878
7.827999999999999
7.782
7.73
7.674
7.622
7.5600000000000005
7.498
7.434000000000001
7.3759999999999994
7.326
7.284000000000001
7.246
7.210000000000001
7.172
7.13
7.084
7.032000000000001
6.982000000000001
6.938
6.898
6.858
6.820000000000001
6.786
6.755999999999999
6.742
6.744
6.746
6.75
6.75
6.746
6.742000000000001
6.732
6.726
6.7219999999999995
6.726000000000001
6.733999999999999
6.736
6.734
6.7459999999999996
6.76
6.764
6.758
6.754000000000001
6.746
6.728
6.71
6.696
6.682
6.67
6.654
6.634
6.612000000000001
6.588
6.558
6.521999999999999
6.478
6.432
6.384
6.327999999999999
6.268
6.216
6.1659999999999995
6.122000000000001
6.08
6.0360000000000005
5.994
5.962
5.932
5.908
5.8839999999999995
5.859999999999999
5.836
5.800000000000001
5.763999999999999
5.7299999999999995
5.696
5.676
5.668
5.65
5.630000000000001
5.6240000000000006
5.626
5.632
5.638
5.644
5.654
5.659999999999999
5.662000000000001
5.678
5.6979999999999995
5.726
5.758
5.78
5.795999999999999
5.814
5.832000000000001
5.848
5.867999999999999
5.888
5.91
5.926
5.932
5.944
5.9559999999999995
5.970000000000001
5.996
6.018000000000001
6.042000000000001
6.07
6.1
6.13
6.1579999999999995
6.186
6.215999999999999
6.242000000000001
6.274000000000001
6.306
6.34
6.376
6.41
6.427999999999999
6.438
6.448
6.454
6.46
6.466
6.474
6.48
6.488
6.498
6.5
6.504
6.507999999999999
6.508
6.486000000000001
6.458
6.434
6.4159999999999995
6.398
6.382
6.372
6.367999999999999
6.3580000000000005
6.347999999999999
6.338000000000001
6.327999999999999
6.316
6.300000000000001
6.268
6.231999999999999
6.198
6.164000000000001
6.138
6.118
6.101999999999999
6.084
6.064
6.0440000000000005
6.036
6.031999999999999
6.0280000000000005
6.026
6.0200000000000005
6.008
6.0
5.991999999999999
5.986000000000001
5.988
5.99
5.996
5.992000000000001
5.986000000000001
5.989999999999999
6.0
6.0120000000000005
6.026
6.024
6.01
6.0040000000000004
6.0040000000000004
6.0
5.998
5.998
5.997999999999999
5.994
5.989999999999999
5.99
5.994000000000001
6.0
6.01
6.0120000000000005
6.006
5.998
5.9959999999999996
5.996
5.997999999999999
6.0
6.0
5.9959999999999996
5.9879999999999995
5.988
5.997999999999999
6.012
6.030000000000001
6.040000000000001
6.040000000000001
6.04
6.032
6.0200000000000005
6.004
5.988
5.976
5.9559999999999995
5.932
5.912000000000001
5.886
5.858
5.828
5.776
5.718
5.667999999999999
5.623999999999999
5.582000000000001
5.540000000000001
5.497999999999999
5.458
5.416
5.369999999999999
5.3260000000000005
5.282
5.254
5.228
5.198
5.1659999999999995
5.151999999999999
5.144
5.140000000000001
5.132
5.122
5.114000000000001
5.104
5.092
5.086
5.08
5.077999999999999
5.076
5.061999999999999
5.05
5.053999999999999
5.066
5.08
5.093999999999999
5.106
5.118
5.126
5.128
5.132
5.138000000000001
5.134
5.126
5.118
5.109999999999999
5.102
5.098
5.09
5.08
5.07
5.052
5.032
5.008000000000001
4.992
4.98
4.959999999999999
4.932
4.902
4.87
4.848
4.834
4.824
4.808
4.792
4.772
4.75
4.728000000000001
4.710000000000001
4.688
4.662
4.6339999999999995
4.604
4.57
4.544
4.524000000000001
4.517999999999999
4.5120000000000005
4.497999999999999
4.4799999999999995
4.462
4.442
4.4239999999999995
4.4079999999999995
4.390000000000001
4.368
4.34
4.308
4.286
4.27
4.2620000000000005
4.26
4.256
4.252000000000001
4.246
4.236
4.234
4.2379999999999995
4.24
4.242
4.246
4.248
4.272
4.304
4.342
4.386
4.416
4.444000000000001
4.468
4.492
4.5200000000000005
4.548
4.5760000000000005
4.602
4.62
4.635999999999999
4.656000000000001
4.677999999999999
4.702
4.73
4.756
4.7860000000000005
4.818
4.852
4.896
4.938
4.968
4.998
5.026000000000001
5.056
5.101999999999999
5.145999999999999
5.19
5.232
5.266000000000001
5.300000000000001
5.334
5.369999999999999
5.404000000000001
5.444
5.466
5.482
5.502
5.524
5.542
5.556
5.574
5.593999999999999
5.602
5.606
5.603999999999999
5.604
5.596
5.586
5.576
5.566
5.5680000000000005
5.573999999999999
5.58
5.588000000000001
5.602
5.616
5.628
5.64
5.644
5.648
5.646
5.643999999999999
5.636
5.623999999999999
5.62
5.616
5.61
5.606000000000001
5.6000000000000005
5.594
5.5840000000000005
5.572
5.568
5.5680000000000005
5.562
5.556
5.544
5.526
5.508
5.489999999999999
5.4719999999999995
5.452
5.432
5.412
5.396
5.382
5.374
5.367999999999999
5.359999999999999
5.356
5.343999999999999
5.328
5.314
5.3
5.284000000000001
5.268000000000001
5.25
5.23
5.210000000000001
5.186000000000001
5.1819999999999995
5.182
5.183999999999999
5.183999999999999
5.176
5.164000000000001
5.153999999999999
5.145999999999999
5.132
5.117999999999999
5.103999999999999
5.087999999999999
5.064000000000001
5.03
4.998
4.962
4.911999999999999
4.851999999999999
4.779999999999999
4.712000000000001
4.656
4.602
4.55
4.498
4.442
4.39
4.34
4.292
4.25
4.21
4.170000000000001
4.13
4.098000000000001
4.066
4.0520000000000005
4.0440000000000005
4.038
4.032
4.026
4.018
4.006
3.9920000000000004
3.9760000000000004
3.96
3.9459999999999997
3.93
3.9200000000000004
3.912
3.9059999999999997
3.8979999999999997
3.8860000000000006
3.8719999999999994
3.862
3.85
3.836
3.822
3.808
3.7940000000000005
3.7880000000000003
3.784
3.7859999999999996
3.7880000000000003
3.798
3.812
3.8200000000000003
3.8280000000000003
3.8400000000000003
3.8520000000000003
3.864
3.88
3.898
3.92
3.942
3.9640000000000004
3.9899999999999998
4.016
4.040000000000001
4.07
4.104
4.138
4.172
4.206
4.238
4.27
4.298
4.328
4.35
4.366
4.385999999999999
4.406
4.424
4.436
4.446
4.4559999999999995
4.464
4.478
4.492
4.508
4.522
4.534000000000001
4.529999999999999
4.522
4.5120000000000005
4.5
4.494
4.49
4.484
4.478000000000001
4.474
4.470000000000001
4.466
4.462000000000001
4.466
4.476
4.48
4.484
4.5
4.5200000000000005
4.544
4.564
4.5840000000000005
4.602
4.62
4.635999999999999
4.65
4.662
4.67
4.676
4.682
4.688
4.693999999999999
4.7
4.698
4.696000000000001
4.696
4.6979999999999995
4.699999999999999
4.7
4.7
4.7059999999999995
4.714
4.7219999999999995
4.736
4.748
4.76
4.773999999999999
4.788
4.804
4.82
4.838
4.854
4.874
4.8919999999999995
4.91
4.926
4.942
4.949999999999999
4.957999999999999
4.966
4.974
4.976
4.976
4.972
4.968000000000001
4.966
4.962000000000001
4.956
4.948
4.942
4.932
4.92
4.904000000000001
4.890000000000001
4.876
4.864
4.852
4.838
4.8180000000000005
4.794
4.7700000000000005
4.7459999999999996
4.722
4.6979999999999995
4.674
4.646
4.616
4.596
4.58
4.56
4.536
4.5200000000000005
4.516
4.508
4.506
4.508
4.504
4.504
4.502000000000001
4.498
4.494
4.502
4.5120000000000005
4.524
4.538
4.548
4.562
4.572
4.578
4.588
4.598000000000001
4.608
4.618
4.62
4.618
4.617999999999999
4.618
4.6160000000000005
4.618
4.622
4.628
4.616
4.598
4.576
4.554
4.538
4.522
4.504
4.484
4.466
4.446
4.428
4.4079999999999995
4.394
4.38
4.362
4.337999999999999
4.315999999999999
4.298
4.286
4.273999999999999
4.26
4.244
4.2379999999999995
4.2379999999999995
4.24
4.244
4.244
4.242
4.236000000000001
4.23
4.228
4.224
4.22
4.215999999999999
4.212
4.2059999999999995
4.199999999999999
4.19
4.18
4.167999999999999
4.156
4.144
4.134
4.122
4.102
4.08
4.055999999999999
4.032
4.006
3.982
3.96
3.9379999999999997
3.914
3.888
3.862
3.8380000000000005
3.8179999999999996
3.8
3.782
3.762
3.742
3.724
3.7060000000000004
3.688
3.6739999999999995
3.658
3.64
3.624
3.6079999999999997
3.5960000000000005
3.584
3.566
3.5460000000000003
3.52
3.4959999999999996
3.472
3.4479999999999995
3.4240000000000004
3.402
3.382
3.362
3.346
3.332
3.318
3.3040000000000003
3.2880000000000003
3.274
3.262
3.248
3.2359999999999998
3.226
3.2199999999999998
3.2220000000000004
3.226
3.232
3.2379999999999995
3.2440000000000007
3.25
3.2539999999999996
3.2560000000000002
3.268
3.2859999999999996
3.3
3.314
3.3280000000000003
3.3420000000000005
3.3579999999999997
3.3740000000000006
3.3859999999999997
3.4000000000000004
3.412
3.426
3.4419999999999997
3.458
3.4619999999999997
3.46
3.454
3.4459999999999997
3.436
3.426
3.418
3.41
3.4019999999999997
3.394
3.386
3.3739999999999997
3.374
3.374
3.3739999999999997
3.3739999999999997
3.37
3.364
3.3579999999999997
3.354
3.3519999999999994
3.35
3.356
3.366
3.378
3.392
3.418
3.446
3.4699999999999998
3.494
3.5279999999999996
3.5639999999999996
3.6
3.64
3.6819999999999995
3.7220000000000004
3.7539999999999996
3.782
3.8099999999999996
3.838
3.864
3.888
3.918
3.952
3.9859999999999998
4.022
4.0600000000000005
4.096
4.132
4.17
4.204000000000001
4.24
4.276
4.312
4.35
4.384
4.41
4.432
4.460000000000001
4.49
4.517999999999999
4.545999999999999
4.5600000000000005
4.572
4.582
4.587999999999999
4.5920000000000005
4.596
4.598
4.6
4.598
4.598
4.6000000000000005
4.602
4.6080000000000005
4.612
4.612
4.608
4.604
4.6
4.596
4.594
4.5920000000000005
4.590000000000001
4.588
4.586
4.585999999999999
4.586
4.592
4.598
4.588000000000001
4.574
4.558000000000001
4.54
4.524000000000001
4.506
4.4879999999999995
4.468
4.448
4.428
4.422
4.427999999999999
4.436
4.442
4.446
4.4479999999999995
4.449999999999999
4.456
4.46
4.466
4.472
4.478
4.476
4.476
4.48
4.482
4.484
4.488
4.494
4.498
4.502000000000001
4.506
4.51
4.518
4.524000000000001
4.5280000000000005
4.5280000000000005
4.526
4.526
4.5280000000000005
4.526
4.526
4.522
4.514
4.500000000000001
4.486
4.48
4.482
4.488
4.494000000000001
4.498
4.5
4.502000000000001
4.5040000000000004
4.51
4.514
4.508000000000001
4.5
4.476
4.4479999999999995
4.422
4.394
4.364
4.332
4.302
4.274000000000001
4.247999999999999
4.226
4.204
4.18
4.156
4.132000000000001
4.112
4.09
4.07
4.0520000000000005
4.034
4.0120000000000005
3.9899999999999998
3.9719999999999995
3.96
3.9460000000000006
3.932
3.92
3.9
3.88
3.864
3.848
3.8260000000000005
3.8039999999999994
3.7859999999999996
3.766
3.7460000000000004
3.7220000000000004
3.6999999999999997
3.678
3.66
3.644
3.628
3.612
3.608
3.606
3.604
3.6059999999999994
3.6080000000000005
3.6099999999999994
3.6120000000000005
3.6139999999999994
3.6140000000000003
3.6139999999999994
3.6119999999999997
3.6059999999999994
3.598
3.5900000000000007
3.5840000000000005
3.5780000000000003
3.5700000000000003
3.558
3.5460000000000003
3.532
3.518
3.5060000000000002
3.4939999999999998
3.482
3.4619999999999997
3.44
3.4200000000000004
3.398
3.374
3.35
3.326
3.3040000000000003
3.2820000000000005
3.256
3.228
3.2
3.1700000000000004
3.14
3.11
3.08
3.05
3.0180000000000002
2.992
2.966
2.944
2.922
2.896
2.868
2.836
2.8040000000000003
2.774
2.746
2.718
2.6879999999999997
2.654
2.6199999999999997
2.594
2.5700000000000003
2.5620000000000003
2.5560000000000005
2.54
2.5240000000000005
2.508
2.4920000000000004
2.474
2.454
2.44
2.426
2.412
2.3979999999999997
2.382
2.3680000000000003
2.36
2.3560000000000003
2.352
2.35
2.3480000000000003
2.346
2.344
2.338
2.334
2.3379999999999996
2.342
2.344
2.352
2.36
2.368
2.376
2.388
2.4
2.41
2.422
2.432
2.442
2.4480000000000004
2.452
2.456
2.4579999999999997
2.46
2.4619999999999997
2.466
2.47
2.474
2.476
2.478
2.48
2.482
2.486
2.4840000000000004
2.482
2.4819999999999998
2.484
2.486
2.488
2.4920000000000004
2.498
2.5060000000000007
2.5140000000000002
2.52
2.5240000000000005
2.5240000000000005
2.52
2.5160000000000005
2.5100000000000002
2.5100000000000002
2.5120000000000005
2.512
2.5120000000000005
2.512
2.5120000000000005
2.5140000000000002
2.514
2.514
2.5140000000000002
2.5140000000000002
2.5140000000000002
2.5140000000000002
2.5140000000000002
2.5140000000000002
2.512
2.5120000000000005
2.5140000000000002
2.5140000000000002
2.514
2.5060000000000002
2.498
2.494
2.488
2.478
2.466
2.452
2.438
2.424
2.41
2.396
2.382
2.364
2.346
2.328
2.31
2.3019999999999996
2.294
2.2859999999999996
2.28
2.2739999999999996
2.27
2.2659999999999996
2.2620000000000005
2.262
2.2640000000000002
2.266
2.266
2.264
2.262
2.26
2.258
2.2560000000000002
2.254
2.254
2.254
2.254
2.2460000000000004
2.238
2.2300000000000004
2.224
2.2180000000000004
2.212
2.208
2.2039999999999997
2.2
2.1940000000000004
2.188
2.184
2.18
2.18
2.184
2.186
2.186
2.184
2.184
2.182
2.18
2.1799999999999997
2.18
2.1799999999999997
2.18
2.18
2.178
2.182
2.1879999999999997
2.192
2.194
2.19
2.188
2.178
2.164
2.152
2.14
2.1300000000000003
2.1220000000000003
2.1180000000000003
2.116
2.1180000000000003
2.124
2.1340000000000003
2.144
2.154
2.164
2.17
2.176
2.1799999999999997
2.184
2.19
2.1959999999999997
2.206
2.216
2.2199999999999998
2.224
2.2300000000000004
2.2359999999999998
2.2380000000000004
2.2379999999999995
2.242
2.2459999999999996
2.258
2.2699999999999996
2.282
2.2939999999999996
2.308
2.324
2.338
2.3499999999999996
2.362
2.3739999999999997
2.384
2.394
2.4059999999999997
2.418
2.426
2.434
2.442
2.45
2.46
2.468
2.476
2.482
2.4879999999999995
2.496
2.5
2.5020000000000002
2.5039999999999996
2.5060000000000002
2.5040000000000004
2.5
2.4960000000000004
2.4899999999999998
2.4840000000000004
2.4779999999999998
2.47
2.4619999999999997
2.456
2.4499999999999997
2.444
2.4379999999999997
2.43
2.4219999999999997
2.41
2.396
2.382
2.368
2.354
2.34
2.326
2.312
2.2960000000000003
2.278
2.26
2.244
2.232
2.22
2.208
2.196
2.1839999999999997
2.172
2.1639999999999997
2.156
2.1479999999999997
2.14
2.132
2.122
2.116
2.11
2.104
2.096
2.092
2.09
2.086
2.082
2.078
2.074
2.07
2.0679999999999996
2.062
2.052
2.0399999999999996
2.028
2.01
1.992
1.9800000000000002
1.968
1.9520000000000002
1.936
1.9180000000000001
1.9
1.8800000000000001
1.8599999999999999
1.846
1.8319999999999999
1.8159999999999998
1.7999999999999998
1.7859999999999998
1.7719999999999998
1.7539999999999998
1.738
1.722
1.706
1.6900000000000002
1.6740000000000002
1.6620000000000001
1.6520000000000004
1.6460000000000001
1.6420000000000001
1.6380000000000001
1.6340000000000001
1.6320000000000001
1.6300000000000001
1.6340000000000001
1.6380000000000001
1.6380000000000001
1.6380000000000003
1.6380000000000001
1.6380000000000003
1.6340000000000001
1.6300000000000003
1.6260000000000001
1.6220000000000003
1.6179999999999999
1.612
1.6059999999999999
1.6
1.594
1.59
1.59
1.5919999999999999
1.594
1.5959999999999999
1.6000000000000003
1.6039999999999999
1.606
1.6079999999999999
1.6079999999999997
1.6079999999999997
1.6079999999999997
1.6079999999999997
1.6079999999999997
1.6099999999999999
1.6139999999999999
1.6179999999999999
1.6219999999999999
1.626
1.63
1.6319999999999997
1.634
1.636
1.64
1.646
1.654
1.664
1.672
1.678
1.682
1.686
1.688
1.69
1.688
1.686
1.684
1.682
1.68
1.678
1.676
1.6739999999999997
1.678
1.682
1.674
1.664
1.6540000000000001
1.646
1.6380000000000001
1.63
1.622
1.6119999999999999
1.602
1.5919999999999999
1.582
1.5719999999999998
1.5700000000000003
1.5679999999999998
1.5620000000000003
1.5560000000000003
1.5540000000000003
1.552
1.5499999999999998
1.5499999999999998
1.5499999999999998
1.5499999999999998
1.552
1.5539999999999998
1.556
1.5579999999999998
1.56
1.5619999999999998
1.5619999999999998
1.56
1.5579999999999998
1.5559999999999996
1.5539999999999998
1.5519999999999996
1.548
1.5419999999999998
1.536
1.5299999999999998
1.5220000000000002
1.516
1.5100000000000002
1.504
1.4939999999999998
1.484
1.48
1.4740000000000002
1.468
1.4620000000000002
1.4580000000000002
1.4540000000000002
1.4500000000000002
1.4460000000000002
1.444
1.4420000000000002
1.44
1.4380000000000002
1.432
1.424
1.4200000000000002
1.416
1.4120000000000001
1.4100000000000001
1.4060000000000001
1.4020000000000001
1.4000000000000001
1.3980000000000001
1.3940000000000001
1.3900000000000001
1.3880000000000001
1.3860000000000001
1.3820000000000001
1.3760000000000001
1.37
1.3639999999999999
1.358
1.3519999999999999
1.346
1.3399999999999999
1.334
1.328
1.322
1.314
1.306
1.296
1.286
1.276
1.268
1.26
1.252
1.2439999999999998
1.236
1.228
1.22
1.212
1.206
1.2
1.192
1.184
1.1760000000000002
1.1680000000000001
1.1760000000000002
1.186
1.1960000000000002
1.206
1.216
1.228
1.24
1.252
1.2659999999999998
1.28
1.292
1.304
1.31
1.316
1.3219999999999998
1.328
1.3319999999999999
1.336
1.3399999999999999
1.3419999999999999
1.3459999999999999
1.3499999999999999
1.3519999999999999
1.3539999999999999
1.3559999999999999
1.3579999999999999
1.3579999999999999
1.3579999999999999
1.3619999999999999
1.3659999999999999
1.3699999999999999
1.3739999999999999
1.378
1.382
1.386
1.39
1.394
1.4000000000000001
1.408
1.414
1.42
1.426
1.432
1.438
1.436
1.434
1.432
1.43
1.428
1.426
1.424
1.422
1.418
1.414
1.41
1.4100000000000001
1.414
1.42
1.4240000000000002
1.428
1.43
1.4300000000000002
1.432
1.434
1.436
1.438
1.442
1.446
1.448
1.45
1.454
1.46
1.466
1.472
1.48
1.488
1.496
1.504
1.514
1.526
1.536
1.546
1.5540000000000003
1.5619999999999998
1.5700000000000003
1.5779999999999998
1.5860000000000003
1.5939999999999999
1.6020000000000003
1.6099999999999999
1.6139999999999999
1.6159999999999997
1.6139999999999999
1.6139999999999999
1.6099999999999999
1.6059999999999999
1.6019999999999999
1.5979999999999999
1.5939999999999999
1.5899999999999999
1.584
1.5779999999999998
1.5739999999999998
1.568
1.56
1.5499999999999998
1.54
1.5299999999999998
1.5179999999999998
1.5059999999999998
1.4939999999999998
1.4819999999999998
1.4739999999999998
1.4659999999999997
1.46
1.4539999999999997
1.448
1.4419999999999997
1.436
1.43
1.4220000000000002
1.414
1.4060000000000001
1.398
1.3900000000000001
1.382
1.376
1.3699999999999999
1.3599999999999999
1.3499999999999999
1.3399999999999999
1.33
1.32
1.31
1.3
1.292
1.284
1.274
1.264
1.254
1.242
1.23
1.22
1.21
1.212
1.216
1.216
1.216
1.216
1.216
1.218
1.22
1.222
1.224
1.226
1.226
1.226
1.224
1.222
1.22
1.22
1.22
1.218
1.216
1.214
1.2120000000000002
1.21
1.206
1.202
1.198
1.194
1.1880000000000002
1.182
1.1760000000000002
1.168
1.162
1.15
1.138
1.1239999999999999
1.108
1.092
1.076
1.064
1.052
1.04
1.028
1.016
1.004
0.992
0.98
0.972
0.966
0.964
0.96
0.958
0.956
0.954
0.952
0.95
0.95
0.95
0.95
0.948
0.9459999999999998
0.9459999999999998
0.9460000000000001
0.9480000000000001
0.9500000000000001
0.9520000000000001
0.9540000000000001
0.9560000000000001
0.9580000000000001
0.9600000000000001
0.9620000000000001
0.9620000000000001
0.9620000000000001
0.9620000000000001
0.9620000000000001
0.9620000000000001
0.9620000000000001
0.9660000000000001
0.9700000000000001
0.9720000000000001
0.9740000000000001
0.9760000000000001
0.9780000000000001
0.9800000000000001
0.9820000000000001
0.984
0.986
0.988
0.99
0.992
0.994
0.996
0.9959999999999998
0.996
0.9959999999999998
0.996
0.9959999999999998
0.998
0.9999999999999998
0.996
0.99
0.982
0.974
0.97
0.966
0.962
0.958
0.952
0.946
0.94
0.9339999999999999
0.9279999999999999
0.9200000000000002
0.9119999999999999
0.9040000000000001
0.8959999999999999
0.8880000000000001
0.8799999999999999
0.8720000000000001
0.8639999999999999
0.8580000000000001
0.8520000000000001
0.8460000000000001
0.8400000000000001
0.8360000000000001
0.8320000000000001
0.8280000000000001
0.8240000000000001
0.8200000000000001
0.8160000000000001
0.812
0.808
0.802
0.802
0.802
0.8019999999999999
0.802
0.802
0.802
0.8
0.798
0.796
0.794
0.792
0.79
0.788
0.786
0.784
0.782
0.78
0.778
0.776
0.774
0.772
0.77
0.768
0.764
0.762
0.76
0.758
0.756
0.75
0.744
0.736
0.728
0.72
0.712
0.704
0.6960000000000001
0.6880000000000001
0.68
0.674
0.668
0.662
0.656
0.65
0.644
0.634
0.6240000000000001
0.6160000000000001
0.6080000000000001
0.6000000000000001
0.5920000000000001
0.5840000000000001
0.5760000000000001
0.5700000000000001
0.5640000000000001
0.558
0.552
0.546
0.54
0.536
0.532
0.528
0.524
0.52
0.516
0.512
0.508
0.508
0.51
0.512
0.514
0.516
0.518
0.52
0.522
0.524
0.526
0.528
0.53
0.532
0.534
0.536
0.538
0.54
0.542
0.544
0.546
0.548
0.548
0.548
0.548
0.548
0.548
0.546
0.544
0.542
0.54
0.538
0.536
0.534
0.532
0.53
0.53
0.53
0.53
0.53
0.53
0.53
0.53
0.53
0.53
0.53
0.53
0.53
0.53
0.532
0.536
0.538
0.54
0.542
0.544
0.544
0.544
0.544
0.544
0.542
0.54
0.538
0.536
0.536
0.536
0.536
0.536
0.536
0.536
0.536
0.536
0.536
0.538
0.54
0.542
0.544
0.546
0.548
0.55
0.552
0.554
0.556
0.56
0.5640000000000001
0.5680000000000001
0.5720000000000001
0.5760000000000001
0.5800000000000001
0.5840000000000001
0.5860000000000001
0.5880000000000001
0.5900000000000001
0.5920000000000001
0.5920000000000001
0.5920000000000001
0.5920000000000001
0.5920000000000001
0.5920000000000001
0.5920000000000001
0.5920000000000001
0.5920000000000001
0.5920000000000001
0.5920000000000001
0.5920000000000001
0.5920000000000001
0.5920000000000001
0.5920000000000001
0.5920000000000001
0.5920000000000001
0.5920000000000001
0.5920000000000001
0.5920000000000001
0.5920000000000001
0.5920000000000001
0.5920000000000001
0.5920000000000001
0.5920000000000001
0.5920000000000001
0.5920000000000001
0.5920000000000001
0.5920000000000001
0.5920000000000001
0.5940000000000001
0.5960000000000001
0.5980000000000001
0.6000000000000001
0.6020000000000001
0.6040000000000001
0.6060000000000001
0.6080000000000001
0.6100000000000001
0.6120000000000001
0.6140000000000001
0.6160000000000001
0.6180000000000001
0.6200000000000001
0.6200000000000001
0.6220000000000001
0.6240000000000001
0.6260000000000001
0.6280000000000001
0.6260000000000001
0.6260000000000001
0.6260000000000001
0.6260000000000001
0.6260000000000001
0.6260000000000001
0.6260000000000001
0.6260000000000001
0.6240000000000001
0.6200000000000001
0.6180000000000001
0.6160000000000001
0.6140000000000001
0.6120000000000001
0.6120000000000001
0.6120000000000001
0.6120000000000001
0.6120000000000001
0.6120000000000001
0.6140000000000001
0.6160000000000001
0.6180000000000001
0.622
0.626
0.63
0.634
0.638
0.642
0.64
0.638
0.636
0.632
0.628
0.624
0.62
0.616
0.612
0.608
0.604
0.6
0.596
0.59
0.5840000000000001
0.5780000000000001
0.5720000000000001
0.5660000000000001
0.56
0.554
0.55
0.546
0.542
0.538
0.534
0.53
0.526
0.522
0.518
0.514
0.51
0.506
0.502
0.498
0.494
0.49
0.486
0.482
0.478
0.474
0.47
0.46599999999999997
0.46199999999999997
0.45799999999999996
0.454
0.45
0.446
0.442
0.438
0.434
0.43
0.426
0.424
0.42
0.416
0.412
0.408
0.40399999999999997
0.402
0.4
0.39799999999999996
0.39799999999999996
0.39399999999999996
0.38999999999999996
0.38599999999999995
0.38199999999999995
0.37799999999999995
0.374
0.368
0.362
0.358
0.354
0.354
0.35200000000000004
0.35000000000000003
0.34800000000000003
0.34600000000000003
0.34400000000000003
0.342
0.34
0.338
0.336
0.334
0.332
0.33
0.328
0.326
0.324
0.322
0.32000000000000006
0.31800000000000006
0.31400000000000006
0.31000000000000005
0.30600000000000005
0.30200000000000005
0.29800000000000004
0.29400000000000004
0.29000000000000004
0.28600000000000003
0.28200000000000003
0.28400000000000003
0.28600000000000003
0.28800000000000003
0.29000000000000004
0.29200000000000004
0.29400000000000004
0.29600000000000004
0.29800000000000004
0.30000000000000004
0.30200000000000005
0.304
0.306
0.308
0.31
0.312
0.314
0.316
0.318
0.32
0.322
0.324
0.326
0.328
0.33
0.332
0.334
0.33599999999999997
0.33799999999999997
0.33999999999999997
0.34199999999999997
0.344
0.346
0.348
0.35
0.352
0.354
0.356
0.358
0.36
0.362
0.364
0.366
0.368
0.37
0.372
0.374
0.376
0.378
0.38
0.382
0.384
0.386
0.386
0.386
0.386
0.386
0.386
0.386
0.386
0.386
0.386
0.384
0.386
0.388
0.39
0.392
0.394
0.396
0.398
0.4
0.4
0.4
0.4
0.4
0.4
0.4
0.4
0.4
0.4
0.4
0.4
0.4
0.4
0.4
0.4
0.4
0.4
0.4
0.4
0.4
0.4
0.4
0.4
0.4
0.4
0.4
0.4
0.4
0.4
0.4
0.4
0.4
0.4
0.4
0.4
0.4
0.4
0.4
0.4
0.4
0.4
0.4
0.4
0.4
0.4
0.4
0.402
0.404
0.406
0.40800000000000003
0.41000000000000003
0.41200000000000003
0.41600000000000004
0.42000000000000004
0.42400000000000004
0.42800000000000005
0.43200000000000005
0.43600000000000005
0.44000000000000006
0.44400000000000006
0.44600000000000006
0.44800000000000006
0.45
0.452
0.454
0.458
0.462
0.466
0.47000000000000003
0.47400000000000003
0.47800000000000004
0.48200000000000004
0.48600000000000004
0.49000000000000005
0.49400000000000005
0.49800000000000005
0.502
0.506
0.51
0.514
0.518
0.522
0.526
0.53
0.534
0.538
0.542
0.546
0.55
0.554
0.558
0.562
0.5660000000000001
0.5700000000000001
0.5740000000000001
0.5780000000000001
0.5820000000000001
0.5860000000000001
0.5900000000000001
0.5940000000000001
0.5980000000000001
0.6020000000000001
0.606
0.61
0.614
0.618
0.622
0.626
0.63
0.634
0.638
0.642
0.646
0.65
0.6539999999999999
0.6579999999999999
0.6619999999999999
0.6659999999999999
0.6699999999999999
0.6739999999999999
0.6779999999999999
0.6819999999999999
0.6859999999999999
0.69
0.694
0.698
0.702
0.706
0.71
0.714
0.718
0.722
0.726
0.73
0.734
0.738
0.742
0.746
0.75
0.754
0.758
0.762
0.766
0.77
0.774
0.778
0.78
0.782
0.784
0.786
0.788
0.79
0.79
0.79
0.79
0.79
0.79
0.79
0.79
0.792
0.796
0.8
0.804
0.808
0.812
0.8140000000000001
0.8160000000000001
0.8180000000000001
0.8160000000000001
0.812
0.808
0.804
0.8
0.796
0.792
0.788
0.784
0.78
0.776
0.772
0.768
0.764
0.76
0.756
0.752
0.748
0.744
0.74
0.736
0.732
0.728
0.724
0.72
0.716
0.712
0.708
0.704
0.7
0.696
0.692
0.688
0.6839999999999999
0.6799999999999999
0.6759999999999999
0.672
0.668
0.664
0.66
0.656
0.652
0.648
0.644
0.64
0.636
0.632
0.63
0.6280000000000001
0.6260000000000001
0.6240000000000001
0.6220000000000001
0.6200000000000001
0.6200000000000001
0.6200000000000001
0.6200000000000001
0.6160000000000001
0.6120000000000001
0.6080000000000001
0.6040000000000001
0.6000000000000001
0.5960000000000001
0.5920000000000001
0.5880000000000001
0.5840000000000001
0.5800000000000001
0.5760000000000001
0.5720000000000001
0.5680000000000001
0.5640000000000001
0.558
0.554
0.55
0.546
0.542
0.538
0.534
0.53
0.526
0.522
0.518
0.514
0.51
0.506
0.502
0.498
0.494
0.49
0.486
0.482
0.478
0.472
0.46599999999999997
0.46
0.454
0.448
0.442
0.436
0.43
0.424
0.422
0.422
0.422
0.422
0.422
0.422
0.422
0.422
0.422
0.422
0.422
0.42199999999999993
0.42199999999999993
0.42200000000000004
0.42200000000000004
0.42200000000000004
0.42200000000000004
0.42200000000000004
0.42200000000000004
0.42200000000000004
0.42400000000000004
0.42600000000000005
0.42800000000000005
0.43000000000000005
0.43200000000000005
0.43400000000000005
0.43600000000000005
0.438
0.44
0.442
0.444
0.446
0.448
0.45
0.452
0.454
0.456
0.458
0.46
0.46199999999999997
0.46399999999999997
0.46599999999999997
0.46799999999999997
0.47
0.472
0.474
0.476
0.476
0.476
0.476
0.476
0.476
0.47600000000000003
0.47400000000000003
0.47200000000000003
0.47000000000000003
0.47200000000000003
0.47400000000000003
0.47800000000000004
0.48200000000000004
0.48600000000000004
0.49000000000000005
0.49200000000000005
0.49400000000000005
0.49600000000000005
0.49800000000000005
0.5
0.502
0.504
0.506
0.51
0.512
0.514
0.516
0.518
0.52
0.52
0.52
0.52
0.52
0.52
0.52
0.52
0.52
0.52
0.52
0.52
0.52
0.52
0.52
0.52
0.52
0.52
0.52
0.52
0.52
0.52
0.52
0.52
0.52
0.52
0.52
0.52
0.52
0.52
0.52
0.52
0.52
0.52
0.52
0.52
0.52
0.52
0.52
0.52
0.52
0.52
0.52
0.52
0.52
0.518
0.516
0.514
0.512
0.51
0.508
0.506
0.504
0.502
0.5
0.49800000000000005
0.49600000000000005
0.49400000000000005
0.49200000000000005
0.49000000000000005
0.48800000000000004
0.48600000000000004
0.48400000000000004
0.48200000000000004
0.48000000000000004
0.47800000000000004
0.47600000000000003
0.47400000000000003
0.47200000000000003
0.47000000000000003
0.468
0.466
0.464
0.462
0.46
0.458
0.456
0.454
0.452
0.45
0.448
0.446
0.444
0.44000000000000006
0.43600000000000005
0.43200000000000005
0.42800000000000005
0.42600000000000005
0.42400000000000004
0.42200000000000004
0.42000000000000004
0.41800000000000004
0.41600000000000004
0.41400000000000003
0.41200000000000003
0.41000000000000003
0.40800000000000003
0.406
0.404
0.402
0.4
0.4
0.4
0.4
0.4
0.4
0.4
0.4
0.4
0.4
0.4
0.4
0.4
0.4
0.4
0.4
0.4
0.4
0.4
0.4
0.4
0.4
0.4
0.402
0.404
0.406
0.40800000000000003
0.41200000000000003
0.41600000000000004
0.42000000000000004
0.42400000000000004
0.428
0.432
0.436
0.44
0.44
0.438
0.436
0.434
0.432
0.43
0.428
0.426
0.42400000000000004
0.42200000000000004
0.42000000000000004
0.41800000000000004
0.41600000000000004
0.41400000000000003
0.41200000000000003
0.41000000000000003
0.40800000000000003
0.406
0.404
0.402
0.4
0.398
0.396
0.394
0.392
0.39
0.388
0.386
0.384
0.382
0.38
0.378
0.376
0.374
0.372
0.37
0.368
0.366
0.364
0.362
0.36
0.358
0.356
0.354
0.352
0.35
0.348
0.346
0.344
0.34199999999999997
0.33999999999999997
0.33799999999999997
0.336
0.334
0.332
0.33
0.328
0.326
0.324
0.322
0.32
0.318
0.316
0.314
0.31200000000000006
0.31000000000000005
0.30800000000000005
0.30600000000000005
0.30400000000000005
0.30200000000000005
0.30000000000000004
0.29800000000000004
0.29600000000000004
0.29400000000000004
0.29200000000000004
0.29000000000000004
0.28800000000000003
0.28600000000000003
0.28400000000000003
0.28200000000000003
0.28
0.278
0.276
0.274
0.272
0.27
0.268
0.266
0.262
0.258
0.254
0.25
0.244
0.23800000000000002
0.232
0.226
0.22
0.21400000000000002
0.20800000000000002
0.202
0.2
0.2
0.2
0.2
0.2
0.2
0.2
0.2
0.2
0.2
0.2
0.2
0.2
0.2
0.2
0.2
0.2
0.2
0.2
0.2
0.2
0.2
0.2
0.2
0.2
0.2
0.2
0.2
0.2
0.2
0.2
0.2
0.2
0.2
0.2
0.2
0.2
0.2
0.2
0.2
0.2
0.2
0.2
0.2
0.2
0.2
0.2
0.2
0.2
0.2
0.2
0.2
0.2
0.2
0.2
0.2
0.2
0.2
0.2
0.2
0.2
0.2
0.2
0.2
0.2
0.2
0.2
0.2
0.2
0.2
0.2
0.2
0.2
0.2
0.2
0.2
0.2
0.2
0.2
0.2
0.2
0.2
0.2
0.2
0.2
0.2
0.2
0.2
0.2
0.2
0.2
0.2
0.2
0.2
0.2
0.2
0.2
0.2
0.2
0.2
0.2
0.2
0.2
0.2
0.2
0.2
0.2
0.2
0.2
0.2
0.2
0.2
0.2
0.2
0.2
0.2
0.2
0.2
0.2
0.2
0.2
0.2
0.2
0.2
0.2
0.2
0.2
0.2
0.2
0.2
0.2
0.2
0.2
0.2
0.2
0.2
0.2
0.2
0.2
0.2
0.2
0.2
0.2
0.2
0.2
0.2
0.2
0.2
0.2
0.2
0.2
0.2
0.2
0.2
0.2
0.2
0.2
0.2
0.2
0.2
0.2
0.2
0.2
0.2
0.2
0.2
0.2
0.2
0.2
0.2
0.2
0.2
0.2
0.2
0.2
0.2
0.2
0.2
0.2
0.2
0.2
0.2
0.2
0.2
0.2
0.2
0.2
0.2
0.2
0.2
0.2
0.2
0.2
0.2
0.2
0.2
0.2
0.2
0.2
0.2
0.2
0.2
0.2
0.2
0.2
0.2
0.2
0.2
0.2
0.2
0.2
0.2
0.2
0.2
0.2
0.2
0.2
0.2
0.2
0.2
0.2
0.2
0.2
0.2
0.2
0.2
0.2
0.2
0.2
0.2
0.2
0.2
0.2
0.2
0.2
0.2
0.2
0.2
0.2
0.2
0.2
0.2
0.2
0.2
0.2
0.2
0.2
0.2
0.2
0.2
0.2
0.2
0.2
0.2
0.2
0.2
0.2
0.2
0.2
0.2
0.2
0.2
0.2
0.2
0.2
0.2
0.2
0.2
0.2
0.2
0.2
0.2
0.2
0.2
0.2
0.2
0.2
0.2
0.2
0.2
0.2
0.2
0.2
0.2
0.2
0.2
0.2
0.2
0.2
0.2
0.2
0.2
0.2
0.2
0.2
0.2
0.2
0.2
0.2
0.2
0.2
0.2
0.2
0.2
0.2
0.2
0.2
0.2
0.2
0.2
0.2
0.2
0.2
0.2
0.2
0.2
0.2
0.2
0.2
0.2
0.2
0.2
0.2
0.2
0.2
0.2
0.2
0.2
0.2
0.2
0.2
0.2
0.2
0.2
0.2
0.2
0.2
0.2
0.2
0.2
0.2
0.2
0.2
0.2
0.2
0.2
0.2
0.2
0.2
0.2
0.2
0.2
0.2
0.2
0.2
0.2
0.2
0.2
0.2
0.2
0.2
0.2
0.2
0.2
0.2
0.2
0.2
0.2
0.2
0.2
0.2
0.2
0.2
0.2
0.2
0.2
0.2
0.2
0.2
0.2
0.2
0.2
0.2
0.2
0.2
0.2
0.2
0.2
0.2
0.2
0.2
0.2
0.2
0.2
0.2
0.2
0.2
0.2
0.2
