0.07
0.07600000000000001
0.08199999999999999
0.088
0.094
0.09999999999999999
0.106
0.112
0.11800000000000001
0.12400000000000001
0.13
0.136
0.14200000000000002
0.148
0.156
0.16399999999999998
0.172
0.18
0.188
0.19799999999999998
0.21
0.224
0.24000000000000002
0.256
0.272
0.28800000000000003
0.304
0.32199999999999995
0.34199999999999997
0.366
0.392
0.41800000000000004
0.44400000000000006
0.4720000000000001
0.49999999999999994
0.5299999999999999
0.56
0.5900000000000001
0.62
0.646
0.672
0.7000000000000001
0.7300000000000001
0.762
0.794
0.824
0.854
0.886
0.918
0.9500000000000001
0.9820000000000001
1.014
1.046
1.0779999999999998
1.1099999999999999
1.142
1.174
1.206
1.238
1.27
1.3019999999999998
1.3339999999999999
1.3679999999999999
1.402
1.438
1.474
1.512
1.55
1.59
1.6320000000000001
1.674
1.708
1.742
1.7779999999999998
1.816
1.8539999999999996
1.8939999999999997
1.9379999999999997
1.984
2.032
2.0799999999999996
2.1199999999999997
2.1599999999999997
2.198
2.238
2.27
2.302
2.336
2.372
2.41
2.45
2.4899999999999998
2.534
2.5780000000000003
2.6240000000000006
2.668
2.7140000000000004
2.748
2.7780000000000005
2.8020000000000005
2.824
2.846
2.868
2.8920000000000003
2.918
2.944
2.97
2.994
3.02
3.048
3.076
3.1
3.1260000000000003
3.1540000000000004
3.1799999999999997
3.2060000000000004
3.232
3.262
3.2939999999999996
3.322
3.3459999999999996
3.3640000000000003
3.3779999999999997
3.3920000000000003
3.4080000000000004
3.424
3.44
3.4559999999999995
3.47
3.4839999999999995
3.498
3.5120000000000005
3.5260000000000002
3.5359999999999996
3.546
3.55
3.556
3.56
3.562
3.568
3.574
3.58
3.588
3.594
3.6020000000000003
3.612
3.622
3.6260000000000003
3.63
3.636
3.6460000000000004
3.6560000000000006
3.6660000000000004
3.6780000000000004
3.6900000000000004
3.7020000000000004
3.718
3.734
3.75
3.772
3.798
3.826
3.8600000000000003
3.894
3.932
3.964
3.992
4.0200000000000005
4.048
4.076
4.108
4.142
4.176
4.208
4.238
4.2700000000000005
4.300000000000001
4.332
4.364
4.388
4.41
4.44
4.47
4.5
4.528
4.55
4.5680000000000005
4.582
4.6000000000000005
4.618
4.636
4.656
4.676
4.686
4.688000000000001
4.691999999999999
4.692
4.71
4.734
4.764
4.796
4.826
4.856
4.888
4.924
4.964
5.008000000000001
5.052
5.1
5.152
5.2059999999999995
5.268000000000001
5.33
5.388
5.444000000000001
5.5
5.556
5.608
5.662
5.72
5.784
5.84
5.8919999999999995
5.942
5.9879999999999995
6.034000000000001
6.081999999999999
6.122
6.162000000000001
6.1899999999999995
6.218
6.246
6.272
6.304
6.342
6.3759999999999994
6.412
6.45
6.492
6.538
6.585999999999999
6.638
6.692
6.744000000000001
6.794
6.848
6.908000000000001
6.974
7.044
7.102
7.16
7.2219999999999995
7.288
7.352000000000001
7.418
7.476
7.52
7.548
7.572000000000001
7.594
7.614
7.63
7.64
7.6419999999999995
7.635999999999999
7.636
7.6419999999999995
7.654000000000001
7.668000000000001
7.674
7.676
7.682
7.692000000000001
7.7059999999999995
7.7219999999999995
7.732
7.74
7.738
7.732
7.742000000000001
7.76
7.78
7.804
7.83
7.859999999999999
7.898
7.942
7.99
8.033999999999999
8.08
8.128
8.17
8.204
8.236
8.27
8.308
8.350000000000001
8.389999999999999
8.432
8.475999999999999
8.517999999999999
8.562
8.616
8.658
8.696
8.724
8.746000000000002
8.776
8.8
8.82
8.84
8.856
8.884
8.91
8.934000000000001
8.956
8.98
9.004000000000001
9.02
9.024000000000001
9.026
9.030000000000001
9.036000000000001
9.046
9.064
9.088
9.118
9.152
9.192
9.242
9.292000000000002
9.34
9.394
9.436
9.464
9.49
9.512
9.53
9.546
9.556000000000001
9.564
9.572000000000001
9.576
9.585999999999999
9.602
9.608
9.606000000000002
9.59
9.57
9.562000000000001
9.554
9.548
9.538
9.532
9.534
9.548000000000002
9.576
9.628
9.692
9.758
9.825999999999999
9.896
9.97
10.046
10.123999999999999
10.206
10.292
10.382
10.475999999999999
10.578
10.684
10.796000000000001
10.908
11.016
11.120000000000001
11.212
11.3
11.373999999999999
11.432
11.459999999999999
11.468
11.462
11.443999999999999
11.426000000000002
11.414000000000001
11.412
11.412
11.416
11.432
11.444
11.458
11.49
11.533999999999999
11.596
11.672
11.736
11.804
11.872
11.938
12.002
12.068000000000001
12.138
12.201999999999998
12.276
12.354000000000001
12.434000000000001
12.510000000000002
12.586
12.668
12.744
12.824
12.915999999999999
13.0
13.094
13.204
13.32
13.439999999999998
13.553999999999998
13.679999999999998
13.815999999999999
13.952000000000002
14.085999999999999
14.223999999999998
14.347999999999999
14.458
14.552
14.636
14.724
14.812000000000001
14.902000000000001
15.0
15.09
15.169999999999998
15.245999999999999
15.321999999999997
15.404
15.493999999999998
15.581999999999999
15.668
15.759999999999998
15.858
15.953999999999997
16.052
16.158
16.27
16.378
16.48
16.578
16.658
16.714
16.76
16.804000000000002
16.85
16.89
16.918
16.948
16.977999999999998
17.002
17.02
17.038
17.052000000000003
17.066
17.078
17.098
17.122
17.134
17.134
17.126
17.113999999999997
17.106
17.098
17.094
17.096000000000004
17.096
17.094
17.099999999999998
17.11
17.131999999999998
17.18
17.259999999999998
17.354
17.462000000000003
17.584
17.709999999999997
17.83
17.951999999999998
18.084
18.214
18.342
18.477999999999998
18.61
18.712
18.806
18.872
18.912
18.956
18.992
19.02
19.046
19.08
19.121999999999996
19.152
19.17
19.189999999999998
19.208
19.238
19.278
19.304
19.324
19.352
19.375999999999998
19.392
19.408
19.412
19.406000000000002
19.392
19.372
19.364
19.349999999999998
19.330000000000002
19.31
19.298000000000002
19.276
19.264000000000003
19.248
19.241999999999997
19.242
19.25
19.256
19.244
19.224
19.218000000000004
19.218
19.227999999999998
19.248
19.268
19.278
19.302
19.336
19.384
19.434
19.478
19.518
19.54
19.555999999999997
19.592
19.644
19.706000000000003
19.788
19.89
19.996
20.1
20.2
20.308
20.422
20.528
20.630000000000003
20.73
20.832
20.93
21.032
21.136000000000003
21.244
21.356
21.471999999999998
21.592
21.716
21.845999999999997
21.974
22.096
22.21
22.310000000000002
22.402
22.5
22.604
22.718
22.832
22.942
23.038000000000004
23.124000000000002
23.21
23.293999999999997
23.380000000000003
23.468000000000004
23.566
23.65
23.714
23.774
23.83
23.872
23.912
23.968
24.014
24.087999999999997
24.182
24.284
24.398
24.52
24.64
24.746000000000002
24.843999999999998
24.954
25.082
25.222
25.374000000000002
25.512
25.636000000000003
25.764
25.885999999999996
26.004000000000005
26.120000000000005
26.23
26.332
26.416000000000004
26.483999999999998
26.542
26.604
26.654
26.704
26.75
26.79
26.840000000000003
26.913999999999998
26.998
27.112000000000002
27.244
27.387999999999998
27.528
27.672000000000004
27.836
28.01
28.186000000000003
28.372
28.564
28.748
28.936
29.131999999999998
29.326
29.518
29.692
29.857999999999997
30.016000000000002
30.171999999999997
30.332
30.496000000000002
30.650000000000002
30.798000000000002
30.945999999999998
31.093999999999994
31.238000000000003
31.380000000000003
31.516
31.646
31.762
31.854
31.939999999999998
32.014
32.078
32.128
32.172000000000004
32.214
32.234
32.244
32.25
32.24
32.242
32.25
32.246
32.25
32.262
32.284
32.302
32.315999999999995
32.33
32.348
32.36
32.38199999999999
32.422000000000004
32.482
32.548
32.628
32.711999999999996
32.79
32.837999999999994
32.848
32.84
32.83
32.822
32.815999999999995
32.803999999999995
32.784
32.766
32.752
32.736
32.730000000000004
32.724000000000004
32.726
32.706
32.67999999999999
32.656
32.626
32.586
32.554
32.514
32.462
32.419999999999995
32.394
32.382
32.38
32.392
32.418
32.442
32.455999999999996
32.492000000000004
32.536
32.611999999999995
32.694
32.775999999999996
32.858000000000004
32.946
33.042
33.135999999999996
33.230000000000004
33.326
33.419999999999995
33.495999999999995
33.547999999999995
33.594
33.642
33.702
33.754
33.812000000000005
33.862
33.9
33.936
33.966
33.984
33.988
33.986
33.98
33.972
33.966
33.949999999999996
33.938
33.919999999999995
33.896
33.866
33.844
33.833999999999996
33.826
33.826
33.832
33.854
33.882000000000005
33.932
33.992
34.062000000000005
34.152
34.258
34.376000000000005
34.498000000000005
34.628
34.76
34.888
35.025999999999996
35.162
35.312
35.444
35.562000000000005
35.660000000000004
35.748
35.844
35.954
36.074
36.194
36.328
36.449999999999996
36.572
36.681999999999995
36.800000000000004
36.913999999999994
37.019999999999996
37.128
37.256
37.422
37.612
37.82
38.016
38.198
38.376
38.546
38.706
38.862
39.025999999999996
39.186
39.339999999999996
39.47
39.611999999999995
39.764
39.922000000000004
40.089999999999996
40.25
40.38
40.483999999999995
40.572
40.64999999999999
40.716
40.776
40.839999999999996
40.89
40.938
41.001999999999995
41.102
41.206
41.331999999999994
41.422000000000004
41.498000000000005
41.576
41.654
41.726
41.804
41.882000000000005
41.952000000000005
42.006
42.04
42.076
42.123999999999995
42.174
42.232
42.242
42.228
42.17399999999999
42.094
42.007999999999996
41.928
41.862
41.812
41.774
41.733999999999995
41.696000000000005
41.662
41.644
41.664
41.676
41.688
41.70799999999999
41.736000000000004
41.774
41.802
41.856
41.925999999999995
42.006
42.09
42.181999999999995
42.263999999999996
42.356
42.466
42.548
42.606
42.648
42.672
42.712
42.748000000000005
42.792
42.833999999999996
42.848
42.828
42.81
42.772000000000006
42.742000000000004
42.716
42.699999999999996
42.672000000000004
42.636
42.596
42.546
42.506
42.470000000000006
42.436
42.388000000000005
42.338
42.29
42.236
42.196
42.144
42.104
42.066
42.044
42.038000000000004
42.056000000000004
42.094
42.141999999999996
42.204
42.258
42.32000000000001
42.368
42.412
42.446
42.474
42.486
42.48
42.480000000000004
42.494
42.518
42.547999999999995
42.582
42.616
42.650000000000006
42.681999999999995
42.706
42.717999999999996
42.704
42.672000000000004
42.638000000000005
42.598
42.571999999999996
42.55200000000001
42.529999999999994
42.506
42.484
42.440000000000005
42.374
42.300000000000004
42.220000000000006
42.15
42.074
41.988
41.892
41.773999999999994
41.68
41.606
41.566
41.554
41.558
41.56999999999999
41.581999999999994
41.598
41.61599999999999
41.642
41.676
41.728
41.784
41.832
41.894
41.955999999999996
42.022000000000006
42.094
42.138
42.176
42.18600000000001
42.17
42.147999999999996
42.106
42.054
42.01199999999999
41.958
41.886
41.83
41.78
41.738
41.699999999999996
41.65
41.59
41.518
41.45
41.398
41.368
41.355999999999995
41.372
41.39
41.406
41.41
41.414
41.412
41.403999999999996
41.388000000000005
41.362
41.326
41.29600000000001
41.26
41.214
41.16
41.096
41.022
40.946000000000005
40.861999999999995
40.772000000000006
40.68
40.583999999999996
40.48
40.37
40.256
40.134
40.024
39.908
39.824
39.766
39.74
39.734
39.748
39.768
39.794
39.818
39.842
39.86
39.86600000000001
39.868
39.858
39.846
39.842
39.846
39.862
39.867999999999995
39.878
39.876000000000005
39.888
39.906
39.93
39.962
39.995999999999995
40.03
40.078
40.126
40.184
40.226000000000006
40.262
40.302
40.346
40.402
40.474000000000004
40.552
40.64
40.732000000000006
40.830000000000005
40.931999999999995
41.029999999999994
41.108
41.182
41.242000000000004
41.294
41.334
41.358
41.36
41.342
41.324
41.291999999999994
41.268
41.27
41.278
41.302
41.348
41.402
41.476
41.57
41.672
41.778
41.898
42.004
42.11
42.202
42.292
42.37
42.446
42.5
42.53200000000001
42.552
42.548
42.535999999999994
42.516
42.495999999999995
42.47200000000001
42.458
42.448
42.444
42.456
42.483999999999995
42.53
42.580000000000005
42.632000000000005
42.704
42.788000000000004
42.88
42.992000000000004
43.104
43.226
43.336000000000006
43.440000000000005
43.544
43.634
43.721999999999994
43.822
43.916000000000004
44.016
44.098
44.162
44.192
44.194
44.17400000000001
44.13
44.084
44.048
44.025999999999996
44.018
44.024
44.056000000000004
44.112
44.176
44.258
44.348
44.432
44.49
44.535999999999994
44.583999999999996
44.63
44.678
44.726
44.772000000000006
44.824
44.864
44.918
44.99
45.078
45.176
45.263999999999996
45.358000000000004
45.464
45.56
45.656
45.756
45.855999999999995
45.961999999999996
46.06
46.156000000000006
46.252
46.348
46.449999999999996
46.57000000000001
46.684
46.806
46.91
46.99
47.06399999999999
47.129999999999995
47.208
47.278000000000006
47.354
47.42
47.472
47.52
47.556
47.58
47.582
47.57
47.536
47.48
47.404
47.316
47.239999999999995
47.178
47.126000000000005
47.098
47.064
47.02400000000001
46.998
46.968
46.934000000000005
46.902
46.872
46.843999999999994
46.81
46.788000000000004
46.77
46.758
46.756
46.77
46.78999999999999
46.80799999999999
46.824
46.852
46.876
46.916
46.98
47.06
47.146
47.217999999999996
47.306000000000004
47.402
47.494
47.583999999999996
47.658
47.70399999999999
47.734
47.760000000000005
47.794000000000004
47.83
47.878
47.95
48.03
48.114000000000004
48.20399999999999
48.306
48.402
48.504
48.602
48.688
48.754000000000005
48.824000000000005
48.884
48.938
49.004
49.096000000000004
49.184
49.268
49.332
49.382000000000005
49.404
49.414
49.402
49.378
49.334
49.276
49.198
49.112
49.04599999999999
48.988
48.944
48.922
48.914
48.906000000000006
48.906000000000006
48.902
48.908
48.926
48.95
48.974000000000004
48.992000000000004
49.01800000000001
49.056
49.099999999999994
49.13199999999999
49.17
49.20399999999999
49.248
49.284
49.322
49.361999999999995
49.384
49.394000000000005
49.394000000000005
49.397999999999996
49.400000000000006
49.422000000000004
49.458
49.483999999999995
49.502
49.532
49.546
49.55
49.56
49.586
49.602000000000004
49.63999999999999
49.69199999999999
49.773999999999994
49.884
50.03
50.208
50.402
50.604
50.804
51.00999999999999
51.214
51.422000000000004
51.622
51.806
51.976
52.132
52.288000000000004
52.42400000000001
52.55200000000001
52.662
52.732
52.77
52.796
52.828
52.858
52.884
52.908
52.948
52.998000000000005
53.066
53.158
53.256
53.348
53.442
53.525999999999996
53.582
53.622
53.652
53.662
53.647999999999996
53.628
53.594
53.554
53.516
53.492
53.474
53.471999999999994
53.47
53.466
53.464000000000006
53.478
53.495999999999995
53.526
53.578
53.650000000000006
53.734
53.81400000000001
53.89
53.94799999999999
53.992000000000004
54.036
54.068
54.074
54.066
54.032000000000004
53.984
53.922
53.848
53.766000000000005
53.686
53.592
53.486000000000004
53.367999999999995
53.257999999999996
53.158
53.046
52.934
52.821999999999996
52.745999999999995
52.692
52.647999999999996
52.611999999999995
52.59400000000001
52.584
52.56399999999999
52.55199999999999
52.55799999999999
52.57
52.574
52.586
52.582
52.554
52.532000000000004
52.524
52.524
52.54600000000001
52.586
52.611999999999995
52.61000000000001
52.584
52.55
52.523999999999994
52.489999999999995
52.466
52.426
52.382
52.339999999999996
52.29600000000001
52.254000000000005
52.188
52.12
52.04
51.955999999999996
51.86
51.772000000000006
51.699999999999996
51.64
51.598
51.556
51.519999999999996
51.512
51.51599999999999
51.512
51.495999999999995
51.464
51.425999999999995
51.379999999999995
51.338
51.306
51.275999999999996
51.256
51.238
51.218
51.198
51.188
51.17999999999999
51.188
51.211999999999996
51.25200000000001
51.304
51.36
51.414
51.477999999999994
51.556
51.638000000000005
51.721999999999994
51.786
51.85000000000001
51.910000000000004
51.964
52.010000000000005
52.053999999999995
52.08999999999999
52.123999999999995
52.138000000000005
52.150000000000006
52.181999999999995
52.236
52.330000000000005
52.46
52.58200000000001
52.714
52.85
52.986
53.12
53.252
53.391999999999996
53.538000000000004
53.688
53.848000000000006
54.026
54.216
54.419999999999995
54.629999999999995
54.838
55.046
55.260000000000005
55.458000000000006
55.638
55.78999999999999
55.93
56.068000000000005
56.182
56.27799999999999
56.376000000000005
56.474000000000004
56.572
56.676
56.775999999999996
56.846000000000004
56.897999999999996
56.943999999999996
56.994
57.036
57.07599999999999
57.116
57.16
57.214
57.292
57.397999999999996
57.524
57.656000000000006
57.788000000000004
57.906
58.02
58.111999999999995
58.193999999999996
58.274
58.352000000000004
58.442
58.542
58.666
58.77
58.872
58.96
59.038000000000004
59.10399999999999
59.164
59.216
59.252
59.282000000000004
59.309999999999995
59.34199999999999
59.396
59.46
59.546
59.63400000000001
59.712
59.79
59.86
59.91400000000001
59.964
60.010000000000005
60.058
60.108
60.172
60.238
60.298
60.358000000000004
60.428
60.494
60.565999999999995
60.638000000000005
60.696
60.756
60.82000000000001
60.87599999999999
60.922
60.983999999999995
61.046
61.105999999999995
61.152
61.209999999999994
61.266000000000005
61.332
61.388
61.446000000000005
61.507999999999996
61.56
61.605999999999995
61.668000000000006
61.738
61.82599999999999
61.944
62.088
62.254
62.428
62.608000000000004
62.79
62.961999999999996
63.111999999999995
63.238
63.344
63.443999999999996
63.524
63.592
63.654
63.724
63.812
63.902
63.998
64.07999999999998
64.174
64.256
64.326
64.376
64.41000000000001
64.43
64.446
64.48199999999999
64.536
64.608
64.67999999999999
64.774
64.87
64.96799999999999
65.06
65.16
65.244
65.31
65.374
65.442
65.50800000000001
65.562
65.62200000000001
65.696
65.756
65.818
65.894
65.99000000000001
66.078
66.142
66.218
66.298
66.39
66.488
66.564
66.618
66.666
66.70400000000001
66.71799999999999
66.73
66.74199999999999
66.74000000000001
66.738
66.726
66.708
66.684
66.65199999999999
66.626
66.60600000000001
66.582
66.55799999999999
66.536
66.52
66.518
66.506
66.51
66.52600000000001
66.542
66.562
66.574
66.58
66.60199999999999
66.61800000000001
66.632
66.67
66.71600000000001
66.74799999999999
66.776
66.828
66.91000000000001
67.008
67.116
67.222
67.32000000000001
67.408
67.474
67.504
67.5
67.488
67.468
67.42
67.33200000000001
67.21000000000001
67.07
66.91000000000001
66.74600000000001
66.554
66.35
66.144
65.94200000000001
65.72999999999999
65.49000000000001
65.256
65.03
64.792
64.55
64.302
64.07199999999999
63.86
63.668000000000006
63.474
63.31
63.178
63.077999999999996
62.998
62.928000000000004
62.87200000000001
62.81
62.756
62.699999999999996
62.641999999999996
62.571999999999996
62.489999999999995
62.392
62.28
62.152
62.024
61.9
61.75399999999999
61.598
61.431999999999995
61.282000000000004
61.132
60.976
60.837999999999994
60.696
60.550000000000004
60.396
60.233999999999995
60.092000000000006
59.967999999999996
59.86000000000001
59.746
59.634
59.532
59.43600000000001
59.352000000000004
59.284000000000006
59.236000000000004
59.182
59.134
59.088
59.04399999999999
58.99199999999999
58.97
58.97
58.974
58.980000000000004
58.982
58.988
59.002
59.022000000000006
59.03399999999999
59.044000000000004
59.059999999999995
59.066
59.038
58.99600000000001
58.944
58.882
58.81
58.702000000000005
58.58
58.446000000000005
58.300000000000004
58.154
58.014
57.886
57.766
57.641999999999996
57.513999999999996
57.40599999999999
57.324
57.27
57.232000000000006
57.22
57.242
57.290000000000006
57.331999999999994
57.372
57.418
57.476
57.544000000000004
57.598
57.652
57.696
57.74199999999999
57.774
57.800000000000004
57.84
57.88399999999999
57.916
57.934
57.932
57.92400000000001
57.92400000000001
57.919999999999995
57.926
57.93
57.922
57.906
57.874
57.826
57.769999999999996
57.694
57.596000000000004
57.486000000000004
57.379999999999995
57.268
57.146
57.024
56.916
56.824
56.766000000000005
56.714
56.657999999999994
56.6
56.554
56.524
56.50000000000001
56.474000000000004
56.454
56.434
56.432
56.437999999999995
56.459999999999994
56.498
56.542
56.592000000000006
56.626
56.653999999999996
56.664
56.684000000000005
56.704
56.742000000000004
56.785999999999994
56.826
56.870000000000005
56.918
56.988
57.062
57.14000000000001
57.188
57.208000000000006
57.2
57.152
57.078
56.983999999999995
56.891999999999996
56.806
56.717999999999996
56.62200000000001
56.542
56.452
56.376000000000005
56.321999999999996
56.288
56.262
56.24600000000001
56.244
56.244
56.256
56.272
56.284000000000006
56.294000000000004
56.3
56.291999999999994
56.27400000000001
56.236000000000004
56.184000000000005
56.087999999999994
55.922000000000004
55.702
55.444
55.172
54.879999999999995
54.577999999999996
54.278
53.992
53.708
53.45
53.212
53.004
52.836
52.662
52.478
52.291999999999994
52.114
51.94199999999999
51.768
51.611999999999995
51.488
51.384
51.306
51.24600000000001
51.21
51.196
51.192
51.156
51.098
51.042
50.989999999999995
50.942
50.886
50.85600000000001
50.856
50.861999999999995
50.873999999999995
50.885999999999996
50.91400000000001
50.96999999999999
51.044000000000004
51.112
51.15
51.188
51.234
51.284000000000006
51.343999999999994
51.416000000000004
51.494
51.578
51.652
51.72
51.769999999999996
51.809999999999995
51.832
51.80199999999999
51.715999999999994
51.602000000000004
51.46199999999999
51.297999999999995
51.135999999999996
50.964
50.78600000000001
50.59400000000001
50.392
50.186
49.974
49.76800000000001
49.57
49.36
49.14
48.952
48.791999999999994
48.64399999999999
48.522
48.425999999999995
48.348
48.268
48.176
48.08
47.984
47.888000000000005
47.798
47.69
47.54
47.37
47.19
47.004
46.80799999999999
46.622
46.452
46.292
46.146
46.006
45.87200000000001
45.75399999999999
45.666000000000004
45.565999999999995
45.47
45.394000000000005
45.36
45.368
45.406000000000006
45.454
45.518
45.596000000000004
45.68600000000001
45.776
45.870000000000005
45.974
46.080000000000005
46.150000000000006
46.182
46.224
46.278
46.348
46.43
46.506
46.564
46.612
46.642
46.654
46.65
46.635999999999996
46.581999999999994
46.49
46.366
46.25000000000001
46.156
46.07
45.995999999999995
45.92
45.85600000000001
45.784000000000006
45.717999999999996
45.66
45.598
45.544000000000004
45.494
45.422000000000004
45.321999999999996
45.222
45.126
45.04
44.966
44.882000000000005
44.766
44.62200000000001
44.461999999999996
44.284
44.092
43.89
43.68
43.461999999999996
43.236
43.034
42.858000000000004
42.692
42.554
42.446
42.342000000000006
42.25200000000001
42.164
42.086
42.022000000000006
41.97
41.934000000000005
41.894
41.837999999999994
41.778000000000006
41.722
41.652
41.582
41.504000000000005
41.406000000000006
41.31
41.22
41.136
41.05
40.967999999999996
40.888000000000005
40.802
40.717999999999996
40.646
40.596000000000004
40.571999999999996
40.55199999999999
40.53200000000001
40.506
40.48
40.448
40.408
40.358
40.298
40.23199999999999
40.164
40.074
39.986
39.898
39.822
39.74
39.652
39.558
39.466
39.373999999999995
39.275999999999996
39.160000000000004
39.042
38.922
38.785999999999994
38.635999999999996
38.504
38.39
38.282
38.182
38.068000000000005
37.956
37.842
37.728
37.6
37.46999999999999
37.34
37.21
37.083999999999996
36.974
36.888
36.816
36.766000000000005
36.726
36.684
36.638000000000005
36.586
36.53
36.472
36.404
36.322
36.242
36.156
36.058
35.961999999999996
35.876
35.796
35.734
35.66
35.574
35.49
35.414
35.356
35.302
35.268
35.254
35.266
35.294
35.339999999999996
35.402
35.49
35.604
35.738
35.861999999999995
35.958
36.025999999999996
36.048
36.048
36.028
36.002
35.958
35.898
35.82000000000001
35.717999999999996
35.628
35.542
35.459999999999994
35.379999999999995
35.31
35.26
35.192
35.108
35.018
34.936
34.856
34.782
34.716
34.654
34.59
34.53
34.464000000000006
34.395999999999994
34.315999999999995
34.244
34.16
34.074000000000005
33.992000000000004
33.912000000000006
33.83
33.742
33.646
33.538
33.434
33.322
33.2
33.074
32.95
32.827999999999996
32.699999999999996
32.57
32.446
32.328
32.230000000000004
32.142
32.062000000000005
32.008
31.964
31.932000000000002
31.898000000000003
31.855999999999998
31.83
31.812
31.804000000000002
31.804000000000002
31.811999999999998
31.824
31.844
31.862
31.875999999999998
31.886000000000003
31.89
31.881999999999998
31.868
31.846000000000004
31.822000000000003
31.788000000000004
31.740000000000002
31.686
31.618000000000002
31.540000000000003
31.482
31.423999999999996
31.366
31.316
31.248000000000005
31.168
31.076
30.964
30.854
30.746000000000002
30.658
30.582
30.506
30.425999999999995
30.334000000000003
30.232000000000003
30.116
30.0
29.86
29.701999999999998
29.512
29.3
29.080000000000002
28.862000000000002
28.65
28.464
28.314
28.179999999999996
28.052000000000003
27.912
27.78
27.652
27.536
27.434
27.336000000000002
27.244
27.164
27.08
26.994
26.9
26.817999999999998
26.75
26.68
26.616000000000007
26.562
26.505999999999997
26.435999999999996
26.348
26.256
26.156
26.054
25.951999999999998
25.862
25.782000000000004
25.71
25.634
25.550000000000004
25.455999999999996
25.362
25.276
25.18
25.080000000000002
24.987999999999996
24.91
24.826
24.733999999999998
24.634
24.524
24.412
24.296
24.18
24.072
23.954
23.834
23.704
23.552
23.386
23.216
23.041999999999998
22.862
22.657999999999998
22.430000000000003
22.200000000000003
21.972
21.756
21.55
21.354
21.168
20.982000000000003
20.796000000000003
20.613999999999997
20.442000000000004
20.262
20.084
19.922
19.772000000000002
19.648
19.538
19.44
19.356
19.274
19.194
19.114
19.034
18.962
18.89
18.810000000000002
18.72
18.622
18.508
18.388
18.27
18.154
18.05
17.958
17.875999999999998
17.796
17.704
17.624
17.567999999999998
17.518
17.47
17.418
17.364
17.318
17.274
17.233999999999998
17.196
17.179999999999996
17.178
17.18
17.186
17.174
17.152
17.11
17.052
16.994
16.938
16.88
16.828
16.788
16.744
16.712
16.676000000000002
16.618
16.552
16.472
16.39
16.316
16.248
16.177999999999997
16.114
16.056
15.992
15.935999999999998
15.886
15.844
15.82
15.796000000000003
15.764000000000001
15.736
15.72
15.712000000000002
15.704
15.72
15.755999999999998
15.804
15.863999999999999
15.928
16.0
16.060000000000002
16.116
16.162
16.196
16.228
16.254
16.282
16.3
16.328000000000003
16.368000000000002
16.43
16.502
16.578
16.658
16.735999999999997
16.814
16.868000000000002
16.904
16.934
16.959999999999997
16.983999999999998
17.014000000000003
17.062
17.107999999999997
17.15
17.19
17.232000000000003
17.272000000000002
17.323999999999998
17.372
17.396
17.406
17.400000000000002
17.372
17.342
17.310000000000002
17.292
17.296
17.317999999999998
17.354
17.392000000000003
17.436000000000003
17.474
17.504
17.52
17.516000000000002
17.502
17.490000000000002
17.48
17.456000000000003
17.448
17.451999999999998
17.464
17.48
17.503999999999998
17.529999999999998
17.548000000000002
17.57
17.567999999999998
17.552
17.534
17.503999999999998
17.498
17.506
17.538
17.58
17.62
17.662
17.708000000000002
17.756
17.79
17.828
17.844
17.84
17.83
17.808
17.792
17.782
17.762
17.744
17.732
17.72
17.705999999999996
17.694
17.682
17.680000000000003
17.676
17.659999999999997
17.654
17.654
17.664
17.674
17.68
17.688
17.692
17.694
17.689999999999998
17.686
17.676
17.66
17.66
17.658
17.664
17.676
17.695999999999998
17.72
17.747999999999998
17.786
17.824
17.86
17.900000000000002
17.942
17.983999999999998
18.022000000000002
18.05
18.062
18.072
18.078000000000003
18.082
18.086
18.080000000000002
18.05
17.994
17.926000000000002
17.852
17.774
17.694
17.612
17.514
17.41
17.322
17.246
17.192
17.16
17.138
17.126
17.108
17.084000000000003
17.044
16.998
16.944
16.875999999999998
16.806
16.733999999999998
16.674
16.630000000000003
16.61
16.596
16.576
16.556
16.538
16.52
16.498
16.47
16.432
16.388
16.338
16.274
16.216
16.168
16.125999999999998
16.092
16.062
16.03
15.978000000000002
15.92
15.852
15.782
15.712000000000003
15.646
15.584
15.518
15.468
15.434
15.416
15.416
15.421999999999999
15.422
15.406
15.378
15.338
15.296000000000001
15.26
15.221999999999998
15.18
15.122
15.068
15.02
14.975999999999999
14.936
14.895999999999999
14.852
14.788
14.704
14.608
14.506
14.406
14.308
14.213999999999999
14.124
14.027999999999999
13.928
13.828000000000001
13.728000000000002
13.628
13.522
13.394
13.252
13.092000000000002
12.918
12.732000000000001
12.542000000000002
12.35
12.164000000000001
11.994
11.838000000000001
11.71
11.606
11.501999999999999
11.393999999999998
11.291999999999998
11.200000000000001
11.128
11.074000000000002
11.024000000000001
10.98
10.934
10.882
10.838000000000001
10.802
10.756
10.706000000000001
10.643999999999998
10.580000000000002
10.512
10.440000000000001
10.366
10.296000000000001
10.239999999999998
10.190000000000001
10.154
10.120000000000001
10.097999999999999
10.085999999999999
10.076
10.064
10.026
9.978
9.934
9.892000000000001
9.838000000000001
9.78
9.724
9.677999999999999
9.634
9.595999999999998
9.566
9.543999999999999
9.530000000000001
9.52
9.492
9.454
9.402
9.348
9.304
9.266
9.242
9.216000000000001
9.190000000000001
9.16
9.134
9.114
9.091999999999999
9.07
9.048
9.02
8.992
8.964
8.952
8.947999999999999
8.954
8.956
8.954
8.958
8.959999999999999
8.968
8.962000000000002
8.944
8.896
8.835999999999999
8.767999999999999
8.706
8.658
8.626
8.604
8.584
8.564
8.538
8.512
8.484
8.459999999999999
8.44
8.406
8.37
8.326
8.286000000000001
8.264
8.251999999999999
8.254
8.27
8.290000000000001
8.312
8.328
8.334
8.324
8.309999999999999
8.288
8.264
8.25
8.25
8.26
8.280000000000001
8.306000000000001
8.326
8.352
8.374
8.392
8.402
8.4
8.392
8.373999999999999
8.354000000000001
8.34
8.326
8.318
8.309999999999999
8.316
8.315999999999999
8.315999999999999
8.318
8.312000000000001
8.309999999999999
8.29
8.26
8.228000000000002
8.194
8.176
8.17
8.166
8.166
8.174000000000001
8.18
8.19
8.2
8.202000000000002
8.192
8.172
8.148
8.116000000000001
8.084
8.065999999999999
8.054
8.048
8.046
8.048
8.058
8.049999999999999
8.038
8.021999999999998
8.001999999999999
7.982
7.960000000000001
7.944000000000001
7.928000000000001
7.9159999999999995
7.914000000000001
7.9159999999999995
7.928000000000001
7.948
7.9719999999999995
7.984000000000001
7.997999999999999
7.99
7.968
7.945999999999999
7.92
7.906000000000001
7.902
7.926000000000001
7.960000000000001
7.997999999999999
8.030000000000001
8.064
8.100000000000001
8.132000000000001
8.161999999999999
8.184
8.21
8.239999999999998
8.266
8.29
8.314
8.356
8.405999999999999
8.459999999999999
8.522
8.584
8.636000000000001
8.686
8.732
8.774000000000001
8.81
8.857999999999999
8.91
8.966
9.014
9.062000000000001
9.108
9.16
9.21
9.244
9.262
9.260000000000002
9.256
9.225999999999999
9.186
9.145999999999999
9.113999999999999
9.090000000000002
9.069999999999999
9.072
9.082
9.1
9.118
9.134
9.15
9.15
9.142
9.124
9.102
9.082
9.06
9.044
9.027999999999999
9.012
8.998000000000001
8.988000000000001
8.972
8.954
8.937999999999999
8.922
8.906
8.872
8.828
8.794
8.765999999999998
8.742
8.722000000000001
8.712
8.698
8.687999999999999
8.68
8.672
8.664
8.658000000000001
8.642
8.620000000000001
8.596
8.576
8.558
8.538
8.518
8.489999999999998
8.46
8.427999999999999
8.39
8.352
8.312
8.27
8.225999999999999
8.190000000000001
8.155999999999999
8.14
8.134
8.120000000000001
8.104
8.079999999999998
8.046
8.006
7.9639999999999995
7.926
7.885999999999999
7.848
7.806
7.763999999999999
7.718
7.68
7.640000000000001
7.586
7.531999999999999
7.474
7.414
7.346000000000001
7.2780000000000005
7.208
7.1320000000000014
7.058
6.986000000000001
6.911999999999999
6.838000000000001
6.77
6.708
6.638000000000001
6.568
6.501999999999999
6.446
6.395999999999999
6.348000000000001
6.294
6.24
6.204
6.178000000000001
6.156000000000001
6.1339999999999995
6.122
6.1240000000000006
6.130000000000001
6.136
6.144
6.154
6.156
6.154
6.140000000000001
6.1259999999999994
6.12
6.114
6.1160000000000005
6.122
6.135999999999999
6.152000000000001
6.166
6.184
6.21
6.244
6.276
6.308
6.332000000000001
6.3580000000000005
6.386
6.41
6.422000000000001
6.428000000000001
6.449999999999999
6.478000000000001
6.504
6.529999999999999
6.562000000000001
6.592
6.609999999999999
6.626000000000001
6.6419999999999995
6.654
6.666
6.678
6.688000000000001
6.6979999999999995
6.725999999999999
6.763999999999999
6.808000000000001
6.856
6.908
6.958000000000001
7.001999999999999
7.042
7.064
7.074
7.082000000000001
7.090000000000001
7.096
7.096
7.1
7.101999999999999
7.103999999999999
7.102
7.114
7.128
7.138
7.148000000000001
7.152000000000001
7.15
7.146000000000001
7.146
7.144
7.144
7.149999999999999
7.164000000000001
7.18
7.196
7.224
7.258
7.295999999999999
7.336
7.37
7.396
7.425999999999999
7.454000000000001
7.484
7.513999999999999
7.552
7.59
7.622000000000002
7.656000000000001
7.692
7.727999999999999
7.7620000000000005
7.794
7.812
7.827999999999999
7.843999999999999
7.862
7.876000000000001
7.8919999999999995
7.918
7.949999999999999
7.99
8.026
8.065999999999999
8.11
8.146
8.181999999999999
8.213999999999999
8.244
8.280000000000001
8.32
8.354
8.386
8.424
8.47
8.52
8.57
8.62
8.664
8.704
8.738
8.766
8.788
8.815999999999999
8.844
8.87
8.896
8.934
8.979999999999999
9.022
9.064
9.097999999999999
9.122
9.132
9.14
9.158
9.178
9.186
9.188
9.186
9.182
9.184000000000001
9.186
9.190000000000001
9.198
9.201999999999998
9.198
9.18
9.152000000000001
9.128
9.112
9.106
9.108
9.114
9.12
9.126000000000001
9.134
9.14
9.148
9.144
9.132
9.11
9.085999999999999
9.062
9.044
9.03
9.02
9.008000000000001
8.991999999999999
8.975999999999999
8.958
8.938
8.916
8.889999999999999
8.862
8.83
8.796
8.76
8.722
8.693999999999999
8.665999999999999
8.634
8.604
8.572
8.542
8.506
8.472
8.44
8.41
8.373999999999999
8.334000000000001
8.296
8.26
8.236
8.214
8.193999999999999
8.172
8.148
8.124
8.097999999999999
8.072
8.044
8.016
7.981999999999999
7.946
7.918
7.886
7.862
7.84
7.82
7.800000000000001
7.77
7.734
7.692
7.646
7.598
7.552
7.498
7.443999999999999
7.394
7.346
7.308
7.274000000000001
7.236
7.196
7.156000000000001
7.12
7.08
7.034000000000002
6.99
6.944000000000001
6.904
6.8740000000000006
6.858
6.848
6.822000000000001
6.788
6.764
6.747999999999999
6.72
6.692
6.648
6.6
6.546
6.484
6.42
6.358
6.308
6.268
6.234
6.198
6.17
6.144
6.109999999999999
6.08
6.036
5.982000000000001
5.928
5.872
5.83
5.8
5.776
5.756
5.75
5.7459999999999996
5.747999999999999
5.7540000000000004
5.757999999999999
5.758
5.75
5.742
5.736
5.728000000000001
5.724
5.72
5.718
5.712
5.7059999999999995
5.702
5.696
5.69
5.676
5.664
5.646000000000001
5.626000000000001
5.606
5.584
5.564
5.542
5.526
5.512
5.497999999999999
5.484
5.47
5.454
5.436
5.418
5.402
5.386
5.369999999999999
5.352
5.338
5.324
5.308
5.288
5.258
5.2219999999999995
5.186
5.152
5.114
5.074
5.038
5.007999999999999
4.98
4.952
4.9239999999999995
4.896000000000001
4.874
4.854
4.83
4.804
4.776
4.747999999999999
4.7219999999999995
4.698
4.674
4.644
4.618
4.602
4.584
4.566000000000001
4.545999999999999
4.524
4.5
4.474
4.459999999999999
4.452
4.442
4.43
4.432
4.436
4.454
4.478
4.504
4.53
4.550000000000001
4.572
4.587999999999999
4.6
4.613999999999999
4.628
4.640000000000001
4.654
4.662000000000001
4.664000000000001
4.676
4.698
4.718
4.74
4.758
4.7700000000000005
4.772
4.768
4.762
4.758
4.752000000000001
4.749999999999999
4.74
4.736000000000001
4.736000000000001
4.7379999999999995
4.74
4.744
4.744
4.746
4.75
4.756
4.762
4.764
4.7620000000000005
4.7620000000000005
4.766
4.766
4.7700000000000005
4.774000000000001
4.778
4.782
4.7860000000000005
4.79
4.7940000000000005
4.798
4.8020000000000005
4.808
4.814
4.82
4.826
4.84
4.848
4.856
4.864
4.87
4.872
4.878
4.888
4.8999999999999995
4.912
4.928
4.944
4.958
4.9719999999999995
4.982
4.994000000000001
5.0040000000000004
5.009999999999999
5.012000000000001
5.0120000000000005
5.01
5.012
5.012
5.014
5.02
5.027999999999999
5.037999999999999
5.048
5.056
5.054
5.05
5.042
5.029999999999999
5.0200000000000005
5.0120000000000005
5.01
5.007999999999999
5.008
5.006
5.004
5.004
5.004
5.004
4.996
4.986000000000001
4.972
4.956
4.9399999999999995
4.9239999999999995
4.914
4.901999999999999
4.896
4.8919999999999995
4.886
4.880000000000001
4.876
4.872
4.878
4.884
4.894
4.904
4.914
4.922
4.936
4.952
4.976
5.004
5.029999999999999
5.054
5.078
5.096
5.119999999999999
5.144
5.16
5.17
5.178000000000001
5.188
5.194
5.192
5.188000000000001
5.182
5.17
5.154
5.138
5.12
5.104
5.087999999999999
5.074
5.06
5.045999999999999
5.034
5.023999999999999
5.012
5.002000000000001
4.992
4.984
4.976
4.966
4.956
4.946
4.928000000000001
4.914
4.898000000000001
4.884
4.872
4.86
4.846
4.83
4.814
4.8
4.79
4.774
4.758
4.744000000000001
4.73
4.720000000000001
4.712
4.708
4.708
4.708
4.708
4.71
4.714
4.720000000000001
4.724
4.724
4.724
4.726
4.728
4.736
4.744
4.752
4.760000000000001
4.766
4.77
4.772
4.774
4.7780000000000005
4.784
4.79
4.796
4.802
4.808000000000001
4.804
4.798
4.792
4.7860000000000005
4.779999999999999
4.776
4.768000000000001
4.758000000000001
4.746
4.7379999999999995
4.731999999999999
4.726000000000001
4.710000000000001
4.6899999999999995
4.67
4.65
4.628
4.603999999999999
4.58
4.554
4.524
4.4959999999999996
4.47
4.444
4.42
4.396
4.37
4.344
4.322
4.3
4.288
4.28
4.272
4.260000000000001
4.254
4.2540000000000004
4.256
4.258000000000001
4.252
4.248
4.244
4.242
4.241999999999999
4.242
4.24
4.2379999999999995
4.236000000000001
4.232
4.228
4.223999999999999
4.218
4.212000000000001
4.192
4.168
4.144
4.120000000000001
4.096
4.07
4.046
4.022
3.9959999999999996
3.968
3.9399999999999995
3.9120000000000004
3.8840000000000003
3.8560000000000003
3.8339999999999996
3.8100000000000005
3.79
3.7700000000000005
3.748
3.7299999999999995
3.7119999999999997
3.694
3.6740000000000004
3.652
3.63
3.6079999999999997
3.582
3.556
3.526
3.494
3.462
3.4280000000000004
3.3920000000000003
3.3560000000000003
3.3240000000000003
3.2980000000000005
3.2760000000000002
3.252
3.224
3.1960000000000006
3.16
3.12
3.0780000000000003
3.034
2.9899999999999998
2.946
2.9040000000000004
2.864
2.8400000000000003
2.818
2.7960000000000003
2.774
2.7520000000000002
2.728
2.708
2.692
2.678
2.66
2.642
2.628
2.622
2.62
2.616
2.612
2.598
2.584
2.57
2.556
2.548
2.538
2.526
2.5180000000000002
2.5100000000000002
2.504
2.5
2.502
2.496
2.4879999999999995
2.48
2.474
2.47
2.4659999999999997
2.4600000000000004
2.4539999999999997
2.448
2.444
2.454
2.468
2.484
2.498
2.5140000000000002
2.5300000000000002
2.546
2.5620000000000003
2.5700000000000003
2.574
2.578
2.5839999999999996
2.59
2.598
2.6100000000000003
2.6199999999999997
2.6299999999999994
2.64
2.65
2.6599999999999997
2.6699999999999995
2.68
2.69
2.6999999999999997
2.7099999999999995
2.718
2.7259999999999995
2.7359999999999998
2.7439999999999998
2.754
2.766
2.7800000000000002
2.794
2.8040000000000003
2.812
2.8200000000000003
2.8280000000000003
2.8400000000000003
2.852
2.8660000000000005
2.88
2.8919999999999995
2.902
2.9139999999999997
2.928
2.942
2.9539999999999997
2.966
2.9680000000000004
2.96
2.952
2.9439999999999995
2.94
2.9359999999999995
2.94
2.9499999999999997
2.9579999999999997
2.9699999999999998
2.982
2.992
3.0
3.006
3.0079999999999996
3.01
3.012
3.014
3.0159999999999996
3.02
3.022
3.0220000000000002
3.022
3.0220000000000002
3.02
3.0140000000000002
3.008
3.0
2.996
2.992
2.996
3.0020000000000002
3.008
3.016
3.0220000000000002
3.028
3.0340000000000003
3.034
3.034
3.032
3.03
3.022
3.0240000000000005
3.0279999999999996
3.034
3.038
3.0380000000000003
3.038
3.0340000000000003
3.028
3.02
3.012
3.004
2.9960000000000004
2.9859999999999998
2.978
2.968
2.96
2.9539999999999997
2.95
2.9539999999999997
2.966
2.974
2.9799999999999995
2.9879999999999995
2.9939999999999998
3.008
3.026
3.0460000000000003
3.066
3.0860000000000003
3.106
3.1159999999999997
3.13
3.136
3.1399999999999997
3.144
3.1479999999999997
3.152
3.154
3.1559999999999997
3.1580000000000004
3.162
3.164
3.1660000000000004
3.168
3.1700000000000004
3.172
3.172
3.1679999999999997
3.162
3.154
3.1480000000000006
3.1420000000000003
3.138
3.1319999999999997
3.126
3.122
3.118
3.114
3.1220000000000003
3.1359999999999997
3.148
3.1599999999999997
3.174
3.1879999999999997
3.2039999999999997
3.2179999999999995
3.2299999999999995
3.238
3.2460000000000004
3.254
3.2619999999999996
3.27
3.2880000000000003
3.308
3.3280000000000003
3.348
3.3680000000000003
3.386
3.402
3.42
3.4380000000000006
3.458
3.4780000000000006
3.5
3.52
3.542
3.564
3.5860000000000003
3.6079999999999997
3.628
3.6500000000000004
3.670000000000001
3.6799999999999997
3.6900000000000004
3.6979999999999995
3.7060000000000004
3.7139999999999995
3.7220000000000004
3.7279999999999998
3.7340000000000004
3.738
3.7399999999999998
3.74
3.7399999999999998
3.742
3.744
3.7540000000000004
3.77
3.7880000000000003
3.8040000000000003
3.8200000000000003
3.8339999999999996
3.85
3.864
3.878
3.8899999999999997
3.9
3.908
3.9160000000000004
3.9220000000000006
3.9300000000000006
3.9380000000000006
3.9460000000000006
3.9540000000000006
3.958
3.9640000000000004
3.9680000000000004
3.974
3.982
3.99
4.006
4.018000000000001
4.037999999999999
4.0600000000000005
4.08
4.1
4.118
4.138000000000001
4.148000000000001
4.154
4.156
4.158
4.160000000000001
4.162
4.166
4.17
4.176
4.184
4.188
4.192
4.194
4.196
4.19
4.178
4.162
4.146
4.132000000000001
4.117999999999999
4.102
4.085999999999999
4.072
4.058
4.04
4.023999999999999
4.002
3.9779999999999998
3.9499999999999997
3.9259999999999997
3.902
3.878
3.8559999999999994
3.836
3.812
3.788
3.764
3.7399999999999998
3.7159999999999997
3.6919999999999997
3.6659999999999995
3.6379999999999995
3.6079999999999997
3.576
3.5439999999999996
3.5099999999999993
3.478
3.444
3.4099999999999997
3.376
3.342
3.308
3.272
3.2359999999999998
3.206
3.1759999999999997
3.148
3.1199999999999997
3.092
3.0639999999999996
3.0380000000000003
3.0120000000000005
2.986
2.96
2.934
2.9080000000000004
2.882
2.856
2.8280000000000003
2.7960000000000003
2.7640000000000002
2.732
2.7
2.67
2.642
2.614
2.586
2.5599999999999996
2.534
2.51
2.486
2.46
2.434
2.4079999999999995
2.374
2.34
2.31
2.278
2.244
2.21
2.174
2.138
2.104
2.072
2.038
2.004
1.972
1.9400000000000002
1.9100000000000001
1.8780000000000001
1.858
1.842
1.828
1.814
1.8
1.786
1.7719999999999998
1.758
1.7399999999999998
1.7199999999999998
1.706
1.694
1.682
1.67
1.6680000000000001
1.6720000000000002
1.6759999999999997
1.678
1.678
1.6800000000000002
1.682
1.6840000000000002
1.6840000000000002
1.6840000000000002
1.6879999999999997
1.69
1.6960000000000002
1.704
1.718
1.728
1.74
1.752
1.7619999999999998
1.77
1.7779999999999998
1.784
1.7899999999999998
1.796
1.8039999999999998
1.8139999999999998
1.8279999999999998
1.8439999999999999
1.86
1.876
1.8920000000000001
1.908
1.9240000000000002
1.94
1.958
1.976
1.994
2.0140000000000002
2.034
2.0540000000000003
2.074
2.094
2.106
2.118
2.13
2.142
2.1500000000000004
2.158
2.1660000000000004
2.174
2.1820000000000004
2.1919999999999997
2.202
2.212
2.224
2.2359999999999998
2.246
2.2560000000000002
2.266
2.274
2.2720000000000002
2.2680000000000002
2.2640000000000002
2.258
2.246
2.23
2.216
2.202
2.188
2.176
2.166
2.1559999999999997
2.1460000000000004
2.136
2.126
2.112
2.098
2.0839999999999996
2.0679999999999996
2.05
2.034
2.0200000000000005
2.006
1.992
1.9780000000000002
1.9640000000000004
1.948
1.9300000000000002
1.9100000000000001
1.8900000000000001
1.87
1.85
1.83
1.81
1.7960000000000003
1.7839999999999998
1.7720000000000002
1.7580000000000002
1.7440000000000002
1.7300000000000002
1.714
1.6980000000000002
1.686
1.6740000000000002
1.662
1.6480000000000001
1.634
1.62
1.6059999999999999
1.592
1.576
1.56
1.544
1.528
1.512
1.496
1.4780000000000002
1.46
1.4420000000000002
1.424
1.4060000000000001
1.3900000000000001
1.374
1.358
1.34
1.32
1.298
1.274
1.252
1.23
1.208
1.186
1.1660000000000001
1.1460000000000001
1.124
1.102
1.082
1.06
1.0379999999999998
1.016
0.9940000000000001
0.9720000000000001
0.9580000000000001
0.946
0.9339999999999999
0.9219999999999999
0.9119999999999999
0.9039999999999999
0.896
0.8880000000000001
0.8760000000000001
0.8620000000000001
0.8480000000000001
0.8340000000000001
0.8180000000000001
0.802
0.786
0.77
0.754
0.738
0.728
0.72
0.712
0.7060000000000001
0.706
0.708
0.708
0.708
0.708
0.706
0.708
0.71
0.712
0.714
0.714
0.716
0.718
0.72
0.72
0.72
0.724
0.726
0.726
0.726
0.726
0.726
0.728
0.732
0.736
0.742
0.748
0.754
0.758
0.762
0.764
0.764
0.762
0.76
0.758
0.756
0.754
0.7520000000000001
0.7500000000000001
0.7480000000000001
0.7460000000000001
0.7440000000000001
0.7420000000000001
0.7400000000000001
0.7380000000000001
0.7360000000000001
0.7320000000000001
0.728
0.724
0.72
0.716
0.712
0.708
0.704
0.7
0.696
0.692
0.688
0.6839999999999999
0.6799999999999999
0.6739999999999999
0.6679999999999999
0.6639999999999999
0.6599999999999999
0.6559999999999999
0.6519999999999999
0.6479999999999999
0.6439999999999999
0.64
0.636
0.632
0.628
0.622
0.616
0.61
0.604
0.598
0.592
0.586
0.578
0.57
0.5619999999999999
0.5559999999999999
0.5479999999999999
0.5399999999999999
0.5319999999999999
0.528
0.524
0.52
0.516
0.512
0.508
0.504
0.5
0.496
0.492
0.488
0.484
0.48000000000000004
0.47400000000000003
0.468
0.4620000000000001
0.45600000000000007
0.45000000000000007
0.44600000000000006
0.44400000000000006
0.44200000000000006
0.44000000000000006
0.44000000000000006
0.44000000000000006
0.44400000000000006
0.44800000000000006
0.45200000000000007
0.45600000000000007
0.46199999999999997
0.46799999999999997
0.47
0.472
0.476
0.482
0.488
0.494
0.5
0.504
0.51
0.514
0.518
0.522
0.528
0.534
0.538
0.542
0.548
0.554
0.56
0.5660000000000001
0.5720000000000001
0.5780000000000001
0.5840000000000001
0.59
0.596
0.602
0.608
0.6139999999999999
0.6199999999999999
0.6259999999999999
0.6339999999999999
0.6419999999999999
0.6499999999999999
0.6579999999999999
0.6659999999999999
0.6739999999999999
0.6819999999999999
0.69
0.698
0.706
0.714
0.72
0.726
0.732
0.74
0.748
0.756
0.764
0.772
0.78
0.788
0.796
0.8039999999999999
0.812
0.82
0.8280000000000001
0.836
0.844
0.85
0.854
0.858
0.862
0.866
0.87
0.874
0.88
0.886
0.892
0.894
0.896
0.9
0.904
0.9059999999999999
0.908
0.9099999999999999
0.912
0.9139999999999999
0.916
0.9179999999999999
0.92
0.9219999999999999
0.924
0.9259999999999999
0.928
0.9299999999999999
0.932
0.9339999999999999
0.936
0.936
0.934
0.932
0.93
0.9259999999999999
0.922
0.9179999999999999
0.914
0.9099999999999999
0.906
0.9019999999999999
0.898
0.8939999999999999
0.89
0.8859999999999999
0.8799999999999999
0.8739999999999999
0.8680000000000001
0.8620000000000001
0.8560000000000001
0.8500000000000001
0.8440000000000001
0.8380000000000001
0.8320000000000001
0.8260000000000001
0.8200000000000001
0.8160000000000001
0.812
0.808
0.804
0.8
0.796
0.792
0.788
0.784
0.78
0.778
0.776
0.77
0.764
0.758
0.752
0.746
0.74
0.734
0.728
0.722
0.716
0.71
0.704
0.698
0.692
0.686
0.6799999999999999
0.674
0.6679999999999999
0.662
0.6579999999999999
0.654
0.6500000000000001
0.646
0.6420000000000001
0.638
0.6340000000000001
0.6280000000000001
0.6220000000000001
0.6160000000000001
0.6100000000000001
0.6040000000000001
0.5980000000000001
0.594
0.592
0.59
0.588
0.5860000000000001
0.5840000000000001
0.5820000000000001
0.5780000000000001
0.5740000000000001
0.5700000000000001
0.5700000000000001
0.5700000000000001
0.5680000000000001
0.5680000000000001
0.5700000000000001
0.5720000000000001
0.5740000000000001
0.5760000000000001
0.5780000000000001
0.5800000000000001
0.5820000000000001
0.584
0.586
0.588
0.59
0.592
0.594
0.596
0.598
0.6
0.602
0.606
0.61
0.614
0.616
0.618
0.62
0.622
0.624
0.626
0.628
0.63
0.632
0.636
0.64
0.644
0.648
0.652
0.656
0.66
0.664
0.668
0.672
0.678
0.684
0.6900000000000001
0.6960000000000001
0.7020000000000001
0.7080000000000001
0.7140000000000001
0.7200000000000001
0.7260000000000001
0.7320000000000001
0.7380000000000001
0.7440000000000001
0.7500000000000001
0.7540000000000001
0.758
0.766
0.774
0.782
0.79
0.8
0.81
0.8199999999999998
0.8300000000000001
0.8399999999999999
0.8500000000000001
0.8599999999999999
0.8700000000000001
0.8799999999999999
0.8899999999999999
0.8999999999999999
0.9099999999999999
0.9199999999999999
0.9299999999999999
0.94
0.948
0.956
0.964
0.972
0.982
0.992
1.002
1.012
1.022
1.028
1.034
1.038
1.042
1.046
1.05
1.054
1.058
1.062
1.066
1.07
1.074
1.078
1.082
1.086
1.09
1.094
1.096
1.098
1.1
1.102
1.104
1.1059999999999999
1.11
1.1139999999999999
1.118
1.1219999999999999
1.1260000000000001
1.13
1.1340000000000001
1.138
1.1420000000000001
1.146
1.1500000000000001
1.152
1.1520000000000001
1.152
1.1520000000000001
1.154
1.1560000000000001
1.158
1.1600000000000001
1.162
1.1640000000000001
1.166
1.1700000000000002
1.174
1.176
1.178
1.18
1.182
1.184
1.186
1.188
1.19
1.192
1.194
1.196
1.198
1.2
1.202
1.204
1.206
1.208
1.21
1.212
1.214
1.218
1.222
1.226
1.23
1.234
1.234
1.234
1.234
1.234
1.232
1.23
1.228
1.226
1.224
1.2219999999999998
1.22
1.2179999999999997
1.216
1.2139999999999997
1.212
1.2099999999999997
1.208
1.206
1.204
1.204
1.204
1.204
1.204
1.202
1.2
1.198
1.196
1.194
1.194
1.194
1.198
1.202
1.206
1.21
1.214
1.218
1.222
1.226
1.23
1.234
1.236
1.238
1.24
1.242
1.244
1.246
1.248
1.25
1.252
1.254
1.256
1.256
1.256
1.256
1.256
1.256
1.252
1.248
1.244
1.24
1.236
1.232
1.23
1.228
1.226
1.224
1.222
1.22
1.218
1.216
1.214
1.212
1.21
1.206
1.202
1.198
1.194
1.19
1.186
1.182
1.178
1.174
1.17
1.166
1.162
1.156
1.15
1.144
1.138
1.132
1.126
1.1199999999999999
1.1139999999999999
1.1079999999999999
1.102
1.094
1.086
1.078
1.07
1.062
1.058
1.054
1.05
1.046
1.042
1.038
1.034
1.03
1.026
1.022
1.018
1.016
1.014
1.012
1.01
1.008
1.006
1.004
1.002
0.998
0.992
0.986
0.98
0.974
0.968
0.962
0.956
0.95
0.946
0.942
0.9359999999999999
0.9299999999999999
0.9239999999999999
0.9179999999999999
0.9119999999999999
0.9059999999999999
0.8999999999999999
0.8939999999999999
0.8879999999999999
0.8819999999999999
0.8779999999999999
0.8740000000000001
0.8700000000000001
0.8660000000000001
0.8620000000000001
0.8580000000000001
0.8540000000000001
0.8500000000000001
0.8460000000000001
0.8420000000000001
0.8380000000000001
0.8340000000000001
0.8300000000000001
0.8260000000000001
0.8220000000000001
0.8180000000000001
0.8180000000000001
0.8180000000000001
0.8180000000000001
0.8180000000000001
0.8180000000000001
0.8180000000000001
0.8180000000000001
0.8180000000000001
0.8180000000000001
0.8180000000000001
0.8180000000000001
0.8180000000000001
0.8180000000000001
0.8180000000000001
0.8180000000000001
0.8180000000000001
0.8180000000000001
0.8180000000000001
0.8180000000000001
0.8180000000000001
0.8180000000000001
0.8180000000000001
0.8180000000000001
0.8180000000000001
0.8180000000000001
0.8180000000000001
0.8180000000000001
0.8180000000000001
0.8180000000000001
0.8180000000000001
0.8180000000000001
0.8180000000000001
0.8180000000000001
0.8180000000000001
0.8180000000000001
0.8180000000000001
0.8180000000000001
0.8180000000000001
0.8180000000000001
0.8180000000000001
0.8180000000000001
0.8200000000000001
0.8220000000000001
0.8240000000000001
0.8260000000000001
0.8280000000000001
0.8300000000000001
0.8320000000000001
0.8340000000000001
0.8360000000000001
0.8380000000000001
0.8400000000000001
0.8420000000000001
0.8440000000000001
0.8440000000000001
0.8420000000000001
0.8400000000000001
0.8380000000000001
0.8360000000000001
0.8340000000000001
0.8320000000000001
0.8300000000000001
0.8280000000000001
0.8260000000000001
0.8260000000000001
0.8260000000000001
0.8260000000000001
0.8260000000000001
0.8260000000000001
0.8260000000000001
0.8260000000000001
0.8260000000000001
0.8260000000000001
0.8260000000000001
0.8260000000000001
0.8260000000000001
0.8260000000000001
0.8260000000000001
0.8260000000000001
0.8260000000000001
0.8260000000000001
0.8260000000000001
0.8260000000000001
0.8260000000000001
0.8260000000000001
0.8260000000000001
0.8260000000000001
0.8260000000000001
0.8260000000000001
0.8260000000000001
0.8260000000000001
0.8260000000000001
0.8260000000000001
0.8260000000000001
0.8260000000000001
0.8260000000000001
0.8260000000000001
0.8260000000000001
0.8260000000000001
0.8260000000000001
0.8260000000000001
0.8260000000000001
0.8260000000000001
0.8260000000000001
0.8260000000000001
0.8260000000000001
0.8260000000000001
0.8260000000000001
0.8260000000000001
0.8260000000000001
0.8260000000000001
0.8260000000000001
0.8260000000000001
0.8260000000000001
0.8260000000000001
0.8260000000000001
0.8260000000000001
0.8260000000000001
0.8260000000000001
0.8260000000000001
0.8260000000000001
0.8260000000000001
0.8280000000000001
0.8300000000000001
0.8320000000000001
0.8340000000000001
0.8360000000000001
0.8380000000000001
0.8400000000000001
0.8420000000000001
0.8440000000000001
0.8460000000000001
0.8480000000000001
0.8500000000000001
0.852
0.854
0.856
0.858
0.86
0.862
0.864
0.866
0.866
0.866
0.866
0.866
0.866
0.866
0.866
0.866
0.866
0.866
0.866
0.866
0.868
0.87
0.872
0.874
0.876
0.8779999999999999
0.8799999999999999
0.8819999999999999
0.8839999999999999
0.8859999999999999
0.8879999999999999
0.8899999999999999
0.8919999999999999
0.8939999999999999
0.8959999999999999
0.8979999999999999
0.8999999999999999
0.9019999999999999
0.9039999999999999
0.9059999999999999
0.9079999999999999
0.9099999999999999
0.9119999999999999
0.9139999999999999
0.9159999999999999
0.9179999999999999
0.9199999999999999
0.9219999999999999
0.9239999999999999
0.9259999999999999
0.9279999999999999
0.9299999999999999
0.9319999999999999
0.9339999999999999
0.9359999999999999
0.938
0.94
0.942
0.944
0.946
0.948
0.95
0.952
0.954
0.956
0.958
0.96
0.962
0.964
0.966
0.968
0.97
0.972
0.974
0.976
0.978
0.98
0.982
0.984
0.986
0.988
0.99
0.994
0.998
1.002
1.006
1.01
1.014
1.016
1.018
1.018
1.018
1.018
1.018
1.018
1.018
1.018
1.018
1.018
1.018
1.018
1.018
1.018
1.018
1.018
1.018
1.018
1.018
1.012
1.0060000000000002
1.0
0.9940000000000001
0.988
0.9820000000000001
0.976
0.9700000000000001
0.9640000000000001
0.9580000000000001
0.9520000000000001
0.9460000000000001
0.9400000000000001
0.934
0.928
0.922
0.916
0.91
0.904
0.8980000000000001
0.892
0.8860000000000001
0.88
0.8740000000000001
0.868
0.8620000000000001
0.8560000000000001
0.8500000000000001
0.8440000000000001
0.8380000000000001
0.8320000000000001
0.8260000000000001
0.8200000000000001
0.8140000000000001
0.808
0.802
0.796
0.79
0.784
0.778
0.772
0.766
0.76
0.754
0.748
0.742
0.736
0.73
0.724
0.718
0.712
0.706
0.7
0.694
0.6880000000000001
0.682
0.676
0.67
0.664
0.658
0.652
0.646
0.6400000000000001
0.6340000000000001
0.6280000000000001
0.6220000000000001
0.6160000000000001
0.6100000000000001
0.6040000000000001
0.5980000000000001
0.5940000000000001
0.59
0.586
0.5820000000000001
0.5760000000000001
0.5700000000000001
0.5640000000000001
0.558
0.55
0.542
0.534
0.526
0.52
0.514
0.508
0.502
0.496
0.49
0.48400000000000004
0.47800000000000004
0.47200000000000003
0.466
0.46
0.454
0.448
0.442
0.43600000000000005
0.43000000000000005
0.42400000000000004
0.41600000000000004
0.41600000000000004
0.41600000000000004
0.41600000000000004
0.41600000000000004
0.41600000000000004
0.41600000000000004
0.41600000000000004
0.41600000000000004
0.41600000000000004
0.41600000000000004
0.41600000000000004
0.41600000000000004
0.41600000000000004
0.41800000000000004
0.42000000000000004
0.42200000000000004
0.42400000000000004
0.42600000000000005
0.42800000000000005
0.43000000000000005
0.43200000000000005
0.43400000000000005
0.43600000000000005
0.438
0.44
0.442
0.444
0.446
0.448
0.45
0.452
0.454
0.456
0.458
0.46
0.462
0.464
0.466
0.468
0.472
0.47600000000000003
0.48
0.48400000000000004
0.488
0.49200000000000005
0.496
0.5
0.504
0.506
0.508
0.51
0.512
0.514
0.516
0.518
0.52
0.522
0.524
0.526
0.528
0.53
0.532
0.534
0.536
0.538
0.54
0.542
0.544
0.546
0.548
0.548
0.548
0.548
0.548
0.548
0.548
0.548
0.548
0.55
0.552
0.554
0.5559999999999999
0.5579999999999999
0.5599999999999999
0.5619999999999999
0.564
0.566
0.568
0.57
0.572
0.574
0.576
0.578
0.58
0.582
0.584
0.586
0.588
0.59
0.592
0.594
0.596
0.598
0.6
0.602
0.604
0.606
0.608
0.61
0.612
0.614
0.616
0.618
0.618
0.618
0.618
0.618
0.618
0.618
0.618
0.618
0.618
0.618
0.618
0.618
0.618
0.618
0.618
0.618
0.618
0.618
0.618
0.618
0.618
0.618
0.618
0.618
0.618
0.618
0.6160000000000001
0.614
0.6120000000000001
0.61
0.6080000000000001
0.606
0.6040000000000001
0.602
0.6000000000000001
0.6000000000000001
0.6000000000000001
0.6000000000000001
0.6000000000000001
0.6000000000000001
0.6000000000000001
0.6000000000000001
0.6000000000000001
0.6000000000000001
0.6000000000000001
0.6000000000000001
0.6000000000000001
0.6000000000000001
0.6000000000000001
0.6000000000000001
0.6000000000000001
0.602
0.6040000000000001
0.6040000000000001
0.6040000000000001
0.6040000000000001
0.6040000000000001
0.6040000000000001
0.6040000000000001
0.6040000000000001
0.6040000000000001
0.6040000000000001
0.6040000000000001
0.6040000000000001
0.6040000000000001
0.6040000000000001
0.6040000000000001
0.6040000000000001
0.6040000000000001
0.6040000000000001
0.6040000000000001
0.6040000000000001
0.6040000000000001
0.6040000000000001
0.6040000000000001
0.6040000000000001
0.6040000000000001
0.6040000000000001
0.6040000000000001
0.6040000000000001
0.6040000000000001
0.6040000000000001
0.6040000000000001
0.6040000000000001
0.6040000000000001
0.6040000000000001
0.6040000000000001
0.6040000000000001
0.6040000000000001
0.6040000000000001
0.6040000000000001
0.6040000000000001
0.6040000000000001
0.6040000000000001
0.6040000000000001
0.6040000000000001
0.6040000000000001
0.6040000000000001
0.6040000000000001
0.6040000000000001
0.6040000000000001
0.6040000000000001
0.6040000000000001
0.6040000000000001
0.6040000000000001
0.6040000000000001
0.6040000000000001
0.6040000000000001
0.6040000000000001
0.6040000000000001
0.6040000000000001
0.6040000000000001
0.6040000000000001
0.6040000000000001
0.6040000000000001
0.6040000000000001
0.6040000000000001
0.6040000000000001
0.6040000000000001
0.6040000000000001
0.6040000000000001
0.6040000000000001
