0.068
0.07200000000000001
0.07600000000000001
0.07999999999999999
0.08399999999999999
0.09
0.096
0.1
0.10400000000000001
0.10800000000000001
0.11400000000000002
0.11800000000000002
0.122
0.124
0.128
0.132
0.13999999999999999
0.154
0.168
0.18200000000000002
0.196
0.20800000000000002
0.22200000000000003
0.23600000000000004
0.25
0.262
0.272
0.28200000000000003
0.29400000000000004
0.306
0.31799999999999995
0.32799999999999996
0.33799999999999997
0.356
0.374
0.39
0.406
0.41800000000000004
0.43
0.438
0.446
0.454
0.462
0.47
0.48
0.492
0.504
0.518
0.534
0.548
0.562
0.5740000000000001
0.588
0.602
0.616
0.628
0.642
0.658
0.676
0.6960000000000001
0.7160000000000001
0.7360000000000001
0.7560000000000001
0.774
0.792
0.808
0.8220000000000001
0.8360000000000001
0.8540000000000001
0.868
0.88
0.894
0.912
0.93
0.9479999999999998
0.9659999999999999
0.9859999999999999
1.0039999999999998
1.0239999999999998
1.0459999999999998
1.0699999999999998
1.0899999999999999
1.1139999999999999
1.138
1.16
1.182
1.204
1.232
1.268
1.302
1.336
1.3679999999999999
1.4000000000000001
1.4300000000000002
1.4600000000000002
1.484
1.506
1.528
1.55
1.57
1.5919999999999999
1.614
1.6380000000000001
1.666
1.6979999999999997
1.7320000000000002
1.7659999999999998
1.8000000000000003
1.838
1.8719999999999999
1.906
1.9380000000000002
1.9720000000000002
2.008
2.048
2.082
2.112
2.132
2.152
2.174
2.2
2.226
2.2520000000000002
2.2800000000000002
2.3080000000000003
2.3420000000000005
2.3779999999999997
2.4139999999999997
2.4499999999999997
2.486
2.5240000000000005
2.5660000000000003
2.61
2.6519999999999997
2.6940000000000004
2.734
2.7740000000000005
2.8200000000000003
2.8700000000000006
2.9259999999999997
2.9819999999999998
3.04
3.106
3.1720000000000006
3.238
3.3000000000000003
3.3579999999999997
3.412
3.4640000000000004
3.5080000000000005
3.55
3.592
3.634
3.678
3.722
3.7760000000000002
3.8320000000000003
3.8840000000000003
3.9339999999999997
3.9839999999999995
4.0360000000000005
4.09
4.144
4.198
4.252
4.31
4.37
4.426
4.476
4.534000000000001
4.596
4.651999999999999
4.702
4.7379999999999995
4.768
4.788
4.804
4.828000000000001
4.8500000000000005
4.874
4.898
4.930000000000001
4.958
4.9879999999999995
5.021999999999999
5.056
5.09
5.108
5.122
5.1339999999999995
5.142
5.162
5.186000000000001
5.222
5.260000000000001
5.296
5.328
5.3660000000000005
5.404
5.4399999999999995
5.476000000000001
5.5
5.52
5.5280000000000005
5.532
5.538
5.545999999999999
5.558
5.57
5.5840000000000005
5.598000000000001
5.6160000000000005
5.632
5.656
5.675999999999999
5.6899999999999995
5.699999999999999
5.712
5.724
5.734
5.742
5.752
5.766
5.778
5.803999999999999
5.830000000000001
5.858
5.885999999999999
5.912
5.924
5.933999999999999
5.954
5.976
6.0
6.026000000000001
6.062
6.104
6.142000000000001
6.178
6.214
6.252
6.284
6.308
6.32
6.3260000000000005
6.332
6.346
6.366
6.394
6.442
6.496
6.538000000000001
6.58
6.626
6.677999999999999
6.714
6.7379999999999995
6.739999999999999
6.7379999999999995
6.736
6.734
6.736
6.738000000000001
6.7459999999999996
6.758
6.756
6.756
6.755999999999999
6.763999999999999
6.764
6.76
6.754
6.756
6.7700000000000005
6.804
6.847999999999999
6.896000000000001
6.943999999999999
6.994
7.0360000000000005
7.074000000000001
7.117999999999999
7.168000000000001
7.228
7.289999999999999
7.337999999999999
7.378
7.425999999999999
7.468
7.52
7.577999999999999
7.632000000000001
7.684
7.7219999999999995
7.757999999999999
7.802
7.8580000000000005
7.9
7.938000000000001
7.964
7.98
8.008000000000001
8.042
8.088
8.136
8.18
8.222
8.258000000000001
8.296000000000001
8.346
8.4
8.454
8.516
8.564
8.608
8.674
8.745999999999999
8.824
8.908000000000001
9.001999999999999
9.100000000000001
9.182
9.25
9.32
9.384
9.436
9.488
9.516
9.536000000000001
9.565999999999999
9.598
9.62
9.642
9.66
9.680000000000001
9.684000000000001
9.676
9.664000000000001
9.656
9.642
9.634
9.618
9.602
9.597999999999999
9.601999999999999
9.616
9.629999999999999
9.648
9.665999999999999
9.668
9.662
9.676
9.69
9.698
9.696000000000002
9.694
9.693999999999999
9.726
9.764000000000001
9.804
9.85
9.894
9.950000000000001
9.991999999999999
10.026
10.082
10.14
10.196
10.244
10.294
10.349999999999998
10.416
10.482
10.55
10.61
10.676
10.752
10.822
10.895999999999999
10.982000000000001
11.074
11.154
11.232
11.278
11.308
11.354
11.414
11.468
11.516000000000002
11.559999999999999
11.604
11.64
11.674
11.719999999999999
11.77
11.828
11.886
11.948
12.010000000000002
12.084
12.174
12.253999999999998
12.323999999999998
12.386
12.456
12.522000000000002
12.594
12.654
12.712
12.748000000000001
12.77
12.788
12.8
12.826
12.867999999999999
12.898
12.93
12.966000000000001
13.004
13.03
13.05
13.091999999999999
13.151999999999997
13.22
13.277999999999999
13.34
13.392000000000001
13.474
13.568000000000001
13.662
13.749999999999996
13.822
13.884
13.931999999999999
13.976000000000003
14.032
14.102
14.170000000000002
14.238000000000001
14.294
14.334
14.396
14.457999999999998
14.521999999999998
14.588000000000001
14.645999999999997
14.703999999999999
14.756
14.793999999999997
14.842000000000002
14.9
14.963999999999999
15.036000000000001
15.096000000000002
15.156000000000002
15.219999999999999
15.293999999999999
15.37
15.457999999999998
15.533999999999999
15.604
15.649999999999999
15.68
15.718
15.765999999999998
15.803999999999998
15.844000000000001
15.883999999999999
15.917999999999997
15.948
15.97
15.985999999999999
15.995999999999999
16.014
16.036
16.049999999999997
16.058
16.078000000000003
16.1
16.132
16.182000000000002
16.23
16.28
16.342
16.418
16.497999999999998
16.575999999999997
16.658
16.752
16.817999999999998
16.862000000000002
16.906
16.966
17.028
17.104
17.162000000000003
17.206
17.252000000000002
17.299999999999997
17.358
17.413999999999998
17.492
17.582
17.672
17.744
17.82
17.894
17.994
18.113999999999997
18.236
18.348
18.446
18.534
18.612000000000002
18.676
18.733999999999998
18.775999999999996
18.786
18.77
18.746
18.72
18.689999999999998
18.664
18.632
18.606
18.594
18.606
18.630000000000003
18.671999999999997
18.716
18.768
18.816
18.852
18.894
18.932
18.973999999999997
19.025999999999996
19.082
19.132
19.194
19.270000000000003
19.345999999999997
19.428
19.51
19.598000000000003
19.682
19.759999999999998
19.823999999999998
19.886
19.936
19.98
20.002
20.012
20.026000000000003
20.038
20.055999999999997
20.082
20.095999999999997
20.101999999999997
20.098000000000003
20.084000000000003
20.086
20.096000000000004
20.11
20.124
20.14
20.158
20.188
20.236
20.304000000000002
20.388
20.46
20.528000000000002
20.56
20.574
20.572000000000003
20.56
20.536
20.517999999999997
20.483999999999998
20.436
20.401999999999997
20.37
20.352
20.338
20.332
20.328
20.305999999999997
20.286
20.278
20.282
20.288000000000004
20.278000000000002
20.259999999999998
20.23
20.204
20.183999999999997
20.174000000000003
20.168000000000003
20.164
20.163999999999998
20.164
20.172
20.194
20.22
20.25
20.272000000000002
20.292
20.3
20.302000000000003
20.317999999999998
20.348
20.382
20.419999999999998
20.47
20.52
20.582
20.656
20.737999999999996
20.822000000000003
20.901999999999997
20.984
21.062
21.132
21.206000000000003
21.258
21.296
21.322000000000003
21.328
21.34
21.36
21.408
21.471999999999998
21.546
21.632
21.718
21.796000000000003
21.872
21.944000000000003
22.018
22.076
22.125999999999998
22.17
22.206
22.224
22.246000000000002
22.274
22.308
22.348
22.397999999999996
22.458
22.531999999999996
22.602
22.665999999999997
22.738
22.804
22.86
22.906
22.942
22.994
23.054000000000002
23.112000000000002
23.17
23.234
23.3
23.372
23.446
23.508000000000003
23.560000000000002
23.602
23.642000000000003
23.701999999999998
23.774
23.89
24.029999999999998
24.194000000000003
24.360000000000003
24.528000000000002
24.678
24.82
24.951999999999998
25.07
25.178
25.286
25.400000000000002
25.5
25.598
25.718000000000004
25.838
25.964
26.082
26.199999999999996
26.316
26.438000000000002
26.564000000000004
26.694000000000003
26.83
26.964000000000002
27.108
27.247999999999998
27.372
27.490000000000006
27.598
27.689999999999998
27.774
27.84
27.898
27.938000000000002
27.96
27.993999999999996
28.043999999999997
28.118000000000002
28.212
28.310000000000002
28.388
28.477999999999998
28.572
28.682000000000002
28.808
28.941999999999997
29.082
29.218
29.356
29.503999999999998
29.650000000000002
29.824
30.012
30.178
30.324
30.454
30.569999999999997
30.66
30.747999999999998
30.840000000000003
30.936
31.028
31.118
31.223999999999997
31.351999999999997
31.500000000000004
31.682
31.854000000000003
32.034
32.2
32.370000000000005
32.522
32.668000000000006
32.812
32.949999999999996
33.08200000000001
33.204
33.31999999999999
33.432
33.562
33.696
33.836
33.978
34.116
34.252
34.388
34.536
34.702
34.878
35.064
35.26
35.452
35.64
35.842
36.07
36.294
36.516
36.724000000000004
36.926
37.118
37.298
37.468
37.635999999999996
37.796
37.966
38.141999999999996
38.31
38.486
38.666
38.84
39.008
39.176
39.349999999999994
39.532
39.716
39.914
40.138000000000005
40.372
40.617999999999995
40.870000000000005
41.116
41.368
41.628
41.89
42.15
42.41
42.688
42.974000000000004
43.260000000000005
43.552
43.848
44.153999999999996
44.48
44.824
45.182
45.544
45.886
46.206
46.504000000000005
46.798
47.096000000000004
47.4
47.7
47.994
48.286
48.588
48.894
49.217999999999996
49.540000000000006
49.839999999999996
50.128
50.388
50.62800000000001
50.873999999999995
51.132
51.398
51.658
51.918000000000006
52.172000000000004
52.424
52.65599999999999
52.886
53.124
53.352000000000004
53.56
53.75399999999999
53.922
54.11
54.294
54.51400000000001
54.74799999999999
55.018
55.31399999999999
55.623999999999995
55.94799999999999
56.272
56.598
56.92
57.256
57.599999999999994
57.959999999999994
58.316
58.652
58.995999999999995
59.33999999999999
59.68600000000001
60.016
60.34400000000001
60.656
60.95399999999999
61.23799999999999
61.524
61.816
62.108000000000004
62.376
62.64200000000001
62.91
63.19
63.47200000000001
63.754000000000005
64.03399999999999
64.318
64.608
64.916
65.22999999999999
65.546
65.886
66.234
66.586
66.95
67.32000000000001
67.704
68.092
68.482
68.86999999999999
69.268
69.66999999999999
70.06
70.442
70.812
71.178
71.524
71.84400000000001
72.15599999999999
72.448
72.74600000000001
73.01400000000001
73.264
73.49199999999999
73.708
73.93400000000001
74.158
74.38000000000001
74.604
74.82
75.03
75.262
75.50999999999999
75.76800000000001
76.04
76.332
76.61
76.888
77.158
77.42999999999999
77.682
77.93200000000002
78.152
78.36999999999999
78.584
78.792
78.996
79.18999999999998
79.38
79.546
79.696
79.838
79.98800000000001
80.138
80.272
80.404
80.546
80.67
80.794
80.928
81.044
81.154
81.25800000000001
81.364
81.45799999999998
81.54
81.608
81.658
81.7
81.736
81.782
81.82799999999999
81.884
81.956
82.012
82.04799999999999
82.084
82.136
82.2
82.276
82.37
82.474
82.57
82.67200000000001
82.76400000000001
82.854
82.942
83.036
83.13399999999999
83.246
83.366
83.482
83.61
83.74199999999999
83.886
84.04
84.196
84.362
84.53
84.692
84.858
85.022
85.19200000000001
85.36
85.512
85.64399999999999
85.764
85.864
85.942
85.99399999999999
85.998
85.96199999999999
85.90800000000002
85.83
85.73400000000001
85.628
85.53399999999999
85.44399999999999
85.35600000000001
85.268
85.172
85.10400000000001
85.038
84.998
84.97800000000001
84.976
84.984
84.988
84.988
84.99600000000001
85.018
85.03599999999999
85.054
85.07600000000001
85.08200000000001
85.066
85.05799999999999
85.056
85.06200000000001
85.068
85.08200000000001
85.096
85.11800000000001
85.13199999999999
85.162
85.20800000000001
85.27600000000001
85.36000000000001
85.448
85.56599999999999
85.702
85.85600000000001
86.022
86.194
86.38000000000001
86.57600000000001
86.774
86.97200000000001
87.174
87.37599999999999
87.60000000000001
87.83999999999999
88.092
88.352
88.618
88.89
89.162
89.434
89.72
90.014
90.31
90.62400000000001
90.936
91.224
91.516
91.804
92.104
92.41
92.708
92.996
93.26200000000001
93.522
93.77799999999999
94.032
94.28999999999999
94.54799999999999
94.808
95.06200000000001
95.3
95.532
95.73599999999999
95.912
96.05
96.16799999999999
96.254
96.32
96.374
96.41
96.414
96.404
96.384
96.34800000000001
96.28
96.194
96.096
95.994
95.874
95.752
95.636
95.544
95.47200000000001
95.424
95.40199999999999
95.41
95.46
95.53
95.596
95.676
95.76400000000001
95.86599999999999
95.97
96.06800000000001
96.17599999999999
96.27799999999999
96.37200000000001
96.454
96.526
96.598
96.66799999999999
96.75
96.804
96.832
96.834
96.81200000000001
96.786
96.768
96.74600000000001
96.72
96.69
96.65400000000001
96.62
96.6
96.58800000000001
96.60600000000002
96.638
96.67600000000002
96.722
96.792
96.86000000000001
96.94
97.036
97.132
97.232
97.35000000000001
97.476
97.60799999999999
97.72800000000001
97.838
97.928
97.976
97.99199999999999
97.988
97.94800000000001
97.89
97.798
97.69799999999998
97.59
97.458
97.30199999999999
97.124
96.93
96.72800000000001
96.512
96.28999999999999
96.066
95.836
95.6
95.364
95.146
94.946
94.76
94.586
94.43
94.292
94.16000000000001
94.056
93.95200000000001
93.844
93.748
93.64200000000001
93.558
93.50399999999999
93.468
93.452
93.446
93.44800000000001
93.46200000000002
93.48999999999998
93.542
93.606
93.69600000000001
93.78399999999999
93.888
94.01599999999999
94.166
94.342
94.552
94.782
95.024
95.262
95.536
95.82
96.11000000000001
96.4
96.67599999999999
96.95
97.232
97.524
97.81199999999998
98.10600000000001
98.40199999999999
98.716
99.03
99.35799999999999
99.68200000000002
99.996
100.29400000000001
100.588
100.864
101.11399999999999
101.372
101.642
101.912
102.188
102.46000000000001
102.72399999999999
102.97
103.194
103.40599999999999
103.596
103.776
103.922
104.048
104.14
104.208
104.26799999999999
104.31199999999998
104.33
104.356
104.372
104.386
104.39999999999999
104.41000000000001
104.41799999999999
104.414
104.39999999999998
104.386
104.382
104.402
104.452
104.52600000000001
104.614
104.726
104.85
105.00199999999998
105.162
105.33
105.52999999999999
105.738
105.958
106.194
106.428
106.676
106.94399999999999
107.22400000000002
107.522
107.82199999999999
108.128
108.422
108.714
108.99999999999999
109.27599999999998
109.544
109.79
110.042
110.262
110.486
110.70600000000002
110.91999999999999
111.12800000000001
111.342
111.54400000000001
111.74600000000001
111.934
112.114
112.27999999999999
112.436
112.578
112.702
112.808
112.878
112.94999999999999
113.02600000000001
113.106
113.162
113.194
113.202
113.186
113.148
113.104
113.03800000000001
112.95400000000001
112.846
112.71399999999998
112.57
112.404
112.24199999999999
112.072
111.906
111.71000000000001
111.496
111.24799999999999
110.992
110.704
110.416
110.134
109.868
109.59199999999998
109.326
109.07
108.82400000000001
108.584
108.36399999999998
108.15800000000002
107.97000000000003
107.792
107.65199999999999
107.52799999999999
107.42799999999998
107.358
107.30600000000001
107.27199999999999
107.262
107.25399999999999
107.268
107.274
107.29800000000002
107.324
107.362
107.406
107.446
107.49800000000002
107.554
107.606
107.66000000000001
107.72200000000001
107.79599999999999
107.88999999999999
107.97999999999999
108.088
108.22000000000001
108.356
108.484
108.6
108.714
108.81800000000001
108.91399999999999
109.00799999999998
109.10199999999999
109.198
109.286
109.35400000000001
109.41799999999999
109.47
109.516
109.554
109.58200000000002
109.61000000000001
109.638
109.664
109.68
109.69800000000001
109.69800000000001
109.69200000000001
109.668
109.654
109.62
109.572
109.522
109.47
109.39800000000001
109.32199999999999
109.242
109.14800000000002
109.054
108.962
108.86600000000001
108.78
108.70800000000001
108.644
108.572
108.488
108.388
108.25999999999999
108.146
108.046
107.96000000000001
107.87599999999999
107.80399999999999
107.738
107.666
107.6
107.53800000000001
107.476
107.41999999999999
107.378
107.32999999999998
107.268
107.194
107.142
107.08999999999999
107.042
106.988
106.93799999999999
106.89200000000001
106.848
106.814
106.798
106.794
106.79399999999998
106.798
106.80600000000001
106.822
106.84200000000001
106.85
106.86600000000001
106.868
106.888
106.91
106.93
106.94800000000001
106.968
106.996
107.048
107.108
107.18
107.226
107.276
107.328
107.378
107.41399999999999
107.44
107.452
107.45600000000002
107.47
107.48
107.49
107.49000000000001
107.45599999999999
107.376
107.246
107.08800000000001
106.91400000000002
106.732
106.53999999999999
106.352
106.162
105.952
105.728
105.50200000000001
105.274
105.06
104.85
104.648
104.45400000000001
104.266
104.094
103.914
103.75399999999999
103.59800000000001
103.45400000000001
103.322
103.212
103.12199999999999
103.05000000000001
102.97999999999999
102.92399999999999
102.88799999999999
102.85999999999999
102.84400000000001
102.846
102.86999999999999
102.902
102.958
103.02799999999999
103.114
103.214
103.322
103.43800000000002
103.564
103.71799999999999
103.9
104.10999999999999
104.34400000000001
104.59400000000001
104.858
105.126
105.42399999999999
105.718
106.014
106.312
106.62
106.938
107.26199999999999
107.58600000000001
107.906
108.22800000000001
108.55399999999999
108.898
109.23400000000001
109.584
109.94000000000001
110.294
110.64600000000002
110.996
111.33600000000001
111.648
111.934
112.19800000000001
112.45400000000001
112.70400000000001
112.932
113.138
113.334
113.516
113.68399999999998
113.834
113.962
114.066
114.15599999999999
114.23
114.31
114.372
114.404
114.41400000000002
114.426
114.44200000000001
114.44800000000001
114.43
114.4
114.38
114.35600000000001
114.33999999999999
114.322
114.3
114.27
114.22200000000001
114.162
114.12999999999998
114.132
114.164
114.22999999999999
114.31199999999998
114.404
114.49800000000002
114.598
114.708
114.828
114.97200000000001
115.12199999999999
115.27600000000001
115.422
115.564
115.716
115.864
116.00399999999999
116.126
116.244
116.338
116.42600000000002
116.50200000000001
116.554
116.59599999999999
116.62400000000001
116.64999999999999
116.65800000000002
116.66799999999998
116.67399999999998
116.684
116.70599999999999
116.71600000000001
116.70599999999999
116.696
116.67200000000001
116.64600000000002
116.612
116.57
116.51400000000001
116.448
116.374
116.29799999999999
116.21
116.102
115.992
115.874
115.72999999999999
115.55999999999999
115.37200000000001
115.18199999999999
114.98199999999999
114.78399999999999
114.594
114.426
114.292
114.136
113.982
113.81400000000001
113.64399999999999
113.44800000000001
113.25200000000001
113.05199999999999
112.856
112.664
112.48599999999999
112.304
112.124
111.98599999999999
111.868
111.76599999999999
111.67200000000001
111.574
111.49799999999999
111.414
111.328
111.26400000000001
111.19
111.13
111.086
111.058
111.04600000000002
111.05
111.05399999999999
111.06799999999998
111.092
111.134
111.18
111.25199999999998
111.336
111.43800000000002
111.56
111.696
111.854
112.028
112.218
112.39999999999999
112.58800000000001
112.78399999999999
112.99800000000002
113.19800000000001
113.39600000000002
113.594
113.77000000000001
113.952
114.12400000000001
114.30399999999999
114.484
114.65400000000001
114.83400000000002
115.008
115.184
115.35000000000001
115.524
115.70599999999999
115.87199999999999
116.03999999999999
116.212
116.386
116.574
116.76
116.94400000000002
117.15
117.374
117.582
117.77600000000001
117.93
118.082
118.21200000000002
118.334
118.426
118.488
118.54400000000001
118.582
118.61
118.626
118.63000000000001
118.636
118.64200000000001
118.64
118.636
118.63000000000001
118.62199999999999
118.626
118.63
118.63199999999999
118.63400000000001
118.64799999999998
118.66
118.65800000000002
118.66199999999999
118.656
118.63199999999999
118.58399999999999
118.51
118.408
118.31600000000002
118.218
118.12
118.01600000000002
117.91999999999999
117.82999999999998
117.74199999999999
117.65200000000002
117.56
117.46600000000001
117.36800000000001
117.268
117.13
116.976
116.814
116.64999999999999
116.486
116.30999999999999
116.15200000000002
115.99000000000001
115.82199999999999
115.662
115.506
115.33800000000002
115.17599999999999
115.02
114.856
114.684
114.51399999999998
114.35000000000001
114.18200000000002
114.01
113.82
113.632
113.44200000000001
113.25200000000001
113.03399999999999
112.798
112.55399999999999
112.30199999999999
112.054
111.81199999999998
111.578
111.34200000000001
111.14000000000001
110.93800000000002
110.734
110.544
110.36
110.198
110.034
109.87
109.72
109.57
109.432
109.304
109.188
109.078
108.96799999999999
108.87799999999999
108.77599999999998
108.664
108.56
108.438
108.30999999999997
108.16
107.99
107.804
107.612
107.438
107.28600000000002
107.14599999999999
107.02000000000001
106.89599999999999
106.80199999999999
106.72599999999998
106.678
106.656
106.656
106.68199999999999
106.73
106.788
106.85799999999999
106.95400000000001
107.066
107.19800000000001
107.33
107.44400000000002
107.56200000000001
107.66199999999999
107.75800000000001
107.85199999999999
107.96199999999999
108.082
108.19800000000001
108.316
108.44199999999998
108.566
108.678
108.79
108.9
109.024
109.162
109.304
109.44
109.558
109.66199999999999
109.75
109.826
109.892
109.964
110.03400000000002
110.118
110.20600000000002
110.296
110.37
110.44999999999999
110.53999999999999
110.62200000000001
110.71000000000001
110.792
110.88600000000001
110.97400000000002
111.06800000000001
111.156
111.23400000000001
111.324
111.42000000000002
111.514
111.608
111.704
111.81
111.91999999999999
112.026
112.136
112.23
112.332
112.43199999999999
112.50799999999998
112.568
112.612
112.642
112.654
112.634
112.582
112.514
112.42399999999999
112.31400000000001
112.18
112.03
111.87799999999999
111.716
111.536
111.33
111.09800000000001
110.834
110.54
110.22399999999999
109.86800000000002
109.49199999999999
109.106
108.71199999999999
108.30399999999999
107.886
107.474
107.08
106.682
106.28399999999999
105.908
105.53400000000002
105.16600000000001
104.812
104.47
104.138
103.80199999999999
103.48000000000002
103.15
102.824
102.49000000000001
102.16999999999999
101.848
101.536
101.22
100.902
100.57399999999998
100.262
99.95600000000002
99.666
99.38
99.118
98.85400000000001
98.582
98.30399999999999
98.03800000000001
97.77199999999999
97.52600000000001
97.29399999999998
97.076
96.87200000000001
96.67399999999998
96.49600000000001
96.324
96.16000000000001
96.008
95.87400000000001
95.776
95.684
95.608
95.55600000000001
95.51599999999999
95.478
95.44200000000001
95.416
95.41
95.40199999999999
95.406
95.41599999999998
95.42
95.428
95.44999999999999
95.486
95.51800000000001
95.554
95.588
95.628
95.66
95.684
95.70599999999999
95.728
95.73599999999999
95.736
95.726
95.724
95.72
95.71600000000001
95.722
95.732
95.74600000000001
95.776
95.82400000000001
95.874
95.926
95.96199999999999
95.99000000000001
96.01599999999999
96.054
96.102
96.144
96.18599999999999
96.21799999999999
96.238
96.24799999999999
96.248
96.25200000000001
96.262
96.292
96.352
96.42000000000002
96.52
96.614
96.72399999999999
96.83800000000001
96.96000000000001
97.092
97.224
97.358
97.504
97.656
97.80799999999999
97.95599999999999
98.10999999999999
98.252
98.39
98.518
98.638
98.74
98.85
98.954
99.056
99.144
99.22
99.278
99.32999999999998
99.36999999999998
99.40200000000002
99.41
99.404
99.37799999999999
99.342
99.28999999999999
99.23400000000001
99.184
99.136
99.08000000000001
99.024
98.962
98.88400000000001
98.798
98.71
98.616
98.52000000000001
98.40200000000002
98.286
98.16199999999998
98.018
97.85600000000001
97.698
97.55
97.378
97.19
96.98
96.746
96.482
96.19
95.892
95.584
95.256
94.916
94.568
94.20599999999999
93.83600000000001
93.476
93.10600000000001
92.744
92.388
92.046
91.70400000000001
91.374
91.05000000000001
90.744
90.44800000000001
90.162
89.88000000000001
89.614
89.356
89.096
88.85
88.602
88.35600000000001
88.10000000000001
87.846
87.612
87.406
87.24
87.092
86.958
86.84
86.746
86.674
86.624
86.59199999999998
86.576
86.584
86.612
86.654
86.69800000000001
86.748
86.80599999999998
86.874
86.95600000000002
87.036
87.13600000000001
87.24
87.34
87.436
87.536
87.61999999999999
87.704
87.78
87.84800000000001
87.89999999999999
87.94800000000001
87.984
88.02
88.05599999999998
88.09
88.102
88.10399999999998
88.102
88.09400000000001
88.1
88.12199999999999
88.16399999999999
88.206
88.256
88.29399999999998
88.336
88.38999999999999
88.434
88.47200000000001
88.49600000000001
88.50399999999999
88.51599999999999
88.51799999999999
88.538
88.55600000000001
88.578
88.58600000000001
88.57400000000001
88.56
88.534
88.516
88.482
88.46199999999999
88.44399999999999
88.418
88.38999999999999
88.33600000000001
88.292
88.262
88.238
88.22999999999999
88.226
88.24000000000001
88.25399999999999
88.27199999999999
88.314
88.366
88.426
88.5
88.57799999999999
88.65
88.738
88.83000000000001
88.906
88.982
89.066
89.148
89.218
89.28800000000001
89.34200000000001
89.38399999999999
89.40799999999999
89.414
89.406
89.398
89.372
89.34799999999998
89.316
89.28800000000001
89.25800000000001
89.208
89.146
89.066
88.97800000000001
88.876
88.76400000000001
88.654
88.53800000000001
88.40800000000002
88.27799999999999
88.144
88.008
87.866
87.72
87.576
87.404
87.208
86.986
86.738
86.47999999999999
86.19800000000001
85.886
85.56
85.21200000000002
84.82600000000001
84.422
84.018
83.612
83.21400000000001
82.83200000000002
82.444
82.05799999999999
81.678
81.29599999999999
80.91999999999999
80.564
80.238
79.93199999999999
79.65400000000001
79.37200000000001
79.096
78.81800000000001
78.56
78.312
78.096
77.892
77.69399999999999
77.51599999999999
77.354
77.218
77.108
76.99600000000001
76.88400000000001
76.75999999999999
76.626
76.48400000000001
76.358
76.248
76.15
76.042
75.922
75.806
75.672
75.546
75.442
75.336
75.248
75.17599999999999
75.11
75.062
75.03
75.018
75.0
74.99600000000001
75.012
75.022
75.03999999999999
75.082
75.10799999999999
75.128
75.144
75.15200000000002
75.16
75.154
75.126
75.086
75.034
74.964
74.872
74.782
74.674
74.568
74.458
74.332
74.186
74.038
73.868
73.69600000000001
73.506
73.324
73.152
72.974
72.792
72.6
72.406
72.21600000000001
72.01599999999999
71.81200000000001
71.618
71.434
71.26599999999999
71.10199999999999
70.934
70.762
70.586
70.422
70.27600000000001
70.144
70.03399999999999
69.948
69.88
69.848
69.842
69.876
69.946
70.056
70.174
70.306
70.448
70.588
70.738
70.896
71.048
71.19
71.338
71.476
71.58600000000001
71.668
71.72
71.758
71.77
71.75999999999999
71.716
71.636
71.514
71.364
71.182
70.99199999999999
70.804
70.594
70.36599999999999
70.138
69.914
69.67999999999999
69.47399999999999
69.28
69.104
68.92
68.732
68.554
68.384
68.192
68.002
67.808
67.60000000000001
67.39
67.17
66.938
66.694
66.452
66.212
65.976
65.75
65.524
65.278
65.028
64.774
64.49
64.208
63.932
63.653999999999996
63.382
63.102
62.846000000000004
62.598
62.35
62.098
61.864000000000004
61.646
61.44
61.248000000000005
61.05799999999999
60.882000000000005
60.724
60.584
60.448
60.33200000000001
60.217999999999996
60.117999999999995
60.022
59.93000000000001
59.855999999999995
59.803999999999995
59.772000000000006
59.746
59.72800000000001
59.721999999999994
59.730000000000004
59.744
59.75
59.744
59.724000000000004
59.708
59.69
59.666
59.644000000000005
59.62199999999999
59.599999999999994
59.57600000000001
59.52199999999999
59.464
59.38999999999999
59.308
59.202
59.08
58.916
58.726
58.535999999999994
58.324000000000005
58.105999999999995
57.88
57.650000000000006
57.424
57.206
56.976000000000006
56.732
56.495999999999995
56.278
56.07000000000001
55.86000000000001
55.651999999999994
55.444
55.244
55.068000000000005
54.914
54.79
54.699999999999996
54.60000000000001
54.47800000000001
54.36
54.242000000000004
54.12599999999999
54.025999999999996
53.92
53.788000000000004
53.656000000000006
53.504
53.374
53.25
53.141999999999996
53.048
52.988
52.938
52.901999999999994
52.866
52.848
52.85
52.846000000000004
52.852000000000004
52.858
52.86
52.86
52.85799999999999
52.864000000000004
52.876000000000005
52.902
52.92600000000001
52.952
52.976
52.99000000000001
52.998
52.998
52.988000000000014
52.964
52.944
52.906
52.866
52.824
52.775999999999996
52.71
52.63399999999999
52.544
52.440000000000005
52.332
52.23
52.14
52.06
51.986
51.918000000000006
51.848
51.782000000000004
51.714
51.638000000000005
51.546
51.434
51.286
51.098
50.886
50.651999999999994
50.406000000000006
50.16
49.91799999999999
49.672000000000004
49.428
49.194
48.978
48.776
48.582
48.388000000000005
48.214000000000006
48.042
47.89
47.752
47.632
47.536
47.478
47.44800000000001
47.416000000000004
47.388
47.343999999999994
47.285999999999994
47.204
47.10600000000001
47.013999999999996
46.922000000000004
46.84199999999999
46.768
46.692
46.616
46.558
46.518
46.482
46.454
46.428
46.40400000000001
46.36
46.298
46.252
46.215999999999994
46.19599999999999
46.184
46.18
46.174
46.192
46.227999999999994
46.262
46.298
46.312
46.32000000000001
46.309999999999995
46.29600000000001
46.274
46.251999999999995
46.228
46.198
46.16
46.114000000000004
46.082
46.05199999999999
46.018
45.97800000000001
45.926
45.86
45.764
45.647999999999996
45.507999999999996
45.36
45.22
45.083999999999996
44.944
44.8
44.651999999999994
44.512
44.382
44.26199999999999
44.172000000000004
44.099999999999994
44.017999999999994
43.93
43.848
43.768
43.694
43.614
43.513999999999996
43.392
43.252
43.098
42.94
42.78
42.622
42.454
42.286
42.118
41.964000000000006
41.844
41.754
41.696
41.644
41.596
41.554
41.506
41.461999999999996
41.408
41.349999999999994
41.282
41.193999999999996
41.1
41.006
40.914
40.826
40.742
40.638
40.518
40.391999999999996
40.258
40.132
39.996
39.858
39.734
39.617999999999995
39.51
39.418
39.336
39.257999999999996
39.186
39.10999999999999
39.026
38.94
38.839999999999996
38.736
38.622
38.504000000000005
38.370000000000005
38.224
38.066
37.903999999999996
37.74
37.564
37.4
37.227999999999994
37.058
36.886
36.708000000000006
36.522000000000006
36.334
36.146
35.966
35.8
35.638
35.478
35.314
35.152
34.978
34.792
34.61
34.428
34.244
34.048
33.855999999999995
33.664
33.476
33.286
33.105999999999995
32.942
32.808
32.692
32.589999999999996
32.492
32.402
32.324
32.260000000000005
32.2
32.138000000000005
32.062
31.968000000000004
31.857999999999997
31.748
31.636000000000003
31.518
31.4
31.284
31.168
31.064
30.997999999999998
30.952
30.91
30.868000000000002
30.824
30.764
30.688000000000002
30.592000000000002
30.476000000000003
30.334
30.177999999999997
30.008000000000003
29.836
29.670000000000005
29.52
29.384
29.247999999999998
29.112000000000002
28.978
28.862000000000002
28.759999999999998
28.672
28.576
28.466000000000005
28.346
28.216
28.077999999999996
27.936000000000003
27.808
27.69
27.554000000000002
27.395999999999997
27.221999999999998
27.046
26.872
26.698
26.54
26.391999999999996
26.248
26.1
25.945999999999998
25.787999999999997
25.64
25.503999999999998
25.352
25.200000000000003
25.04
24.872
24.714
24.567999999999998
24.422
24.278
24.146
24.020000000000003
23.908
23.791999999999994
23.683999999999997
23.578000000000003
23.462
23.346
23.224000000000004
23.106
22.991999999999997
22.871999999999996
22.75
22.628
22.511999999999997
22.398000000000003
22.288000000000004
22.192
22.11
22.034
21.955999999999996
21.874000000000002
21.792
21.7
21.616
21.54
21.464
21.381999999999998
21.286
21.162
21.028
20.889999999999997
20.747999999999998
20.606
20.467999999999996
20.334
20.189999999999998
20.041999999999998
19.912
19.804000000000002
19.686
19.546
19.418000000000003
19.299999999999997
19.176000000000002
19.048000000000002
18.924
18.802
18.678
18.552
18.434
18.316000000000003
18.206
18.112000000000002
18.032
17.974
17.934
17.904
17.875999999999998
17.846
17.816
17.785999999999998
17.752
17.718
17.683999999999997
17.652
17.626
17.596
17.540000000000003
17.462
17.384
17.314
17.236
17.16
17.082
17.009999999999998
16.934
16.86
16.8
16.747999999999998
16.7
16.658
16.606
16.542
16.476
16.412
16.343999999999998
16.285999999999998
16.23
16.18
16.126
16.072
16.028
15.991999999999997
15.963999999999999
15.943999999999999
15.914000000000001
15.88
15.847999999999999
15.815999999999999
15.782
15.754
15.722000000000001
15.689999999999998
15.658
15.623999999999999
15.590000000000002
15.552
15.526
15.498
15.461999999999998
15.414000000000001
15.364
15.309999999999999
15.254
15.192
15.126000000000001
15.056
14.98
14.902000000000001
14.828000000000001
14.754
14.696
14.648
14.574
14.486
14.398
14.31
14.232
14.174
14.124
14.076
14.030000000000001
13.982
13.918
13.838000000000001
13.772000000000002
13.716000000000001
13.643999999999998
13.55
13.469999999999999
13.398000000000001
13.324000000000002
13.251999999999999
13.19
13.144000000000002
13.1
13.056000000000001
12.987999999999998
12.914
12.836000000000002
12.758000000000001
12.676000000000002
12.596
12.51
12.420000000000002
12.323999999999998
12.238
12.166
12.098
12.034
11.972
11.906
11.835999999999999
11.77
11.713999999999999
11.643999999999998
11.568
11.515999999999998
11.48
11.458000000000002
11.434
11.422
11.416
11.42
11.422
11.42
11.408000000000001
11.39
11.376000000000001
11.338000000000001
11.296
11.26
11.232
11.201999999999998
11.17
11.146
11.123999999999999
11.104
11.082
11.058
11.026
10.994
10.962
10.908000000000001
10.84
10.774000000000001
10.716
10.654
10.59
10.530000000000001
10.472
10.414
10.358
10.297999999999998
10.238
10.184
10.13
10.066
9.996
9.937999999999999
9.898
9.862
9.822000000000001
9.788
9.764
9.744
9.722000000000001
9.702
9.678
9.644
9.606
9.546
9.472
9.411999999999999
9.368
9.34
9.328
9.328
9.328
9.328
9.332
9.322
9.3
9.276
9.254000000000001
9.208000000000002
9.150000000000002
9.104
9.068
9.028
8.991999999999999
8.962
8.934000000000001
8.905999999999999
8.870000000000001
8.83
8.786000000000001
8.754
8.725999999999999
8.696
8.674
8.656
8.636
8.618
8.604
8.596
8.59
8.584000000000001
8.582
8.556000000000001
8.514
8.469999999999999
8.430000000000001
8.388000000000002
8.338000000000001
8.294
8.258
8.208
8.148
8.084
8.024000000000001
7.965999999999999
7.9079999999999995
7.83
7.75
7.6739999999999995
7.606
7.554
7.514
7.499999999999999
7.486
7.465999999999999
7.446
7.428
7.412000000000001
7.39
7.357999999999999
7.309999999999999
7.247999999999999
7.188000000000001
7.128
7.074
7.022
6.992000000000001
6.970000000000001
6.952
6.932
6.925999999999999
6.928000000000001
6.9319999999999995
6.938000000000001
6.944
6.950000000000001
6.960000000000001
6.974
6.986
7.0
7.022
7.046
7.061999999999999
7.071999999999999
7.064
7.05
7.027999999999999
6.998
6.956
6.914
6.868
6.822
6.774
6.734
6.709999999999999
6.693999999999999
6.68
6.66
6.629999999999999
6.594
6.552
6.506
6.453999999999999
6.395999999999999
6.35
6.314
6.29
6.267999999999999
6.268000000000001
6.276
6.28
6.283999999999999
6.288
6.287999999999999
6.289999999999999
6.290000000000001
6.2860000000000005
6.289999999999999
6.296
6.304
6.31
6.314
6.322000000000001
6.324
6.316000000000001
6.306
6.292
6.272
6.254
6.2379999999999995
6.219999999999999
6.198
6.1899999999999995
6.1899999999999995
6.196000000000001
6.202
6.212
6.231999999999999
6.252000000000001
6.266
6.283999999999999
6.305999999999999
6.338
6.372
6.4
6.424
6.458
6.491999999999999
6.5120000000000005
6.524
6.529999999999999
6.532
6.5280000000000005
6.52
6.508
6.492
6.48
6.468
6.454000000000001
6.441999999999999
6.438
6.446
6.446
6.441999999999999
6.44
6.438
6.438
6.438
6.4319999999999995
6.422
6.4079999999999995
6.396000000000001
6.376000000000001
6.348
6.316
6.2780000000000005
6.23
6.174
6.119999999999999
6.0680000000000005
6.02
5.976
5.934000000000001
5.892
5.87
5.856
5.843999999999999
5.834
5.828
5.828
5.821999999999999
5.816000000000001
5.818
5.818
5.82
5.822000000000001
5.8260000000000005
5.8260000000000005
5.836
5.852
5.861999999999999
5.872
5.8759999999999994
5.8759999999999994
5.872
5.872
5.872
5.874
5.878
5.884
5.886
5.886
5.898
5.912000000000001
5.904
5.892000000000001
5.88
5.8580000000000005
5.832000000000001
5.802
5.772
5.744
5.714
5.686
5.662
5.642
5.630000000000001
5.622
5.612
5.602
5.5840000000000005
5.566000000000001
5.542
5.516
5.484
5.4479999999999995
5.4079999999999995
5.3580000000000005
5.303999999999999
5.248
5.196
5.146
5.088000000000001
5.025999999999999
4.966
4.9079999999999995
4.846
4.7780000000000005
4.724
4.678
4.64
4.6
4.5600000000000005
4.526
4.502
4.484
4.46
4.432
4.416
4.402
4.3919999999999995
4.38
4.3740000000000006
4.3740000000000006
4.374
4.372
4.35
4.3260000000000005
4.31
4.3
4.286
4.264
4.247999999999999
4.24
4.2299999999999995
4.220000000000001
4.216
4.2139999999999995
4.21
4.2059999999999995
4.188
4.164
4.14
4.118
4.0920000000000005
4.068
4.036
4.002
3.966
3.926
3.892
3.864
3.836
3.8139999999999996
3.78
3.748
3.7199999999999998
3.6940000000000004
3.662
3.624
3.592
3.56
3.54
3.526
3.514
3.502
3.494
3.49
3.476
3.4599999999999995
3.45
3.4400000000000004
3.418
3.392
3.3760000000000003
3.3680000000000003
3.3539999999999996
3.336
3.322
3.308
3.294
3.278
3.254
3.226
3.2020000000000004
3.1740000000000004
3.1439999999999997
3.118
3.088
3.0580000000000003
3.038
3.02
3.014
3.0140000000000002
3.0159999999999996
3.02
3.014
3.01
3.01
3.012
3.012
3.0100000000000002
3.0100000000000002
3.0140000000000002
3.0220000000000002
3.032
3.038
3.044
3.05
3.0540000000000003
3.048
3.0420000000000003
3.04
3.036
3.0300000000000002
3.02
3.0100000000000002
3.0020000000000002
2.99
2.978
2.9680000000000004
2.958
2.9480000000000004
2.934
2.914
2.8960000000000004
2.892
2.892
2.888
2.8819999999999997
2.878
2.88
2.8760000000000003
2.8640000000000003
2.8520000000000003
2.8419999999999996
2.834
2.8259999999999996
2.818
2.806
2.804
2.802
2.7979999999999996
2.7899999999999996
2.786
2.78
2.7819999999999996
2.7920000000000003
2.802
2.812
2.822
2.826
2.826
2.82
2.824
2.824
2.824
2.822
2.8219999999999996
2.8240000000000003
2.83
2.8360000000000003
2.8360000000000003
2.832
2.8280000000000003
2.8200000000000003
2.8060000000000005
2.7880000000000003
2.7800000000000002
2.7699999999999996
2.76
2.7540000000000004
2.7479999999999998
2.742
2.7439999999999998
2.746
2.75
2.758
2.7660000000000005
2.776
2.778
2.776
2.782
2.7940000000000005
2.798
2.8040000000000003
2.806
2.806
2.812
2.816
2.812
2.804
2.802
2.798
2.788
2.776
2.774
2.7740000000000005
2.7720000000000002
2.7680000000000002
2.762
2.7560000000000002
2.7520000000000002
2.744
2.7300000000000004
2.716
2.71
2.706
2.6980000000000004
2.69
2.6860000000000004
2.682
2.6740000000000004
2.6679999999999997
2.656
2.642
2.632
2.622
2.612
2.6020000000000003
2.594
2.59
2.586
2.582
2.5780000000000003
2.572
2.56
2.546
2.528
2.506
2.4859999999999998
2.464
2.4459999999999997
2.432
2.424
2.416
2.402
2.39
2.378
2.368
2.352
2.336
2.322
2.31
2.2960000000000003
2.282
2.27
2.254
2.242
2.23
2.216
2.204
2.1999999999999997
2.196
2.1919999999999997
2.1899999999999995
2.184
2.1779999999999995
2.172
2.1639999999999997
2.154
2.144
2.142
2.142
2.132
2.118
2.0999999999999996
2.084
2.064
2.048
2.026
1.9959999999999998
1.972
1.952
1.93
1.904
1.886
1.8739999999999999
1.8619999999999999
1.848
1.8439999999999999
1.842
1.8419999999999999
1.8359999999999999
1.8279999999999998
1.816
1.808
1.798
1.786
1.772
1.7679999999999998
1.764
1.754
1.744
1.734
1.726
1.716
1.702
1.688
1.676
1.668
1.662
1.652
1.642
1.642
1.64
1.638
1.636
1.63
1.6239999999999999
1.6179999999999999
1.6099999999999999
1.6039999999999999
1.5979999999999999
1.6019999999999999
1.6079999999999999
1.6099999999999999
1.6119999999999999
1.6139999999999999
1.6159999999999999
1.6159999999999999
1.6139999999999999
1.6039999999999999
1.5919999999999999
1.582
1.572
1.57
1.5679999999999998
1.5719999999999998
1.5779999999999998
1.5859999999999999
1.5919999999999999
1.5979999999999999
1.6099999999999999
1.6199999999999999
1.63
1.6379999999999997
1.6439999999999997
1.652
1.6639999999999997
1.688
1.7119999999999997
1.738
1.7679999999999998
1.794
1.8199999999999998
1.842
1.8599999999999999
1.876
1.8900000000000001
1.902
1.908
1.9100000000000001
1.914
1.916
1.9160000000000001
1.918
1.9200000000000002
1.922
1.9240000000000002
1.918
1.91
1.898
1.886
1.8840000000000001
1.8820000000000001
1.888
1.892
1.896
1.896
1.904
1.9180000000000001
1.924
1.9259999999999997
1.928
1.9299999999999997
1.9300000000000002
1.932
1.9380000000000002
1.944
1.9500000000000002
1.958
1.962
1.966
1.978
1.9919999999999998
2.0020000000000002
2.012
2.024
2.044
2.058
2.072
2.0820000000000003
2.0900000000000003
2.0900000000000003
2.0860000000000003
2.0820000000000003
2.0780000000000003
2.076
2.074
2.068
2.06
2.056
2.052
2.044
2.038
2.032
2.028
2.024
2.018
2.012
2.006
2.002
1.9979999999999998
1.988
1.98
1.9739999999999998
1.9699999999999998
1.9659999999999997
1.964
1.9579999999999997
1.952
1.9539999999999997
1.96
1.964
1.9699999999999998
1.9740000000000002
1.9780000000000002
1.984
1.9900000000000002
1.996
2.004
2.012
2.0140000000000002
2.012
2.0100000000000002
2.0100000000000002
2.01
2.0100000000000002
2.004
1.984
1.964
1.942
1.916
1.8940000000000001
1.872
1.856
1.842
1.834
1.826
1.82
1.816
1.814
1.81
1.8
1.79
1.78
1.77
1.76
1.75
1.75
1.7519999999999998
1.746
1.7399999999999998
1.73
1.72
1.71
1.702
1.694
1.686
1.674
1.662
1.658
1.658
1.662
1.67
1.68
1.6879999999999997
1.688
1.694
1.7
1.7040000000000002
1.704
1.7040000000000002
1.696
1.6880000000000002
1.684
1.68
1.6740000000000002
1.666
1.6540000000000001
1.6420000000000001
1.6380000000000001
1.6360000000000001
1.6460000000000001
1.6580000000000001
1.6700000000000002
1.6840000000000002
1.6860000000000002
1.6860000000000002
1.6900000000000002
1.6940000000000002
1.6920000000000002
1.6900000000000002
1.6840000000000002
1.6800000000000002
1.6760000000000002
1.6700000000000002
1.6700000000000002
1.6700000000000002
1.6700000000000002
1.6700000000000002
1.6660000000000001
1.662
1.664
1.6640000000000001
1.6620000000000001
1.6580000000000001
1.6520000000000001
1.6440000000000001
1.6380000000000001
1.6300000000000001
1.624
1.616
1.608
1.598
1.584
1.5700000000000003
1.556
1.5420000000000003
1.528
1.5140000000000002
1.5
1.488
1.4820000000000002
1.4740000000000002
1.468
1.464
1.456
1.4500000000000002
1.448
1.448
1.4500000000000002
1.4540000000000002
1.456
1.4620000000000002
1.4620000000000002
1.46
1.452
1.444
1.4380000000000002
1.4340000000000002
1.4300000000000002
1.4260000000000002
1.4240000000000002
1.4200000000000002
1.4180000000000001
1.4160000000000001
1.4160000000000001
1.4160000000000001
1.4160000000000001
1.4160000000000001
1.4220000000000002
1.4280000000000002
1.4340000000000002
1.4400000000000002
1.4440000000000002
1.4460000000000002
1.4480000000000002
1.4500000000000002
1.452
1.4520000000000002
1.4500000000000002
1.446
1.4400000000000002
1.4320000000000002
1.424
1.4160000000000001
1.412
1.402
1.392
1.384
1.378
1.3739999999999999
1.3739999999999999
1.3739999999999999
1.3699999999999999
1.3659999999999999
1.362
1.354
1.354
1.3539999999999999
1.3459999999999999
1.3379999999999999
1.3299999999999998
1.3219999999999998
1.3139999999999998
1.304
1.308
1.316
1.322
1.3279999999999998
1.3399999999999999
1.3519999999999999
1.37
1.384
1.3980000000000001
1.4140000000000001
1.432
1.4500000000000002
1.468
1.4860000000000002
1.508
1.5299999999999998
1.54
1.548
1.5579999999999998
1.568
1.5819999999999999
1.5979999999999999
1.6139999999999999
1.63
1.644
1.66
1.67
1.678
1.69
1.702
1.712
1.722
1.73
1.7359999999999998
1.7440000000000002
1.748
1.7479999999999998
1.7499999999999998
1.7559999999999998
1.76
1.7639999999999998
1.7659999999999998
1.77
1.7719999999999998
1.7679999999999998
1.762
1.7579999999999998
1.7499999999999998
1.7459999999999998
1.746
1.744
1.7419999999999998
1.742
1.7419999999999998
1.7339999999999998
1.7259999999999998
1.7239999999999998
1.7239999999999998
1.7179999999999997
1.7119999999999997
1.7039999999999997
1.6959999999999997
1.6859999999999997
1.678
1.6699999999999997
1.662
1.656
1.65
1.6440000000000001
1.638
1.6320000000000001
1.626
1.6179999999999999
1.6099999999999999
1.6059999999999999
1.604
1.6
1.596
1.5860000000000003
1.572
1.56
1.548
1.5340000000000003
1.52
1.508
1.4940000000000002
1.4820000000000002
1.4700000000000002
1.4620000000000002
1.4580000000000002
1.4540000000000002
1.4500000000000002
1.4420000000000002
1.438
1.4380000000000002
1.44
1.436
1.432
1.428
1.424
1.4140000000000001
1.4020000000000001
1.3900000000000001
1.3780000000000001
1.3639999999999999
1.35
1.334
1.318
1.3019999999999998
1.2859999999999998
1.2679999999999998
1.25
1.232
1.214
1.192
1.17
1.158
1.15
1.142
1.1340000000000001
1.1260000000000001
1.116
1.106
1.096
1.084
1.072
1.066
1.062
1.058
1.054
1.052
1.05
1.048
1.046
1.0379999999999998
1.03
1.0259999999999998
1.02
1.0119999999999998
1.004
1.0
0.996
0.99
0.984
0.984
0.984
0.984
0.984
0.98
0.974
0.97
0.966
0.96
0.956
0.954
0.952
0.946
0.94
0.938
0.9359999999999999
0.9359999999999999
0.94
0.938
0.9339999999999999
0.9279999999999999
0.9239999999999999
0.9199999999999999
0.9159999999999999
0.9119999999999999
0.9079999999999999
0.9059999999999999
0.9039999999999999
0.9099999999999999
0.9159999999999999
0.9199999999999999
0.9219999999999999
0.9199999999999999
0.9159999999999999
0.9139999999999999
0.9119999999999999
0.9079999999999999
0.9039999999999999
0.8979999999999999
0.8899999999999999
0.8819999999999999
0.8739999999999999
0.8679999999999999
0.8639999999999999
0.8599999999999999
0.8519999999999999
0.8420000000000001
0.8320000000000001
0.8240000000000001
0.8140000000000001
0.804
0.792
0.784
0.778
0.77
0.762
0.756
0.75
0.746
0.742
0.738
0.734
0.73
0.726
0.722
0.716
0.71
0.706
0.702
0.698
0.6960000000000001
0.6940000000000001
0.6880000000000001
0.68
0.67
0.66
0.648
0.636
0.624
0.612
0.602
0.59
0.5800000000000001
0.5700000000000001
0.56
0.55
0.538
0.526
0.514
0.502
0.494
0.48600000000000004
0.47400000000000003
0.4620000000000001
0.45200000000000007
0.44200000000000006
0.43000000000000005
0.41800000000000004
0.40800000000000003
0.398
0.388
0.378
0.368
0.358
0.352
0.348
0.342
0.336
0.33
0.32400000000000007
0.32200000000000006
0.32000000000000006
0.32
0.322
0.324
0.328
0.33
0.33
0.336
0.34400000000000003
0.352
0.358
0.36399999999999993
0.36999999999999994
0.37599999999999995
0.382
0.386
0.39
0.386
0.382
0.378
0.374
0.37
0.366
0.364
0.362
0.36
0.358
0.358
0.358
0.358
0.358
0.358
0.358
0.358
0.35800000000000004
0.35800000000000004
0.35800000000000004
0.35600000000000004
0.35400000000000004
0.35200000000000004
0.35000000000000003
0.35000000000000003
0.35000000000000003
0.35200000000000004
0.35600000000000004
0.36200000000000004
0.36800000000000005
0.376
0.384
0.392
0.402
0.40800000000000003
0.41400000000000003
0.42000000000000004
0.42600000000000005
0.43200000000000005
0.43600000000000005
0.44000000000000006
0.44400000000000006
0.44399999999999995
0.44199999999999995
0.44599999999999995
0.44999999999999996
0.45399999999999996
0.45799999999999996
0.45999999999999996
0.46199999999999997
0.46399999999999997
0.47
0.476
0.482
0.486
0.49
0.4919999999999999
0.4939999999999999
0.4959999999999999
0.4979999999999999
0.4979999999999999
0.49999999999999994
0.5019999999999999
0.5039999999999999
0.5079999999999999
0.5139999999999999
0.5199999999999999
0.5279999999999999
0.5359999999999999
0.546
0.552
0.558
0.5640000000000001
0.5700000000000001
0.5700000000000001
0.5680000000000001
0.5660000000000001
0.562
0.56
0.558
0.556
0.552
0.548
0.544
0.54
0.534
0.528
0.52
0.512
0.502
0.492
0.48
0.47
0.45999999999999996
0.44999999999999996
0.43999999999999995
0.43
0.42
0.41
0.39999999999999997
0.39399999999999996
0.38799999999999996
0.38199999999999995
0.37599999999999995
0.37399999999999994
0.37199999999999994
0.36999999999999994
0.36799999999999994
0.36599999999999994
0.36999999999999994
0.37399999999999994
0.37799999999999995
0.37999999999999995
0.38199999999999995
0.38399999999999995
0.38399999999999995
0.38399999999999995
0.38399999999999995
0.38399999999999995
0.38399999999999995
0.38399999999999995
0.38199999999999995
0.37999999999999995
0.378
0.376
0.372
0.368
0.362
0.354
0.348
0.342
0.336
0.328
0.318
0.314
0.31
0.306
0.302
0.29800000000000004
0.29600000000000004
0.29400000000000004
0.29200000000000004
0.29400000000000004
0.29800000000000004
0.29800000000000004
0.29800000000000004
0.29800000000000004
0.29800000000000004
0.3
0.306
0.312
0.314
0.316
0.318
0.32
0.32199999999999995
0.32799999999999996
0.33399999999999996
0.33999999999999997
0.346
0.352
0.358
0.364
0.37
0.376
0.38
0.382
0.382
0.382
0.38
0.374
0.368
0.362
0.358
0.362
0.368
0.374
0.382
0.386
0.39
0.394
0.398
0.402
0.406
0.41000000000000003
0.41400000000000003
0.41800000000000004
0.42200000000000004
0.42600000000000005
0.43000000000000005
0.43400000000000005
0.43800000000000006
0.44000000000000006
0.44200000000000006
0.44400000000000006
0.44600000000000006
0.44799999999999995
0.44999999999999996
0.44999999999999996
0.44999999999999996
0.44999999999999996
0.44999999999999996
0.44999999999999996
0.44999999999999996
0.44999999999999996
0.44999999999999996
0.44999999999999996
0.44999999999999996
0.44999999999999996
0.44400000000000006
0.43800000000000006
0.43200000000000005
0.43000000000000005
0.42800000000000005
0.42600000000000005
0.42600000000000005
0.42600000000000005
0.42800000000000005
0.43000000000000005
0.43200000000000005
0.43400000000000005
0.43600000000000005
0.43600000000000005
0.43600000000000005
0.43600000000000005
0.43600000000000005
0.43600000000000005
0.43600000000000005
0.43800000000000006
0.43800000000000006
0.43800000000000006
0.43800000000000006
0.44000000000000006
0.44200000000000006
0.44000000000000006
0.43800000000000006
0.43600000000000005
0.43400000000000005
0.43200000000000005
0.42800000000000005
0.42400000000000004
0.42000000000000004
0.41600000000000004
0.41000000000000003
0.406
0.402
0.398
0.394
0.39
0.382
0.374
0.366
0.358
0.352
0.346
0.33999999999999997
0.33199999999999996
0.324
0.316
0.30800000000000005
0.30200000000000005
0.29400000000000004
0.28600000000000003
0.278
0.27
0.262
0.254
0.246
0.238
0.232
0.234
0.23600000000000002
0.23800000000000002
0.238
0.236
0.23399999999999999
0.23
0.224
0.22199999999999998
0.21999999999999997
0.21799999999999997
0.21600000000000003
0.21400000000000002
0.21200000000000002
0.21
0.21
0.21
0.21000000000000002
0.20600000000000002
0.202
0.198
0.194
0.192
0.19
0.188
0.186
0.184
0.182
0.182
0.184
0.186
0.188
0.19
0.192
0.194
0.198
0.202
0.20600000000000002
0.21000000000000002
0.214
0.218
0.222
0.222
0.222
0.222
0.22
0.218
0.214
0.212
0.21
0.20800000000000002
0.20600000000000002
0.20600000000000002
0.20600000000000002
0.20600000000000002
0.20600000000000002
0.20800000000000002
0.21000000000000002
0.20800000000000002
0.20600000000000002
0.202
0.198
0.194
0.19
0.188
0.186
0.184
0.182
0.18
0.178
0.17600000000000002
0.17400000000000002
0.17200000000000001
0.17
0.168
0.166
0.166
0.166
0.168
0.17
0.17200000000000001
0.17400000000000002
0.17600000000000002
0.176
0.174
0.172
0.16999999999999998
0.16799999999999998
0.16599999999999998
0.16399999999999998
0.16199999999999998
0.15999999999999998
0.15799999999999997
0.15599999999999997
0.15399999999999997
0.15400000000000003
0.15400000000000003
0.15399999999999997
0.15400000000000003
0.15200000000000002
0.15000000000000002
0.14800000000000002
0.14600000000000002
0.14400000000000002
0.14200000000000002
0.14
0.14
0.14200000000000002
0.14200000000000002
0.14200000000000002
0.14200000000000002
0.14200000000000002
0.14200000000000002
0.14200000000000002
0.14200000000000002
0.14
0.138
0.136
0.138
0.14
0.14200000000000002
0.14400000000000002
0.14600000000000002
0.14800000000000002
0.15000000000000002
0.15200000000000002
0.15600000000000003
0.16000000000000003
0.16400000000000003
0.16600000000000004
0.16400000000000003
0.16200000000000003
0.16000000000000003
0.15800000000000003
0.15600000000000003
0.15200000000000002
0.14800000000000002
0.14400000000000002
0.14
0.136
0.132
0.13
0.13
0.13
0.13
0.13
0.13
0.13
0.13
0.13
0.13
0.13
0.132
0.136
0.138
0.14
0.14
0.14
0.14400000000000002
0.14800000000000002
0.15000000000000002
0.15200000000000002
0.15600000000000003
0.15999999999999998
0.16399999999999998
0.16799999999999998
0.172
0.176
0.18
0.186
0.192
0.198
0.20400000000000001
0.21
0.214
0.218
0.224
0.23
0.234
0.23800000000000002
0.24200000000000002
0.24600000000000002
0.24800000000000003
0.25
0.254
0.258
0.262
0.266
0.27
0.274
0.278
0.28200000000000003
0.28600000000000003
0.29000000000000004
0.29400000000000004
0.29600000000000004
0.29600000000000004
0.29600000000000004
0.29600000000000004
0.29600000000000004
0.29600000000000004
0.29600000000000004
0.29600000000000004
0.29600000000000004
0.29600000000000004
0.29600000000000004
0.29600000000000004
0.29400000000000004
0.29400000000000004
0.294
0.292
0.29
0.288
0.286
0.284
0.282
0.27999999999999997
0.278
0.276
0.274
0.272
0.27
0.268
0.266
0.264
0.262
0.258
0.254
0.24999999999999997
0.24599999999999997
0.24599999999999997
0.24599999999999997
0.24599999999999997
0.24599999999999997
0.24599999999999997
0.24599999999999997
0.24599999999999997
0.24599999999999997
0.24599999999999997
0.24599999999999997
0.24599999999999997
0.244
0.242
0.242
0.242
0.242
0.244
0.246
0.244
0.242
0.24
0.238
0.23399999999999999
0.22799999999999998
0.22399999999999998
0.21999999999999997
0.216
0.212
0.208
0.204
0.20199999999999999
0.19999999999999998
0.19599999999999998
0.19199999999999998
0.18799999999999997
0.184
0.18
0.176
0.172
0.166
0.16
0.154
0.148
0.144
0.142
0.14
0.136
0.132
0.128
0.124
0.12
0.116
0.114
0.112
0.11
0.108
0.104
0.1
0.098
0.096
0.094
0.092
0.09
0.088
0.086
0.084
0.08399999999999999
0.08399999999999999
0.08399999999999999
0.086
0.088
0.09
0.092
0.094
0.096
0.098
0.1
0.10200000000000001
0.1
0.098
0.098
0.098
0.098
0.098
0.098
0.098
0.098
0.098
0.098
0.098
0.098
0.098
0.1
0.10200000000000001
0.10400000000000001
0.10600000000000001
0.10799999999999998
0.10999999999999999
0.11199999999999999
0.11399999999999999
0.11599999999999999
0.118
0.12
0.122
0.122
0.122
0.122
0.122
0.122
0.122
0.122
0.122
0.122
0.12
0.118
0.11599999999999999
0.11199999999999999
0.10799999999999998
0.10799999999999998
0.10799999999999998
0.10799999999999998
0.10799999999999998
0.10799999999999998
0.10799999999999998
0.10799999999999998
0.10799999999999998
0.10799999999999998
0.10799999999999998
0.10799999999999998
0.10799999999999998
0.10799999999999998
0.10799999999999998
0.10799999999999998
0.10799999999999998
0.10799999999999998
0.10799999999999998
0.10799999999999998
0.10799999999999998
0.10799999999999998
0.10799999999999998
0.10799999999999998
0.10799999999999998
0.10799999999999998
0.10599999999999998
0.10399999999999998
0.102
0.09999999999999999
0.09799999999999999
0.09599999999999999
0.09399999999999999
0.09199999999999998
0.09
0.088
0.086
0.08399999999999999
0.08199999999999999
0.08199999999999999
0.08199999999999999
0.08000000000000002
0.07800000000000001
0.07600000000000001
0.07400000000000001
0.07400000000000001
0.07400000000000001
0.07400000000000001
0.07400000000000001
0.074
0.074
0.074
0.07200000000000001
0.07
0.068
0.066
0.064
0.062000000000000006
0.060000000000000005
0.057999999999999996
0.056
0.058
0.06
0.06
0.06
0.06
0.062
0.064
0.066
0.068
0.07
0.07200000000000001
0.07400000000000001
0.076
0.07799999999999999
0.07799999999999999
0.07799999999999999
0.07599999999999998
0.074
0.07200000000000001
0.07
0.07
0.07
0.06999999999999999
0.06999999999999999
0.07
0.07
0.07200000000000001
0.07400000000000001
0.07600000000000001
0.07800000000000001
0.07800000000000001
0.07800000000000001
0.07800000000000001
0.07800000000000001
0.07800000000000001
0.07800000000000001
0.07800000000000001
0.07800000000000001
0.07800000000000001
0.07800000000000001
0.07800000000000001
0.07800000000000001
0.07800000000000001
0.07800000000000001
0.07800000000000001
0.07800000000000001
0.07800000000000001
0.07800000000000001
0.07800000000000001
0.07800000000000001
0.07800000000000001
0.07800000000000001
0.07800000000000001
0.07800000000000001
0.07800000000000001
0.07800000000000001
0.07800000000000001
0.07800000000000001
0.07800000000000001
0.07800000000000001
0.07800000000000001
0.07800000000000001
0.07800000000000001
0.07800000000000001
0.07800000000000001
0.07800000000000001
0.07800000000000001
0.07800000000000001
0.07800000000000001
0.07800000000000001
0.07800000000000001
0.07800000000000001
0.07800000000000001
0.07800000000000001
0.07800000000000001
0.07800000000000001
0.07800000000000001
0.07800000000000001
0.07800000000000001
0.07800000000000001
0.07800000000000001
0.07800000000000001
0.07800000000000001
0.07800000000000001
0.07600000000000001
0.07400000000000001
0.07200000000000001
0.07
0.068
0.066
0.064
0.062
0.06
0.057999999999999996
0.056
0.054
0.052
0.05
0.048
0.046
0.044
0.041999999999999996
0.041999999999999996
0.041999999999999996
0.041999999999999996
0.041999999999999996
0.039999999999999994
0.038000000000000006
0.036000000000000004
0.034
0.032
0.03
0.028
0.026000000000000002
0.024
0.024
0.026000000000000002
0.028
0.03
0.032
0.032
0.032
0.032
0.032
0.032
0.032
0.03
0.028
0.026000000000000002
0.024
0.024
0.024
0.024
0.024
0.024
0.024
0.024
0.024
0.024
0.024
0.024
0.024
0.024
0.024
0.024
0.024
0.024
0.024
0.024
0.024
0.024
0.024
0.024
0.024
0.024
0.024
0.024
0.024
0.024
0.024
0.024
0.024
0.024
0.024
0.024
0.024
0.024
0.026000000000000002
0.026000000000000002
0.026000000000000002
0.026000000000000002
0.026000000000000002
0.026000000000000002
0.026000000000000002
0.026000000000000002
0.026000000000000002
0.026000000000000002
0.026000000000000002
0.026000000000000002
0.026000000000000002
0.026000000000000002
0.026000000000000002
0.026000000000000002
0.026000000000000002
0.026000000000000002
0.026000000000000002
0.026000000000000002
0.026000000000000002
0.026000000000000002
0.026000000000000002
0.026000000000000002
0.026000000000000002
0.026000000000000002
0.026000000000000002
0.026000000000000002
0.026000000000000002
0.026000000000000002
0.026000000000000002
0.026000000000000002
0.026000000000000002
0.026000000000000002
0.026000000000000002
0.026000000000000002
0.026000000000000002
0.026000000000000002
0.024
0.024
0.024
0.024
0.024
0.024
0.024
0.024
0.024
0.024
0.022
0.02
0.018
0.016
0.014000000000000002
0.012
0.01
0.008
0.006
0.004
0.002
0.002
0.002
0.002
0.002
0.002
0.002
0.002
0.002
0.002
0.002
0.002
0.002
0.002
0.002
0.002
0.002
0.002
0.002
0.002
0.002
0.002
0.002
0.002
0.002
0.002
0.002
0.002
0.002
0.002
0.002
0.002
0.002
0.002
0.002
0.002
0.002
0.002
0.002
0.002
0.002
0.002
0.0
0.0
0.0
0.0
0.0
0.0
0.0
0.0
0.0
0.0
0.0
0.0
0.0
0.0
0.0
0.0
0.0
0.0
0.0
0.0
0.0
0.0
0.0
0.0
0.0
0.0
0.0
0.0
0.0
0.0
0.0
0.0
0.0
0.0
0.0
0.0
0.0
0.002
0.004
0.006
0.008
0.01
0.012
0.014000000000000002
0.016
0.018
0.02
0.022
0.024
0.024
0.024
0.024
0.024
0.024
0.024
0.024
0.024
0.024
0.024
0.024
0.024
0.024
0.024
0.024
0.024
0.024
0.024
0.024
0.024
0.024
0.024
0.024
0.024
0.024
0.024
0.024
0.024
0.024
0.024
0.024
0.024
0.024
0.024
0.024
0.024
0.024
0.024
0.024
0.024
0.024
0.024
0.024
0.024
0.024
0.024
0.024
0.024
0.024
0.024
0.024
0.024
0.024
0.024
0.024
0.024
0.024
0.024
0.024
0.024
0.024
0.024
0.024
0.024
0.024
0.024
0.024
0.024
0.024
0.024
0.024
0.024
0.024
0.024
0.024
0.024
0.024
0.024
0.024
0.024
0.024
0.024
0.024
0.024
0.024
0.024
0.024
0.024
0.022
0.02
0.018
0.016
0.014000000000000002
0.012
0.01
0.008
0.006
0.004
0.002
0.0
0.0
0.0
0.0
0.0
0.0
0.0
0.0
0.0
0.0
0.0
0.0
0.0
0.0
0.0
0.0
0.0
0.0
0.0
0.0
0.0
0.0
0.0
0.0
0.0
0.0
0.0
0.0
0.0
0.0
0.0
0.0
0.002
0.004
0.006
0.008
0.01
0.012
0.014000000000000002
0.016
0.018
0.018
0.018
0.018
0.018
0.018
0.018
0.018
0.018
0.018
0.018
0.018
0.018
0.018
0.018
0.018
0.018
0.018
0.018
0.018
0.018
0.018
0.018
0.018
0.018
0.018
0.018
0.018
0.018
0.018
0.018
0.018
0.018
0.018
0.018
0.018
0.018
0.018
0.018
0.018
0.018
0.018
0.018
0.018
0.018
0.018
0.018
0.018
0.018
0.018
