0.035
0.036000000000000004
0.037
0.038
0.04
0.042
0.044000000000000004
0.045000000000000005
0.046
0.049
0.052000000000000005
0.05500000000000001
0.05800000000000001
0.061000000000000006
0.064
0.068
0.072
0.075
0.078
0.08
0.082
0.08399999999999999
0.088
0.091
0.094
0.097
0.1
0.105
0.11
0.114
0.11800000000000001
0.12100000000000001
0.124
0.127
0.13
0.133
0.137
0.14
0.14400000000000002
0.14700000000000002
0.15000000000000002
0.15300000000000002
0.15600000000000003
0.15900000000000003
0.16200000000000003
0.16500000000000004
0.16900000000000004
0.17400000000000004
0.18000000000000005
0.18500000000000005
0.19000000000000006
0.19500000000000006
0.20100000000000004
0.20600000000000002
0.21200000000000002
0.21800000000000003
0.22600000000000003
0.23400000000000004
0.24200000000000002
0.24899999999999997
0.256
0.263
0.27
0.275
0.28
0.28700000000000003
0.29400000000000004
0.30200000000000005
0.31000000000000005
0.31900000000000006
0.32799999999999996
0.33499999999999996
0.34299999999999997
0.346
0.348
0.35
0.354
0.356
0.359
0.363
0.368
0.371
0.374
0.377
0.38
0.383
0.386
0.39
0.394
0.398
0.404
0.41100000000000003
0.41800000000000004
0.42700000000000005
0.43699999999999994
0.44699999999999995
0.45699999999999996
0.46799999999999997
0.478
0.486
0.494
0.5
0.506
0.513
0.52
0.526
0.532
0.539
0.546
0.551
0.556
0.561
0.5660000000000001
0.5710000000000001
0.5770000000000001
0.5810000000000001
0.5850000000000001
0.5910000000000001
0.5990000000000001
0.6070000000000001
0.6150000000000001
0.6220000000000001
0.627
0.635
0.6440000000000001
0.6540000000000001
0.6639999999999999
0.674
0.685
0.6940000000000002
0.702
0.71
0.718
0.7249999999999999
0.734
0.744
0.756
0.769
0.781
0.7919999999999999
0.803
0.816
0.8290000000000001
0.8390000000000001
0.8510000000000001
0.862
0.8719999999999999
0.8809999999999999
0.8889999999999999
0.8979999999999999
0.9079999999999999
0.9169999999999998
0.9249999999999999
0.9339999999999999
0.944
0.954
0.9619999999999999
0.9639999999999999
0.965
0.969
0.9739999999999999
0.9779999999999999
0.9819999999999999
0.9859999999999999
0.9889999999999999
0.9909999999999999
0.9939999999999999
0.998
1.002
1.006
1.01
1.0130000000000001
1.016
1.0230000000000001
1.0310000000000001
1.0370000000000001
1.041
1.047
1.052
1.057
1.062
1.068
1.074
1.082
1.092
1.099
1.107
1.116
1.127
1.1360000000000001
1.1420000000000001
1.143
1.1440000000000001
1.145
1.145
1.148
1.1520000000000001
1.154
1.157
1.1600000000000001
1.165
1.1719999999999997
1.18
1.1869999999999998
1.194
1.2000000000000002
1.2069999999999999
1.212
1.218
1.2269999999999999
1.238
1.2519999999999998
1.2689999999999997
1.2849999999999997
1.2999999999999998
1.3129999999999997
1.3250000000000002
1.3369999999999997
1.348
1.358
1.367
1.3769999999999998
1.3880000000000001
1.3980000000000001
1.408
1.419
1.432
1.44
1.447
1.4560000000000002
1.467
1.4800000000000002
1.4940000000000002
1.506
1.5140000000000002
1.5210000000000004
1.5290000000000001
1.5360000000000003
1.5460000000000003
1.559
1.5739999999999998
1.5840000000000003
1.594
1.607
1.6199999999999999
1.6320000000000003
1.6460000000000001
1.6590000000000003
1.676
1.69
1.704
1.719
1.734
1.748
1.7599999999999998
1.7680000000000002
1.777
1.7930000000000001
1.81
1.823
1.8350000000000002
1.8419999999999996
1.847
1.8530000000000002
1.8610000000000002
1.8690000000000002
1.879
1.8880000000000001
1.897
1.9040000000000001
1.912
1.92
1.926
1.9340000000000002
1.943
1.956
1.971
1.988
2.007
2.02
2.0349999999999997
2.052
2.0700000000000003
2.084
2.095
2.1069999999999998
2.12
2.1319999999999997
2.1420000000000003
2.152
2.1620000000000004
2.178
2.197
2.2119999999999997
2.231
2.2479999999999998
2.2640000000000002
2.285
2.3070000000000004
2.3280000000000003
2.346
2.363
2.3810000000000002
2.399
2.4170000000000003
2.437
2.456
2.471
2.484
2.496
2.507
2.5130000000000003
2.5160000000000005
2.515
2.5130000000000003
2.514
2.517
2.519
2.52
2.5219999999999994
2.529
2.5370000000000004
2.5450000000000004
2.553
2.5629999999999997
2.573
2.5849999999999995
2.592
2.5980000000000003
2.606
2.613
2.6159999999999997
2.616
2.619
2.624
2.63
2.6319999999999997
2.6410000000000005
2.6480000000000006
2.6519999999999997
2.654
2.6590000000000003
2.6660000000000004
2.6740000000000004
2.6809999999999996
2.682
2.683
2.683
2.68
2.68
2.68
2.6770000000000005
2.673
2.6680000000000006
2.664
2.6620000000000004
2.659
2.656
2.653
2.6460000000000004
2.638
2.6360000000000006
2.637
2.637
2.6360000000000006
2.6340000000000003
2.631
2.6300000000000003
2.6310000000000007
2.633
2.634
2.6380000000000003
2.6460000000000004
2.6530000000000005
2.6610000000000005
2.668
2.6720000000000006
2.6700000000000004
2.667
2.666
2.664
2.6599999999999997
2.6550000000000002
2.6540000000000004
2.654
2.657
2.659
2.6580000000000004
2.66
2.662
2.664
2.666
2.665
2.67
2.672
2.676
2.681
2.6799999999999997
2.678
2.6839999999999997
2.6939999999999995
2.694
2.691
2.6879999999999997
2.684
2.6819999999999995
2.6819999999999995
2.686
2.69
2.6919999999999997
2.6959999999999997
2.699
2.702
2.713
2.726
2.7310000000000003
2.737
2.743
2.752
2.765
2.777
2.7880000000000003
2.798
2.809
2.8179999999999996
2.8230000000000004
2.8260000000000005
2.838
2.8550000000000004
2.868
2.8810000000000002
2.899
2.9219999999999997
2.941
2.959
2.9739999999999998
2.989
2.998
3.008
3.009
3.0100000000000002
3.011
3.012
3.013
3.015
3.0260000000000002
3.0370000000000004
3.052
3.0689999999999995
3.088
3.11
3.1369999999999996
3.1660000000000004
3.185
3.201
3.2170000000000005
3.234
3.246
3.258
3.2750000000000004
3.291
3.3089999999999993
3.327
3.3480000000000008
3.371
3.398
3.425
3.444
3.4619999999999997
3.4829999999999997
3.507
3.5249999999999995
3.536
3.543
3.548
3.555
3.563
3.5770000000000004
3.5900000000000003
3.6079999999999997
3.6250000000000004
3.6409999999999996
3.6560000000000006
3.6689999999999996
3.6830000000000003
3.691
3.698000000000001
3.7060000000000004
3.7119999999999997
3.7170000000000005
3.7239999999999998
3.732
3.743
3.7530000000000006
3.767
3.7720000000000002
3.7710000000000004
3.7739999999999996
3.778
3.7729999999999997
3.766999999999999
3.774
3.7819999999999996
3.791
3.8019999999999996
3.811
3.8200000000000003
3.8350000000000004
3.851
3.867
3.883
3.9000000000000004
3.9210000000000003
3.9360000000000004
3.953
3.9749999999999996
3.9950000000000006
4.018999999999999
4.039000000000001
4.051
4.058000000000001
4.064
4.073
4.081
4.089
4.098000000000001
4.106999999999999
4.115
4.12
4.126
4.140999999999999
4.1579999999999995
4.172000000000001
4.1850000000000005
4.197
4.208000000000001
4.22
4.232
4.245
4.269
4.295
4.316999999999999
4.3389999999999995
4.358
4.377999999999999
4.402
4.425
4.448
4.47
4.49
4.51
4.53
4.547999999999999
4.576
4.604
4.626
4.644
4.657
4.667999999999999
4.679
4.693999999999999
4.705
4.718
4.731000000000001
4.746
4.754999999999999
4.763000000000001
4.772
4.776000000000001
4.77
4.763
4.759
4.757999999999999
4.763
4.771
4.777
4.784
4.793
4.803999999999999
4.811
4.819000000000001
4.826
4.832
4.837999999999999
4.843
4.848
4.854000000000001
4.866
4.879
4.896
4.915000000000001
4.932
4.952000000000001
4.9719999999999995
4.991
5.006
5.021999999999999
5.029000000000001
5.0329999999999995
5.037
5.042
5.047
5.058
5.069000000000001
5.079000000000001
5.09
5.101000000000001
5.1049999999999995
5.115
5.120000000000001
5.1240000000000006
5.125
5.118
5.106
5.09
5.077999999999999
5.07
5.064
5.06
5.064
5.071000000000001
5.08
5.087
5.095
5.104
5.115000000000001
5.123
5.1259999999999994
5.13
5.1370000000000005
5.137
5.136
5.1370000000000005
5.145999999999999
5.16
5.177999999999999
5.197
5.2170000000000005
5.2379999999999995
5.2540000000000004
5.273
5.291
5.305
5.316
5.322
5.319
5.316000000000001
5.3100000000000005
5.3020000000000005
5.293
5.282
5.262999999999999
5.245
5.224
5.202999999999999
5.192
5.186
5.188000000000001
5.192
5.196000000000001
5.2
5.2059999999999995
5.21
5.2139999999999995
5.216999999999999
5.215
5.219
5.224
5.232999999999999
5.247999999999999
5.262
5.272
5.284999999999999
5.2940000000000005
5.300000000000001
5.309
5.317
5.322
5.328
5.328000000000001
5.324
5.32
5.316999999999999
5.317
5.322
5.329
5.334
5.334999999999999
5.334
5.333
5.328999999999999
5.325
5.316999999999999
5.305000000000001
5.289
5.281
5.276
5.2780000000000005
5.284
5.295
5.305
5.308999999999999
5.31
5.31
5.311999999999999
5.312
5.3100000000000005
5.304000000000001
5.292999999999999
5.28
5.268000000000001
5.263000000000001
5.264
5.272
5.281
5.289000000000001
5.297
5.298
5.3
5.297999999999999
5.295
5.293
5.29
5.284
5.285
5.289999999999999
5.299
5.313999999999999
5.333
5.352
5.37
5.3790000000000004
5.384
5.386000000000001
5.388000000000002
5.3870000000000005
5.385
5.3790000000000004
5.367999999999999
5.361999999999999
5.351000000000001
5.344000000000001
5.338
5.336
5.337000000000001
5.343
5.351999999999999
5.361
5.375
5.384
5.392
5.406
5.423
5.446
5.473000000000001
5.492
5.503
5.518
5.538
5.557
5.573
5.59
5.606999999999999
5.618
5.626
5.637
5.64
5.646999999999999
5.654999999999999
5.66
5.6659999999999995
5.677
5.687
5.697000000000001
5.707
5.715
5.726
5.737000000000001
5.743
5.7490000000000006
5.758
5.768
5.781000000000001
5.792
5.798
5.806000000000001
5.819999999999999
5.832
5.846000000000001
5.863
5.885
5.902
5.919000000000001
5.938000000000001
5.959
5.983
6.007000000000001
6.033
6.0569999999999995
6.0809999999999995
6.101999999999999
6.1209999999999996
6.14
6.164
6.188
6.211
6.232000000000001
6.255000000000001
6.276
6.304
6.3309999999999995
6.351000000000001
6.37
6.390000000000001
6.416000000000001
6.439000000000001
6.457000000000001
6.482000000000001
6.512
6.532999999999999
6.552
6.567
6.581999999999999
6.597999999999999
6.609999999999999
6.611999999999999
6.6080000000000005
6.6080000000000005
6.603
6.591
6.578
6.573
6.575
6.577000000000001
6.577000000000001
6.581
6.584
6.5889999999999995
6.599000000000001
6.613
6.626
6.642000000000001
6.662
6.681000000000001
6.704
6.721
6.7330000000000005
6.739000000000001
6.737
6.7410000000000005
6.746
6.7509999999999994
6.755
6.7540000000000004
6.7490000000000006
6.7509999999999994
6.7620000000000005
6.763999999999999
6.76
6.761
6.7650000000000015
6.765000000000001
6.766
6.763999999999999
6.762
6.761
6.762
6.760999999999999
6.7620000000000005
6.767999999999999
6.774
6.775
6.775
6.776999999999998
6.7860000000000005
6.7860000000000005
6.782
6.774
6.769999999999999
6.771
6.776
6.784
6.79
6.800999999999999
6.815
6.824
6.828
6.8309999999999995
6.84
6.839
6.832999999999999
6.832
6.833
6.835
6.837
6.840999999999999
6.8469999999999995
6.854000000000001
6.864
6.872000000000001
6.882
6.897
6.906999999999999
6.905000000000001
6.896000000000001
6.882
6.871999999999999
6.864999999999999
6.8580000000000005
6.854999999999999
6.850999999999998
6.856999999999999
6.8660000000000005
6.865
6.857
6.849000000000001
6.8420000000000005
6.830000000000001
6.8180000000000005
6.814
6.809000000000001
6.802000000000001
6.793000000000001
6.786
6.776999999999999
6.7749999999999995
6.779999999999999
6.778
6.774
6.771
6.768999999999999
6.757999999999999
6.745
6.728000000000001
6.709999999999999
6.689
6.674
6.665000000000001
6.654
6.641
6.632
6.621
6.611000000000001
6.606
6.5969999999999995
6.583999999999999
6.567
6.550000000000001
6.535000000000001
6.5169999999999995
6.497999999999999
6.482
6.470000000000001
6.4639999999999995
6.467
6.466
6.465
6.466000000000001
6.471
6.466
6.463
6.454000000000001
6.442
6.439
6.433999999999999
6.4350000000000005
6.4399999999999995
6.449999999999999
6.458000000000001
6.463000000000001
6.466
6.477
6.4879999999999995
6.499
6.5059999999999985
6.519
6.537
6.556000000000001
6.573
6.595
6.613
6.626
6.639999999999999
6.647000000000001
6.655000000000001
6.668
6.683
6.699999999999999
6.713000000000001
6.729000000000001
6.746999999999999
6.765000000000001
6.782
6.793999999999999
6.804
6.812
6.820000000000001
6.8229999999999995
6.83
6.834999999999999
6.837000000000001
6.839000000000001
6.8519999999999985
6.869999999999999
6.896
6.928999999999999
6.961999999999998
6.984999999999999
7.004
7.016
7.027
7.028000000000001
7.026
7.031
7.038
7.048
7.0600000000000005
7.08
7.095
7.107
7.125
7.144000000000001
7.167
7.1899999999999995
7.217
7.236
7.252
7.256000000000001
7.260000000000001
7.267
7.275
7.290000000000001
7.300999999999999
7.316999999999999
7.332999999999999
7.349
7.363
7.368
7.369999999999999
7.3660000000000005
7.3580000000000005
7.352
7.342999999999999
7.331
7.316000000000001
7.312
7.316999999999999
7.332
7.349000000000001
7.365000000000001
7.377000000000001
7.383000000000001
7.387
7.39
7.391
7.393000000000001
7.393
7.393999999999999
7.392
7.402
7.41
7.4270000000000005
7.4510000000000005
7.47
7.493
7.513
7.526000000000001
7.529
7.533
7.534000000000001
7.5360000000000005
7.531999999999999
7.532000000000001
7.5329999999999995
7.534
7.538
7.539
7.540000000000001
7.5440000000000005
7.544000000000001
7.5440000000000005
7.541
7.533
7.527
7.517
7.513
7.51
7.511000000000001
7.509
7.505000000000002
7.494
7.48
7.460999999999999
7.438
7.411999999999999
7.379
7.343999999999999
7.311999999999999
7.2700000000000005
7.229
7.1899999999999995
7.152000000000001
7.107
7.064000000000001
7.018
6.972
6.923
6.891000000000001
6.867
6.843999999999999
6.821999999999999
6.804
6.787000000000002
6.775
6.765
6.756
6.749
6.736
6.724
6.722
6.719999999999999
6.714
6.703000000000001
6.691
6.672
6.659999999999999
6.6499999999999995
6.6499999999999995
6.653000000000001
6.661
6.668000000000001
6.678
6.695
6.709
6.732
6.750000000000001
6.759
6.765999999999999
6.777
6.791
6.811
6.829
6.848
6.87
6.895999999999999
6.913
6.926999999999999
6.936
6.946
6.959
6.981
7.002999999999999
7.020000000000001
7.032
7.04
7.045000000000001
7.053999999999999
7.06
7.069000000000001
7.07
7.062
7.054
7.042
7.033
7.0280000000000005
7.0219999999999985
7.023000000000001
7.0329999999999995
7.044
7.063000000000001
7.086
7.114999999999998
7.1419999999999995
7.162
7.174
7.180999999999999
7.188
7.194
7.1979999999999995
7.194999999999999
7.186999999999999
7.184999999999999
7.188000000000001
7.193999999999999
7.204
7.207999999999999
7.214
7.2090000000000005
7.201
7.194
7.195
7.194999999999999
7.196000000000001
7.203999999999999
7.218
7.236
7.253
7.273000000000001
7.296
7.3149999999999995
7.332
7.347
7.361
7.366
7.368000000000001
7.372000000000001
7.379
7.386000000000001
7.391
7.401000000000002
7.4159999999999995
7.428999999999999
7.444000000000001
7.455
7.4639999999999995
7.471000000000001
7.479000000000001
7.478
7.47
7.456
7.4399999999999995
7.428999999999999
7.423999999999999
7.424
7.427
7.4239999999999995
7.417000000000001
7.416000000000001
7.418
7.412999999999999
7.405
7.383
7.353999999999999
7.323000000000001
7.285
7.249000000000001
7.221
7.197000000000001
7.174
7.151000000000001
7.128
7.103
7.081999999999998
7.055000000000001
7.029
7.0120000000000005
6.997
6.978999999999998
6.9559999999999995
6.939
6.92
6.901
6.8839999999999995
6.872999999999999
6.866
6.865
6.859
6.8629999999999995
6.869000000000001
6.871000000000001
6.8759999999999994
6.883000000000001
6.893
6.906000000000001
6.9159999999999995
6.928
6.938000000000001
6.943
6.944999999999999
6.941999999999998
6.934999999999999
6.926999999999999
6.915
6.896
6.88
6.862000000000001
6.843
6.828
6.815999999999999
6.815
6.821
6.829000000000001
6.84
6.847
6.854
6.866
6.884
6.897999999999999
6.91
6.917999999999999
6.918
6.92
6.928000000000001
6.9350000000000005
6.937
6.943000000000001
6.955
6.957
6.955
6.955000000000001
6.955
6.957000000000001
6.959
6.971
6.986999999999999
6.996999999999999
7.001000000000001
6.996
6.988000000000001
6.978
6.968
6.949000000000001
6.928999999999999
6.915
6.902
6.888999999999999
6.872999999999999
6.854999999999999
6.839
6.823
6.809000000000002
6.7940000000000005
6.774000000000001
6.748
6.720999999999999
6.693
6.666
6.639
6.610999999999999
6.586
6.566000000000001
6.5520000000000005
6.540000000000001
6.531000000000001
6.5200000000000005
6.511
6.5009999999999994
6.489000000000001
6.4750000000000005
6.4590000000000005
6.439
6.4270000000000005
6.411
6.396
6.382000000000001
6.366000000000001
6.347
6.332
6.320000000000001
6.301000000000001
6.2829999999999995
6.269
6.255000000000001
6.2330000000000005
6.203
6.175
6.152000000000001
6.1290000000000004
6.105
6.09
6.082
6.066999999999999
6.049
6.023999999999999
5.995
5.962999999999999
5.930999999999999
5.898999999999999
5.868
5.8420000000000005
5.818
5.796
5.779999999999999
5.7780000000000005
5.781000000000001
5.791
5.803999999999999
5.813999999999999
5.82
5.8149999999999995
5.802
5.783
5.757000000000001
5.732999999999999
5.706
5.675
5.637
5.613
5.594
5.584
5.578999999999999
5.577999999999999
5.576
5.571999999999999
5.571999999999999
5.567
5.559
5.558999999999999
5.563000000000001
5.567
5.572000000000001
5.566999999999999
5.558000000000001
5.548
5.541
5.541
5.544999999999999
5.553000000000001
5.563
5.57
5.573
5.593
5.6129999999999995
5.629
5.644000000000001
5.655000000000001
5.665
5.682
5.706000000000001
5.7330000000000005
5.755
5.778999999999999
5.805000000000001
5.829
5.855
5.885000000000001
5.918
5.949999999999999
5.9799999999999995
6.011
6.042
6.072999999999999
6.101999999999999
6.126000000000001
6.149000000000001
6.169000000000001
6.191999999999999
6.215
6.234999999999999
6.257
6.279000000000001
6.295
6.308999999999999
6.33
6.3469999999999995
6.3629999999999995
6.380000000000001
6.394
6.405
6.413
6.414
6.412
6.409
6.413
6.420999999999999
6.425999999999999
6.43
6.425999999999999
6.417000000000002
6.404999999999999
6.390000000000001
6.385
6.379
6.38
6.385999999999999
6.3950000000000005
6.401000000000002
6.409
6.417999999999999
6.420999999999999
6.42
6.404999999999999
6.3820000000000014
6.358999999999999
6.333999999999999
6.304
6.271000000000001
6.243
6.2170000000000005
6.198
6.183
6.175000000000001
6.171000000000001
6.161999999999999
6.154
6.144
6.131
6.113999999999999
6.103000000000001
6.091
6.077999999999999
6.063
6.05
6.04
6.029
6.024
6.023000000000001
6.018000000000001
6.015000000000001
6.015999999999999
6.018
6.028
6.041
6.050000000000001
6.053999999999999
6.0520000000000005
6.0520000000000005
6.051999999999999
6.050999999999998
6.053
6.053
6.046
6.035
6.02
6.007999999999999
6.003
5.998
5.992
5.984
5.973000000000001
5.966000000000001
5.962999999999998
5.966
5.976000000000001
5.987
5.996
6.001
5.998
5.994999999999999
5.992
5.986000000000001
5.986000000000001
5.989000000000001
5.995
6.003
6.013999999999999
6.021000000000001
6.039
6.059000000000001
6.07
6.075999999999999
6.075
6.07
6.061
6.057999999999999
6.0489999999999995
6.037
6.022
6.008
5.996
5.9910000000000005
5.989999999999999
5.992
5.989000000000001
5.982
5.970000000000001
5.955000000000001
5.944
5.935
5.92
5.907
5.89
5.874
5.852
5.827
5.798
5.768999999999999
5.739999999999999
5.710000000000001
5.6819999999999995
5.655999999999999
5.638
5.6259999999999994
5.608
5.59
5.577
5.564
5.5440000000000005
5.524
5.508000000000001
5.4959999999999996
5.478999999999999
5.462000000000001
5.449
5.434
5.422
5.412999999999999
5.401
5.3839999999999995
5.3690000000000015
5.358
5.344
5.3229999999999995
5.304
5.289
5.268
5.243
5.222
5.205
5.188
5.172000000000001
5.157000000000001
5.144
5.134
5.122999999999999
5.111
5.098
5.087
5.079
5.07
5.063000000000001
5.06
5.0600000000000005
5.067
5.072
5.0760000000000005
5.0809999999999995
5.079000000000001
5.080000000000001
5.071
5.056
5.038
5.015000000000001
4.983
4.944
4.91
4.879
4.858
4.837
4.812
4.787000000000001
4.756
4.725
4.695
4.666
4.640000000000001
4.611
4.57
4.525
4.491
4.463000000000001
4.444
4.434
4.425
4.413
4.409
4.408
4.411999999999999
4.4190000000000005
4.431
4.438999999999999
4.445
4.451
4.457
4.465999999999999
4.484
4.5040000000000004
4.524
4.546
4.573000000000001
4.6000000000000005
4.6240000000000006
4.646000000000001
4.671
4.700000000000001
4.728
4.756
4.783
4.8100000000000005
4.8389999999999995
4.87
4.905
4.9399999999999995
4.981
5.0280000000000005
5.074000000000001
5.121
5.175
5.23
5.275
5.316
5.356000000000001
5.3919999999999995
5.433
5.475
5.517999999999999
5.560999999999999
5.601
5.6370000000000005
5.664999999999999
5.693
5.719
5.745
5.766
5.782
5.79
5.792000000000001
5.794
5.788999999999999
5.7829999999999995
5.776000000000001
5.7669999999999995
5.757
5.747999999999999
5.738
5.727
5.717
5.704000000000001
5.6899999999999995
5.670999999999999
5.649
5.6259999999999994
5.604
5.578999999999999
5.554999999999999
5.529999999999999
5.505999999999999
5.492999999999999
5.475
5.469
5.473
5.470999999999999
5.471
5.47
5.472
5.473
5.476
5.476
5.4769999999999985
5.476999999999999
5.476999999999999
5.483
5.492999999999999
5.507
5.523
5.539000000000001
5.555
5.567
5.580999999999999
5.596
5.609
5.615
5.614
5.605999999999999
5.595
5.585
5.577
5.574
5.571
5.561
5.550999999999999
5.538
5.526
5.516
5.507000000000001
5.492999999999999
5.477
5.462
5.445
5.431
5.42
5.4110000000000005
5.403000000000001
5.393
5.3790000000000004
5.363
5.345
5.329000000000001
5.313000000000001
5.287999999999999
5.26
5.226999999999999
5.191
5.156
5.117
5.0760000000000005
5.035
4.9830000000000005
4.927
4.879
4.835999999999999
4.797000000000001
4.761
4.719
4.676
4.627
4.573
4.527000000000001
4.484
4.449
4.414
4.3759999999999994
4.341
4.311999999999999
4.289
4.2780000000000005
4.275
4.271000000000001
4.268000000000001
4.263
4.258
4.255000000000001
4.2540000000000004
4.2509999999999994
4.251
4.256
4.259
4.269
4.282
4.302
4.326
4.353999999999999
4.383
4.408
4.432
4.453
4.472
4.483
4.489000000000001
4.488
4.485
4.484999999999999
4.483
4.483
4.481
4.478
4.474
4.466
4.457
4.452
4.449
4.441
4.43
4.415
4.398000000000001
4.38
4.367
4.3629999999999995
4.36
4.354
4.348
4.3420000000000005
4.339
4.337
4.337
4.334
4.329
4.326
4.322
4.321000000000001
4.321
4.324
4.324
4.33
4.334
4.338
4.3420000000000005
4.337
4.3309999999999995
4.322000000000001
4.3100000000000005
4.299000000000001
4.29
4.2829999999999995
4.281000000000001
4.285
4.291
4.295999999999999
4.301
4.32
4.339
4.357
4.374
4.382
4.3870000000000005
4.395
4.404
4.4239999999999995
4.4510000000000005
4.4719999999999995
4.489
4.508
4.5280000000000005
4.552
4.577
4.603
4.629
4.655
4.679999999999999
4.707
4.734999999999999
4.772
4.816000000000001
4.853
4.882000000000001
4.903
4.921
4.936
4.951
4.962
4.970999999999999
4.978999999999999
4.985
4.992
5.0
5.0120000000000005
5.0249999999999995
5.027000000000001
5.02
5.009
4.9990000000000006
4.98
4.958
4.938000000000001
4.914
4.890000000000001
4.866
4.85
4.839
4.835
4.829
4.817
4.801000000000001
4.785
4.773000000000001
4.764
4.755
4.7459999999999996
4.736
4.726999999999999
4.7170000000000005
4.7139999999999995
4.713000000000001
4.716
4.720000000000001
4.721
4.718999999999999
4.718
4.723
4.7299999999999995
4.736
4.744
4.749999999999999
4.759
4.767
4.778
4.79
4.8020000000000005
4.815999999999999
4.831
4.843999999999999
4.857
4.871999999999999
4.884
4.896999999999999
4.906000000000001
4.9159999999999995
4.9350000000000005
4.958
4.9799999999999995
5.001
5.024
5.044999999999999
5.057
5.063
5.068999999999999
5.076
5.0840000000000005
5.0920000000000005
5.086
5.077999999999999
5.071
5.067
5.066
5.064
5.0600000000000005
5.055
5.045999999999999
5.0280000000000005
5.0169999999999995
5.007
4.994
4.983
4.9639999999999995
4.946
4.932
4.921000000000001
4.905
4.8870000000000005
4.869
4.849
4.821999999999999
4.785
4.753
4.726
4.704
4.685
4.668
4.652000000000001
4.643000000000001
4.636
4.627999999999999
4.619999999999999
4.614
4.609
4.596
4.581
4.57
4.5680000000000005
4.571
4.572
4.574999999999999
4.5760000000000005
4.577999999999999
4.585999999999999
4.598
4.615
4.629999999999999
4.647
4.652
4.653
4.6579999999999995
4.6659999999999995
4.678
4.6899999999999995
4.695
4.698
4.707999999999999
4.718
4.7219999999999995
4.728
4.735
4.737
4.729
4.718
4.707999999999999
4.696999999999999
4.687000000000001
4.672999999999999
4.654000000000001
4.636
4.621
4.609
4.593999999999999
4.579
4.564000000000001
4.550000000000001
4.524
4.496
4.469
4.443999999999999
4.421
4.397000000000001
4.367999999999999
4.337999999999999
4.312
4.287999999999999
4.262
4.235
4.212
4.191
4.16
4.125
4.1
4.075
4.051
4.029
3.998999999999999
3.967
3.9459999999999997
3.9320000000000004
3.916
3.899
3.883
3.8690000000000007
3.854
3.8370000000000006
3.822
3.812
3.8019999999999996
3.7920000000000003
3.7819999999999996
3.77
3.7649999999999997
3.7579999999999996
3.7479999999999998
3.738
3.7279999999999998
3.7199999999999998
3.704
3.689
3.6779999999999995
3.668999999999999
3.661
3.6520000000000006
3.6410000000000005
3.626
3.6119999999999997
3.5980000000000003
3.582
3.5670000000000006
3.553
3.5399999999999996
3.526
3.514
3.5019999999999993
3.4920000000000004
3.484
3.4730000000000003
3.461
3.447
3.4360000000000004
3.429
3.42
3.4050000000000002
3.3860000000000006
3.3640000000000003
3.3409999999999997
3.313
3.2910000000000004
3.2690000000000006
3.253
3.24
3.2270000000000008
3.2140000000000004
3.209
3.205
3.1910000000000003
3.175
3.1670000000000003
3.1599999999999997
3.1480000000000006
3.1339999999999995
3.125
3.1140000000000003
3.104
3.095
3.0850000000000004
3.0749999999999997
3.0700000000000003
3.0649999999999995
3.0560000000000005
3.0469999999999997
3.043
3.04
3.0360000000000005
3.0329999999999995
3.0309999999999997
3.0290000000000004
3.0270000000000006
3.0260000000000002
3.0220000000000002
3.02
3.019
3.017
3.014
3.0069999999999997
3.0
2.9920000000000004
2.982
2.972
2.9690000000000003
2.968
2.968
2.9699999999999998
2.97
2.9669999999999996
2.973
2.9819999999999998
2.986
2.986
2.988
2.9910000000000005
2.994
2.995
2.993
2.992
2.988
2.982
2.974
2.9670000000000005
2.964
2.96
2.9509999999999996
2.9450000000000003
2.9410000000000003
2.936
2.932
2.928
2.9290000000000003
2.9290000000000003
2.9279999999999995
2.927
2.927
2.925
2.929
2.9390000000000005
2.9510000000000005
2.964
2.9800000000000004
2.9959999999999996
3.009
3.0189999999999997
3.0300000000000007
3.037
3.049
3.061
3.074
3.09
3.105
3.121
3.1380000000000003
3.153
3.169
3.1879999999999997
3.2070000000000003
3.2230000000000003
3.2370000000000005
3.2510000000000003
3.266
3.281
3.291
3.2940000000000005
3.2929999999999997
3.29
3.2800000000000002
3.268
3.26
3.254
3.247
3.2369999999999997
3.2249999999999996
3.214
3.2070000000000003
3.204
3.2
3.198
3.196
3.193
3.19
3.191
3.1969999999999996
3.2
3.2019999999999995
3.206
3.2079999999999993
3.2080000000000006
3.213
3.2169999999999996
3.2169999999999996
3.2140000000000004
3.212
3.2070000000000003
3.206
3.2090000000000005
3.2169999999999996
3.227
3.2390000000000003
3.248
3.2529999999999997
3.2540000000000004
3.255
3.2570000000000006
3.257
3.256
3.2510000000000003
3.2470000000000003
3.2439999999999998
3.24
3.2389999999999994
3.238
3.24
3.2409999999999997
3.244
3.2490000000000006
3.258
3.2700000000000005
3.2800000000000002
3.288
3.294
3.2999999999999994
3.305
3.312
3.321
3.328
3.335
3.342
3.352
3.364
3.374
3.383
3.3920000000000003
3.399
3.4030000000000005
3.407
3.411
3.4120000000000004
3.4099999999999997
3.4079999999999995
3.405
3.401
3.3929999999999993
3.385
3.371
3.356
3.3409999999999997
3.3260000000000005
3.3069999999999995
3.2840000000000003
3.261
3.241
3.2189999999999994
3.1980000000000004
3.1770000000000005
3.159
3.1400000000000006
3.122
3.101
3.08
3.065
3.053
3.0420000000000003
3.0330000000000004
3.0279999999999996
3.025
3.0229999999999997
3.021
3.023
3.0269999999999997
3.0229999999999997
3.0180000000000002
3.0149999999999997
3.0139999999999993
3.012
3.008
3.004
3.002
3.0
2.997
2.993
2.986
2.979
2.9779999999999998
2.971
2.96
2.9450000000000003
2.928
2.916
2.9079999999999995
2.904
2.9030000000000005
2.903
2.904
2.9050000000000002
2.908
2.9080000000000004
2.9059999999999997
2.9039999999999995
2.904
2.907
2.913
2.9210000000000003
2.931
2.934
2.9339999999999997
2.9399999999999995
2.9469999999999996
2.949
2.9539999999999997
2.9560000000000004
2.956
2.955
2.9529999999999994
2.949
2.945
2.944
2.942
2.9370000000000003
2.933
2.9320000000000004
2.9299999999999997
2.9210000000000003
2.91
2.9
2.8899999999999997
2.8770000000000002
2.863
2.8479999999999994
2.832
2.82
2.809
2.801
2.7960000000000003
2.794
2.792
2.788
2.7850000000000006
2.782
2.7760000000000002
2.7710000000000004
2.7699999999999996
2.7729999999999997
2.778
2.79
2.805
2.816
2.826
2.8400000000000003
2.854
2.859
2.8589999999999995
2.8550000000000004
2.8489999999999998
2.8449999999999998
2.838
2.839
2.839
2.846
2.858
2.8709999999999996
2.885
2.903
2.9250000000000003
2.942
2.958
2.9750000000000005
2.9939999999999998
3.0060000000000007
3.011
3.021
3.032
3.045
3.057
3.0670000000000006
3.078
3.091
3.1029999999999998
3.1100000000000003
3.1200000000000006
3.1260000000000003
3.1319999999999997
3.134
3.1279999999999997
3.129
3.1330000000000005
3.142
3.154
3.1569999999999996
3.154
3.152
3.149
3.1449999999999996
3.1399999999999997
3.1300000000000003
3.113
3.0970000000000004
3.0829999999999997
3.068
3.0530000000000004
3.04
3.0279999999999996
3.0110000000000006
2.9920000000000004
2.98
2.975
2.9650000000000003
2.953
2.9429999999999996
2.9299999999999997
2.92
2.911
2.9049999999999994
2.9029999999999996
2.905
2.907
2.9
2.8930000000000002
2.892
2.896
2.8989999999999996
2.9010000000000002
2.9059999999999997
2.911
2.916
2.92
2.9229999999999996
2.928
2.9379999999999997
2.9459999999999997
2.9459999999999997
2.9440000000000004
2.942
2.9400000000000004
2.9329999999999994
2.926
2.92
2.911
2.9019999999999997
2.896
2.8869999999999996
2.8749999999999996
2.87
2.866
2.8519999999999994
2.834
2.817
2.802
2.7809999999999997
2.762
2.75
2.7409999999999997
2.736
2.7329999999999997
2.7339999999999995
2.734
2.731
2.728
2.7209999999999996
2.7119999999999997
2.703
2.6929999999999996
2.6790000000000003
2.662
2.6449999999999996
2.6279999999999997
2.614
2.6
2.5900000000000003
2.5839999999999996
2.579
2.5730000000000004
2.561
2.5480000000000005
2.538
2.528
2.517
2.503
2.4920000000000004
2.479
2.4699999999999998
2.461
2.456
2.456
2.4509999999999996
2.4429999999999996
2.428
2.41
2.3979999999999997
2.389
2.3800000000000003
2.3729999999999998
2.366
2.359
2.355
2.358
2.3609999999999998
2.363
2.3640000000000003
2.366
2.366
2.363
2.368
2.3729999999999998
2.375
2.373
2.3720000000000003
2.372
2.372
2.3729999999999998
2.374
2.3780000000000006
2.3810000000000002
2.3820000000000006
2.3760000000000003
2.3680000000000003
2.365
2.359
2.35
2.338
2.326
2.314
2.306
2.3
2.2920000000000003
2.283
2.277
2.2689999999999997
2.259
2.2499999999999996
2.2449999999999997
2.241
2.238
2.233
2.226
2.218
2.211
2.205
2.201
2.195
2.188
2.1790000000000003
2.1630000000000003
2.145
2.1350000000000002
2.126
2.121
2.1149999999999998
2.104
2.092
2.082
2.072
2.063
2.054
2.0380000000000003
2.0220000000000002
2.002
1.9809999999999999
1.962
1.946
1.9259999999999997
1.9060000000000001
1.89
1.8760000000000001
1.8679999999999999
1.8579999999999999
1.847
1.8339999999999999
1.822
1.8139999999999998
1.809
1.805
1.807
1.8120000000000003
1.814
1.8160000000000003
1.8199999999999998
1.8280000000000003
1.838
1.85
1.8609999999999998
1.873
1.883
1.8900000000000003
1.8989999999999996
1.9080000000000001
1.92
1.9300000000000002
1.9359999999999997
1.9429999999999998
1.946
1.9440000000000002
1.9430000000000003
1.942
1.9400000000000002
1.935
1.929
1.9229999999999998
1.917
1.9080000000000001
1.898
1.8870000000000002
1.8699999999999999
1.8530000000000002
1.839
1.8250000000000002
1.812
1.798
1.7859999999999998
1.773
1.7550000000000001
1.7340000000000002
1.7109999999999999
1.6909999999999998
1.6769999999999998
1.6639999999999997
1.6520000000000001
1.643
1.6360000000000001
1.628
1.6190000000000002
1.6099999999999999
1.596
1.5799999999999998
1.565
1.5519999999999998
1.5389999999999997
1.5270000000000001
1.5160000000000002
1.5060000000000002
1.499
1.493
1.483
1.4740000000000002
1.47
1.471
1.472
1.473
1.4689999999999999
1.4649999999999999
1.4640000000000002
1.466
1.4749999999999999
1.486
1.49
1.493
1.493
1.4929999999999999
1.498
1.502
1.5050000000000001
1.5070000000000001
1.506
1.503
1.5070000000000001
1.5110000000000001
1.519
1.5279999999999998
1.5390000000000001
1.547
1.555
1.563
1.565
1.5679999999999998
1.569
1.57
1.572
1.5739999999999998
1.574
1.5709999999999997
1.5660000000000003
1.5599999999999998
1.5540000000000003
1.548
1.545
1.542
1.5339999999999998
1.5210000000000001
1.506
1.488
1.4709999999999999
1.4549999999999998
1.442
1.434
1.428
1.423
1.4189999999999998
1.417
1.4189999999999998
1.42
1.424
1.428
1.4280000000000002
1.4260000000000002
1.4289999999999998
1.431
1.4309999999999998
1.433
1.4369999999999998
1.444
1.452
1.4609999999999999
1.4719999999999998
1.4829999999999999
1.4929999999999999
1.502
1.513
1.524
1.536
1.548
1.564
1.58
1.5979999999999999
1.614
1.627
1.6390000000000002
1.6489999999999998
1.657
1.6629999999999998
1.669
1.677
1.6840000000000002
1.6940000000000002
1.706
1.719
1.732
1.747
1.762
1.7710000000000001
1.78
1.786
1.79
1.7970000000000002
1.8039999999999998
1.811
1.8179999999999998
1.8240000000000003
1.83
1.837
1.845
1.8539999999999999
1.861
1.865
1.871
1.88
1.8900000000000001
1.902
1.9150000000000003
1.9279999999999997
1.9400000000000002
1.954
1.967
1.971
1.973
1.9720000000000002
1.971
1.969
1.9669999999999999
1.963
1.9600000000000002
1.9609999999999999
1.961
1.9640000000000002
1.966
1.968
1.9700000000000002
1.9640000000000002
1.9570000000000003
1.9519999999999997
1.9460000000000002
1.9409999999999998
1.9389999999999998
1.9369999999999996
1.933
1.9289999999999998
1.9260000000000002
1.926
1.927
1.928
1.9289999999999998
1.9249999999999996
1.918
1.908
1.894
1.881
1.8669999999999998
1.855
1.8419999999999999
1.8299999999999998
1.8179999999999998
1.806
1.795
1.787
1.7799999999999998
1.7699999999999998
1.76
1.753
1.7449999999999999
1.736
1.7249999999999999
1.7169999999999999
1.7099999999999997
1.7049999999999996
1.7
1.695
1.689
1.6839999999999997
1.6800000000000002
1.673
1.665
1.653
1.6430000000000002
1.634
1.623
1.613
1.604
1.5979999999999999
1.592
1.5899999999999999
1.589
1.589
1.5909999999999997
1.5889999999999997
1.5849999999999997
1.58
1.5729999999999997
1.565
1.556
1.551
1.5450000000000002
1.5399999999999996
1.537
1.5299999999999998
1.5229999999999997
1.5159999999999998
1.505
1.4929999999999999
1.48
1.4689999999999999
1.456
1.443
1.4300000000000002
1.4180000000000001
1.404
1.3940000000000001
1.3850000000000002
1.368
1.3470000000000002
1.332
1.318
1.304
1.2910000000000001
1.2890000000000001
1.291
1.292
1.2939999999999998
1.2930000000000001
1.2919999999999998
1.292
1.29
1.2810000000000001
1.2710000000000001
1.263
1.254
1.2449999999999999
1.236
1.2309999999999999
1.228
1.2249999999999999
1.222
1.2189999999999999
1.2129999999999999
1.207
1.202
1.195
1.186
1.178
1.17
1.164
1.16
1.16
1.1619999999999997
1.165
1.1689999999999996
1.168
1.1669999999999998
1.168
1.17
1.17
1.1719999999999997
1.1739999999999997
1.1759999999999997
1.1779999999999997
1.182
1.185
1.1880000000000002
1.19
1.1909999999999998
1.189
1.189
1.1880000000000002
1.1870000000000003
1.183
1.1790000000000003
1.1800000000000002
1.182
1.185
1.1880000000000002
1.19
1.1920000000000002
1.201
1.211
1.211
1.211
1.213
1.215
1.216
1.2180000000000002
1.221
1.223
1.2249999999999999
1.227
1.227
1.2280000000000002
1.229
1.231
1.2289999999999999
1.2269999999999999
1.224
1.2209999999999999
1.218
1.214
1.2129999999999999
1.211
1.208
1.205
1.2009999999999998
1.199
1.1980000000000002
1.197
1.192
1.188
1.184
1.18
1.176
1.174
1.1729999999999998
1.175
1.1749999999999998
1.175
1.1709999999999998
1.166
1.1609999999999998
1.1549999999999998
1.148
1.141
1.1380000000000001
1.135
1.1320000000000001
1.13
1.131
1.1329999999999998
1.135
1.1369999999999998
1.135
1.134
1.1370000000000002
1.14
1.1440000000000001
1.149
1.153
1.157
1.161
1.164
1.163
1.1609999999999998
1.159
1.158
1.156
1.152
1.149
1.144
1.139
1.135
1.134
1.133
1.131
1.129
1.125
1.121
1.1199999999999999
1.119
1.1159999999999999
1.114
1.113
1.112
1.1119999999999999
1.111
1.11
1.1070000000000002
1.104
1.1
1.096
1.092
1.0850000000000002
1.08
1.07
1.06
1.054
1.049
1.041
1.031
1.028
1.0250000000000001
1.023
1.023
1.0190000000000001
1.014
1.008
1.0030000000000001
0.996
0.9879999999999999
0.9849999999999999
0.9819999999999999
0.9799999999999999
0.98
0.9789999999999999
0.9769999999999999
0.9749999999999999
0.974
0.9709999999999999
0.9659999999999999
0.961
0.9579999999999999
0.957
0.9569999999999999
0.9579999999999999
0.957
0.955
0.953
0.9479999999999998
0.942
0.9359999999999999
0.9279999999999999
0.9199999999999999
0.91
0.907
0.9050000000000001
0.901
0.8970000000000001
0.895
0.8929999999999999
0.891
0.888
0.886
0.884
0.882
0.88
0.8749999999999999
0.868
0.862
0.856
0.85
0.844
0.8410000000000001
0.8399999999999999
0.8390000000000001
0.8379999999999999
0.835
0.832
0.829
0.8260000000000001
0.8200000000000002
0.8140000000000002
0.8140000000000002
0.8160000000000001
0.8170000000000001
0.8170000000000002
0.8160000000000002
0.8150000000000002
0.8150000000000001
0.8150000000000002
0.8120000000000002
0.8060000000000002
0.8010000000000002
0.797
0.7930000000000001
0.7900000000000001
0.7890000000000001
0.7860000000000001
0.7820000000000001
0.779
0.775
0.7680000000000001
0.761
0.7540000000000001
0.7460000000000001
0.7380000000000001
0.7330000000000001
0.729
0.726
0.723
0.72
0.717
0.714
0.7100000000000001
0.71
0.709
0.7070000000000001
0.705
0.7
0.693
0.688
0.6829999999999999
0.675
0.665
0.659
0.655
0.651
0.646
0.64
0.634
0.628
0.621
0.612
0.603
0.599
0.5960000000000001
0.595
0.5940000000000001
0.597
0.6020000000000001
0.607
0.61
0.609
0.607
0.605
0.603
0.603
0.603
0.607
0.6110000000000001
0.6160000000000001
0.6210000000000001
0.627
0.632
0.6360000000000001
0.638
0.6380000000000001
0.6390000000000001
0.6400000000000001
0.6420000000000001
0.644
0.646
0.648
0.6499999999999999
0.6509999999999999
0.6519999999999999
0.6559999999999999
0.6619999999999999
0.6689999999999999
0.6759999999999999
0.6779999999999999
0.6799999999999999
0.6819999999999999
0.6819999999999999
0.6809999999999999
0.6789999999999999
0.6779999999999999
0.6759999999999999
0.6739999999999999
0.6719999999999999
0.6719999999999999
0.6719999999999999
0.6709999999999999
0.6689999999999999
0.6659999999999999
0.6629999999999999
0.6609999999999999
0.6589999999999999
0.6559999999999999
0.6529999999999999
0.6529999999999999
0.6559999999999999
0.6589999999999999
0.6619999999999999
0.6649999999999999
0.6669999999999999
0.6689999999999999
0.6709999999999999
0.6679999999999999
0.6639999999999999
0.6619999999999999
0.6599999999999999
0.6599999999999999
0.6619999999999999
0.6639999999999999
0.6689999999999999
0.6719999999999999
0.6749999999999999
0.6769999999999999
0.6789999999999999
0.6809999999999999
0.6829999999999999
0.6819999999999999
0.6799999999999999
0.676
0.672
0.667
0.661
0.659
0.658
0.659
0.66
0.663
0.666
0.669
0.67
0.668
0.6669999999999999
0.6649999999999999
0.664
0.6629999999999999
0.662
0.66
0.657
0.6549999999999999
0.653
0.65
0.6459999999999999
0.64
0.633
0.625
0.618
0.614
0.61
0.607
0.604
0.598
0.592
0.589
0.586
0.583
0.579
0.574
0.569
0.563
0.5569999999999999
0.5559999999999999
0.5539999999999999
0.5519999999999999
0.5489999999999999
0.5439999999999999
0.539
0.534
0.5290000000000001
0.524
0.52
0.516
0.5110000000000001
0.5050000000000001
0.49900000000000005
0.49800000000000005
0.49700000000000005
0.49700000000000005
0.49600000000000005
0.49200000000000005
0.48900000000000005
0.48800000000000004
0.48700000000000004
0.48500000000000004
0.48300000000000004
0.48200000000000004
0.48100000000000004
0.48000000000000004
0.47900000000000004
0.48200000000000004
0.48500000000000004
0.48700000000000004
0.48899999999999993
0.48999999999999994
0.49099999999999994
0.49199999999999994
0.49099999999999994
0.49099999999999994
0.48999999999999994
0.48999999999999994
0.49099999999999994
0.48999999999999994
0.49099999999999994
0.49599999999999994
0.501
0.507
0.513
0.514
0.513
0.511
0.506
0.502
0.49699999999999994
0.49199999999999994
0.48699999999999993
0.48200000000000004
0.47700000000000004
0.47500000000000003
0.47300000000000003
0.47200000000000003
0.4709999999999999
0.4679999999999999
0.4659999999999999
0.4629999999999999
0.4599999999999999
0.4539999999999999
0.44799999999999995
0.44200000000000006
0.43600000000000005
0.43000000000000005
0.42400000000000004
0.42100000000000004
0.417
0.41600000000000004
0.41400000000000003
0.41100000000000003
0.40800000000000003
0.40700000000000003
0.405
0.401
0.3970000000000001
0.39300000000000007
0.38900000000000007
0.38500000000000006
0.382
0.379
0.375
0.371
0.368
0.363
0.358
0.354
0.35
0.345
0.34099999999999997
0.336
0.332
0.329
0.326
0.324
0.322
0.319
0.316
0.312
0.30800000000000005
0.30600000000000005
0.30400000000000005
0.30300000000000005
0.30100000000000005
0.29800000000000004
0.29400000000000004
0.29000000000000004
0.28600000000000003
0.28200000000000003
0.278
0.275
0.272
0.269
0.266
0.266
0.267
0.267
0.267
0.268
0.269
0.269
0.27
0.27
0.27
0.268
0.266
0.262
0.258
0.256
0.255
0.255
0.255
0.255
0.256
0.257
0.259
0.262
0.263
0.262
0.26
0.256
0.252
0.251
0.25
0.25
0.25
0.252
0.254
0.256
0.258
0.26
0.262
0.263
0.264
0.263
0.262
0.263
0.263
0.263
0.265
0.266
0.268
0.27
0.27199999999999996
0.27499999999999997
0.278
0.281
0.28500000000000003
0.29000000000000004
0.29500000000000004
0.29900000000000004
0.30300000000000005
0.30700000000000005
0.31100000000000005
0.31300000000000006
0.31500000000000006
0.31600000000000006
0.31700000000000006
0.31800000000000006
0.31800000000000006
0.31900000000000006
0.32100000000000006
0.32300000000000006
0.32499999999999996
0.32899999999999996
0.33299999999999996
0.33799999999999997
0.34299999999999997
0.349
0.354
0.35799999999999993
0.36199999999999993
0.36299999999999993
0.36499999999999994
0.36699999999999994
0.36899999999999994
0.37099999999999994
0.37299999999999994
0.37499999999999994
0.37699999999999995
0.37899999999999995
0.38099999999999995
0.38099999999999995
0.38099999999999995
0.38199999999999995
0.38299999999999995
0.38399999999999995
0.385
0.387
0.389
0.39
0.392
0.394
0.396
0.398
0.398
0.396
0.394
0.392
0.39
0.387
0.383
0.381
0.379
0.377
0.375
0.37600000000000006
0.37700000000000006
0.37700000000000006
0.37600000000000006
0.37300000000000005
0.37000000000000005
0.36500000000000005
0.35900000000000004
0.35200000000000004
0.343
0.335
0.327
0.32
0.31400000000000006
0.31100000000000005
0.30800000000000005
0.30500000000000005
0.30300000000000005
0.30100000000000005
0.29900000000000004
0.29600000000000004
0.29300000000000004
0.28900000000000003
0.28700000000000003
0.28500000000000003
0.28300000000000003
0.281
0.28
0.278
0.277
0.276
0.275
0.272
0.267
0.265
0.262
0.26
0.258
0.255
0.252
0.249
0.245
0.241
0.237
0.235
0.23299999999999998
0.23099999999999998
0.22899999999999998
0.22999999999999998
0.23199999999999998
0.238
0.245
0.253
0.261
0.269
0.27599999999999997
0.27999999999999997
0.283
0.284
0.285
0.286
0.288
0.289
0.29
0.293
0.297
0.303
0.307
0.31
0.313
0.316
0.319
0.321
0.323
0.325
0.32699999999999996
0.33
0.333
0.336
0.339
0.34
0.342
0.343
0.34400000000000003
0.34400000000000003
0.343
0.341
0.339
0.337
0.335
0.335
0.335
0.335
0.335
0.336
0.337
0.335
0.333
0.331
0.33
0.329
0.328
0.327
0.326
0.326
0.327
0.329
0.331
0.331
0.331
0.331
0.331
0.331
0.331
0.33
0.329
0.328
0.326
0.324
0.322
0.32
0.318
0.317
0.314
0.31100000000000005
0.30800000000000005
0.30500000000000005
0.30300000000000005
0.30300000000000005
0.30200000000000005
0.30100000000000005
0.30000000000000004
0.30100000000000005
0.30200000000000005
0.30200000000000005
0.30300000000000005
0.30300000000000005
0.30300000000000005
0.30300000000000005
0.30300000000000005
0.30300000000000005
0.30300000000000005
0.30200000000000005
0.30100000000000005
0.30100000000000005
0.30100000000000005
0.30200000000000005
0.30300000000000005
0.30500000000000005
0.30600000000000005
0.30300000000000005
0.29900000000000004
0.29400000000000004
0.289
0.28400000000000003
0.28
0.279
0.278
0.279
0.28
0.278
0.277
0.276
0.275
0.273
0.271
0.269
0.268
0.269
0.27
0.271
0.27199999999999996
0.27399999999999997
0.277
0.277
0.277
0.277
0.278
0.27599999999999997
0.27399999999999997
0.27299999999999996
0.27099999999999996
0.268
0.265
0.263
0.262
0.262
0.262
0.262
0.262
0.262
0.263
0.262
0.261
0.26
0.259
0.261
0.263
0.266
0.268
0.26999999999999996
0.27199999999999996
0.27299999999999996
0.27399999999999997
0.27399999999999997
0.27299999999999996
0.27199999999999996
0.27099999999999996
0.27099999999999996
0.27099999999999996
0.27099999999999996
0.27099999999999996
0.27099999999999996
0.27099999999999996
0.27099999999999996
0.27099999999999996
0.27099999999999996
0.27099999999999996
0.27099999999999996
0.27099999999999996
0.27099999999999996
0.27099999999999996
0.27099999999999996
0.27199999999999996
0.27299999999999996
0.27399999999999997
0.27499999999999997
0.27399999999999997
0.27399999999999997
0.27399999999999997
0.27399999999999997
0.27399999999999997
0.27399999999999997
0.27399999999999997
0.27399999999999997
0.27399999999999997
0.27399999999999997
0.27399999999999997
0.27499999999999997
0.276
0.27799999999999997
0.28
0.281
0.28200000000000003
0.282
0.28200000000000003
0.28
0.278
0.274
0.27
0.267
0.264
0.261
0.258
0.255
0.252
0.249
0.246
0.242
0.238
0.23400000000000004
0.22900000000000004
0.22300000000000003
0.21700000000000003
0.21100000000000002
0.20500000000000002
0.199
0.193
0.186
0.17900000000000002
0.17200000000000001
0.165
0.159
0.152
0.14800000000000002
0.14400000000000002
0.14
0.136
0.135
0.134
0.134
0.135
0.137
0.139
0.141
0.142
0.143
0.144
0.144
0.144
0.14500000000000002
0.14500000000000002
0.14700000000000002
0.14900000000000002
0.15100000000000002
0.15300000000000002
0.15400000000000003
0.15500000000000003
0.15500000000000003
0.155
0.154
0.153
0.153
0.15300000000000002
0.15300000000000002
0.15299999999999997
0.15299999999999997
0.15299999999999997
0.15399999999999997
0.15499999999999997
0.15599999999999997
0.15699999999999997
0.15799999999999997
0.15899999999999997
0.15999999999999998
0.16099999999999998
0.16199999999999998
0.16299999999999998
0.16399999999999998
0.16599999999999998
0.168
0.17
0.17200000000000001
0.17300000000000001
0.17400000000000002
0.17500000000000002
0.17600000000000002
0.17700000000000002
0.17800000000000002
0.17900000000000002
0.18000000000000002
0.18100000000000002
0.18200000000000002
0.183
0.185
0.187
0.189
0.191
0.192
0.193
0.193
0.193
0.192
0.191
0.19
0.189
0.188
0.187
0.188
0.19
0.192
0.194
0.196
0.198
0.19999999999999998
0.20099999999999998
0.20099999999999998
0.20199999999999999
0.20299999999999999
0.204
0.207
0.209
0.212
0.215
0.21799999999999997
0.21999999999999997
0.22199999999999998
0.22399999999999998
0.22499999999999998
0.22599999999999998
0.22599999999999998
0.22599999999999998
0.22599999999999998
0.22599999999999998
0.22599999999999998
0.22599999999999998
0.22599999999999998
0.22499999999999998
0.22399999999999998
0.22299999999999998
0.22099999999999997
0.21799999999999997
0.21499999999999997
0.21199999999999997
0.209
0.206
0.20299999999999999
0.20099999999999998
0.19999999999999998
0.19899999999999998
0.19699999999999998
0.19499999999999998
0.193
0.191
0.189
0.187
0.186
0.185
0.184
0.183
0.183
0.18299999999999997
0.18299999999999997
0.18299999999999997
0.18399999999999997
0.18499999999999997
0.18599999999999997
0.18799999999999997
0.18799999999999997
0.18799999999999997
0.18699999999999997
0.18599999999999997
0.18499999999999997
0.18399999999999997
0.18299999999999997
0.18199999999999997
0.18099999999999997
0.17999999999999997
0.17899999999999996
0.17699999999999996
0.17499999999999996
0.173
0.17099999999999999
0.16999999999999998
0.16899999999999998
0.16799999999999998
0.16799999999999998
0.16799999999999998
0.16799999999999998
0.16799999999999998
0.16899999999999998
0.16999999999999998
0.17099999999999999
0.172
0.172
0.17099999999999999
0.16799999999999998
0.16499999999999998
0.16299999999999998
0.16099999999999998
0.15899999999999997
0.15699999999999997
0.15699999999999997
0.15699999999999997
0.15699999999999997
0.15699999999999997
0.15699999999999997
0.15699999999999997
0.15699999999999997
0.15599999999999997
0.15499999999999997
0.15399999999999997
0.15199999999999997
0.14999999999999997
0.14799999999999996
0.14600000000000002
0.14500000000000002
0.14300000000000002
0.14100000000000001
0.139
0.137
0.135
0.133
0.131
0.129
0.127
0.124
0.121
0.119
0.11699999999999999
0.11599999999999999
0.11500000000000002
0.11400000000000002
0.11300000000000002
0.11200000000000002
0.11100000000000002
0.11000000000000001
0.10900000000000001
0.10900000000000001
0.10900000000000001
0.11000000000000001
0.11100000000000002
0.11200000000000002
0.113
0.114
0.115
0.116
0.116
0.117
0.11800000000000001
0.117
0.117
0.117
0.117
0.117
0.117
0.117
0.11800000000000001
0.119
0.12000000000000001
0.12100000000000001
0.12200000000000001
0.12300000000000001
0.12400000000000001
0.12400000000000001
0.125
0.125
0.12400000000000001
0.125
0.126
0.128
0.13
0.132
0.134
0.136
0.14
0.14400000000000002
0.14800000000000002
0.15200000000000002
0.156
0.16
0.164
0.168
0.171
0.17300000000000001
0.17500000000000002
0.17600000000000002
0.17800000000000002
0.17900000000000002
0.18000000000000002
0.18000000000000002
0.18000000000000002
0.18000000000000002
0.18000000000000002
0.18000000000000002
0.18000000000000002
0.18200000000000002
0.18400000000000002
0.18500000000000003
0.18600000000000003
0.18800000000000003
0.19000000000000003
0.19200000000000003
0.194
0.194
0.194
0.194
0.193
0.19100000000000003
0.18900000000000003
0.18700000000000003
0.18500000000000003
0.18400000000000002
0.18300000000000002
0.18200000000000002
0.18100000000000002
0.18000000000000002
0.17900000000000002
0.17800000000000002
0.17700000000000002
0.17600000000000002
0.17500000000000002
0.17400000000000002
0.17300000000000001
0.17200000000000001
0.171
0.171
0.171
0.171
0.171
0.171
0.171
0.171
0.171
0.171
0.171
0.171
0.171
0.17
0.169
0.168
0.167
0.166
0.165
0.164
0.163
0.162
0.161
0.159
0.157
0.157
0.156
0.155
0.154
0.153
0.152
0.15
0.14700000000000002
0.14400000000000002
0.14100000000000001
0.138
0.135
0.132
0.13
0.129
0.127
0.126
0.125
0.123
0.12100000000000001
0.11900000000000001
0.117
0.115
0.113
0.112
0.109
0.106
0.103
0.10099999999999999
0.099
0.095
0.09200000000000001
0.08800000000000001
0.084
0.081
0.07800000000000001
0.07500000000000001
0.07100000000000001
0.06799999999999999
0.065
0.062
0.059
0.056
0.053
0.049999999999999996
0.047
0.044000000000000004
0.041
0.038
0.035
0.031
0.026999999999999996
0.023
0.019000000000000003
0.017
0.015000000000000001
0.014
0.014
0.014
0.014
0.014
0.014
0.014
0.014
0.014
0.014
0.014
0.014
0.014
0.014
0.014
0.014
0.014
0.014
0.014
0.014
0.014
0.014
0.014
0.014
0.014
0.014
0.014
0.014
0.014
0.014
0.015
0.016
0.017
0.018000000000000002
0.019
0.02
0.021
0.022
0.022
0.022
0.022
0.022
0.022
0.022
0.022
0.022
0.022
0.023
0.024
0.024999999999999998
0.024999999999999998
0.024999999999999998
0.024999999999999998
0.024999999999999998
0.024999999999999998
0.024999999999999998
0.024999999999999998
0.024
0.023
0.022
0.021
0.02
0.02
0.02
0.02
0.02
0.02
0.02
0.019
0.018
0.017
0.016
0.013999999999999999
0.012
0.012
0.011
0.011
0.011
0.011
0.011
0.011
0.012
0.013000000000000001
0.013999999999999999
0.015
0.016
0.017
0.019
0.021
0.023
0.024999999999999998
0.027
0.028
0.029
0.029
0.029
0.029
0.029
0.029
0.029
0.029
0.029
0.029
0.030000000000000002
0.031
0.032
0.033
0.034
0.035
0.036000000000000004
0.037000000000000005
0.038000000000000006
0.03900000000000001
0.04100000000000001
0.042
0.043000000000000003
0.044000000000000004
0.045000000000000005
0.046000000000000006
0.04700000000000001
0.04700000000000001
0.04700000000000001
0.04700000000000001
0.04700000000000001
0.04700000000000001
0.04700000000000001
0.04800000000000001
0.049
0.051000000000000004
0.053000000000000005
0.054000000000000006
0.05500000000000001
0.05600000000000001
0.057
0.057
0.057
0.057
0.057
0.057999999999999996
0.059
0.061
0.063
0.063
0.063
0.063
0.063
0.063
0.062
0.061
0.06
0.06
0.06
0.06
0.06
0.06
0.06
0.06
0.06
0.06
0.06
0.06
0.06
0.06
0.06
0.06
0.06
0.06
0.06
0.06
0.06
0.06
0.06
0.06
0.06
0.06
0.06
0.06
0.06
0.06
0.06
0.06
0.059
0.057999999999999996
0.056999999999999995
0.05600000000000001
0.05500000000000001
0.054000000000000006
0.052000000000000005
0.05
0.048
0.046
0.044
0.043000000000000003
0.042
0.042
0.042
0.042
0.042
0.042
0.042
0.042
0.042
0.042
0.041
0.04
0.03900000000000001
0.038000000000000006
0.037000000000000005
0.037000000000000005
0.037000000000000005
0.037000000000000005
0.037000000000000005
0.037000000000000005
0.036000000000000004
0.035
0.034
0.033
0.032
0.031000000000000003
0.030000000000000002
0.031000000000000003
0.032
0.033
0.034
0.035
0.036000000000000004
0.036000000000000004
0.036000000000000004
0.034
0.032
0.03
0.028000000000000004
0.026000000000000002
0.024
0.023
0.022
0.021
0.02
0.019
0.018000000000000002
0.016
0.014
0.014
0.014
0.014
0.014
0.014
0.014
0.015000000000000001
0.016
0.017
0.018000000000000002
0.019000000000000003
0.02
0.021
0.022
0.023
0.024
0.025
0.027000000000000003
0.029000000000000005
0.031000000000000003
0.033
0.034999999999999996
0.037
0.039
0.041
0.043000000000000003
0.045
0.048
0.05
0.052000000000000005
0.053000000000000005
0.054000000000000006
0.05500000000000001
0.055999999999999994
0.056999999999999995
0.057999999999999996
0.059
0.06
0.061
0.062
0.062
0.062
0.062
0.062
0.062
0.062
0.062
0.062
0.062
0.062
0.062
0.062
0.062
0.062
0.062
0.062
0.062
0.062
0.062
0.062
0.062
0.062
0.062
0.062
0.062
0.062
0.061
0.06000000000000001
0.05900000000000001
0.05800000000000001
0.05700000000000001
0.05600000000000001
0.05600000000000001
0.05600000000000001
0.05600000000000001
0.05600000000000001
0.05600000000000001
0.05600000000000001
0.05500000000000001
0.054000000000000006
0.053000000000000005
0.052000000000000005
0.051000000000000004
0.05
0.049
0.048
0.048
0.048
0.048
0.048
0.048
0.048
0.048
0.048
0.048
0.048
0.048
0.048
0.048
0.048
0.048
0.048
0.048
0.048
0.048
0.048
0.047
0.046
0.045
0.044
0.043
0.041999999999999996
0.040999999999999995
0.039999999999999994
0.03899999999999999
0.038000000000000006
0.037000000000000005
0.035
0.033
0.031
0.028999999999999998
0.026999999999999996
0.025
0.023
0.021
0.019000000000000003
0.017
0.014
0.012
0.01
0.009
0.008
0.007000000000000001
0.006
0.005
0.004
0.003
0.002
0.001
0.0
0.0
0.0
0.0
0.0
0.0
0.0
0.0
0.0
0.0
0.0
0.0
0.0
0.0
0.0
0.0
0.0
0.0
0.001
0.002
0.003
0.003
0.003
0.003
0.003
0.003
0.003
0.003
0.003
0.003
0.003
0.003
0.003
0.003
0.003
0.003
0.003
0.003
0.003
0.003
0.003
0.003
0.003
0.003
0.003
0.003
0.003
0.003
0.003
0.003
0.003
0.003
0.003
0.004
0.005
0.006
0.007
0.008
0.009000000000000001
0.010000000000000002
0.011
0.011
0.011
0.011
0.011
0.011
0.011
0.011
0.011
0.011
0.011
0.011
0.011
0.011
0.011
0.011
0.011
0.011
0.011
0.011
0.011
0.011
0.011
0.011
0.011
0.011
0.011
0.011
0.011
0.011
0.011
0.011
0.011
0.011
0.011
0.011
0.011
0.011
0.011
0.011
0.011
0.011
0.011
0.011
0.011
0.011
0.011
0.011
0.011
0.011
0.011
0.011
0.011
0.011
0.011
0.011
0.011
0.011
0.01
0.009000000000000001
0.008
0.008
0.008
0.008
0.008
0.008
0.008
0.008
0.008
0.009
0.01
0.011
0.012
0.013000000000000001
0.014000000000000002
0.015
0.016
0.017
0.018
0.018
0.018
0.018
0.018
0.018
0.018
0.018
0.018
0.018
0.018
0.018
0.018
0.018
0.018
0.017
0.016
0.015
0.014000000000000002
0.013000000000000001
0.012
0.011
0.01
0.01
0.01
0.01
0.01
0.01
0.01
0.01
0.01
0.01
0.01
0.01
0.01
0.01
0.01
0.01
0.01
0.011
0.012
0.012
0.012
0.012
0.012
0.012
0.012
0.012
0.012
0.012
0.012
0.012
0.012
0.012
0.012
0.012
0.012
0.012
0.012
0.012
0.012
0.012
0.012
0.012
0.012
0.012
0.012
0.012
0.012
0.012
0.012
0.012
0.012
0.012
0.012
0.012
0.012
0.012
0.012
0.012
0.012
0.012
0.012
0.012
0.012
0.012
0.012
0.012
0.012
0.012
0.012
0.011
0.01
0.009000000000000001
0.008
0.007
0.006
0.005
0.004
0.003
0.002
0.002
0.002
0.002
0.002
0.002
0.002
0.002
0.002
0.002
0.002
0.002
0.002
0.002
0.002
0.002
0.002
0.002
0.002
0.002
0.002
0.002
0.002
0.002
0.002
0.002
0.002
0.002
0.002
0.002
0.002
0.002
0.002
0.002
0.002
0.002
0.002
0.002
0.002
0.001
0.0
0.0
0.0
0.0
0.0
0.0
0.0
0.0
0.0
0.0
0.0
0.0
0.0
0.0
0.0
0.0
0.0
0.0
0.0
0.0
0.0
0.0
0.0
0.0
0.0
0.0
0.0
0.0
0.0
0.0
0.0
0.0
0.0
0.0
0.0
0.0
0.0
0.0
0.0
0.0
0.0
0.0
0.0
0.0
0.0
0.0
0.0
0.0
0.0
0.0
0.0
0.0
0.0
0.0
0.0
0.0
0.0
0.0
0.0
0.0
0.0
0.0
0.0
0.0
0.0
0.0
0.0
0.0
0.0
0.0
0.0
0.0
0.0
0.0
0.0
0.0
0.0
0.0
0.0
0.0
0.0
0.0
0.0
0.0
0.0
0.0
0.0
0.0
0.0
0.0
0.0
0.0
0.0
0.001
0.002
0.003
0.004
0.005
0.006
0.007000000000000001
0.008
0.009
0.01
0.01
0.01
0.01
0.01
0.01
0.01
0.01
0.01
0.01
0.01
0.01
0.01
0.01
0.01
0.01
0.01
0.01
0.01
0.01
0.01
0.01
0.01
0.01
0.01
0.01
0.01
0.01
0.01
0.01
0.01
0.01
0.01
0.01
0.01
0.01
0.01
0.01
0.01
0.01
0.01
0.01
0.01
0.01
0.01
0.01
0.01
0.01
0.01
0.01
0.01
0.01
0.01
0.01
0.01
0.01
0.01
0.01
0.01
0.01
0.01
0.01
0.01
0.01
0.01
0.01
0.01
0.01
0.01
0.01
0.01
0.01
0.01
0.01
0.01
0.01
0.01
0.01
0.01
0.01
0.01
0.01
0.01
0.01
0.01
0.01
0.01
0.01
0.01
0.01
0.01
0.009
0.008
0.007000000000000001
0.006
0.005
0.004
0.003
0.002
0.001
0.0
0.0
0.0
0.0
0.0
0.0
0.0
0.0
0.0
0.0
0.0
0.0
0.0
0.0
0.0
0.0
0.0
0.0
0.0
0.0
0.0
0.0
0.0
0.0
0.0
0.0
0.0
0.0
0.0
0.0
0.0
0.0
0.0
0.0
0.0
0.0
0.0
0.0
0.0
0.0
0.0
0.0
0.0
0.0
0.0
0.0
0.0
0.0
0.0
0.0
0.0
0.0
0.0
0.0
0.0
0.0
0.0
0.0
0.0
0.0
0.0
0.0
0.0
0.0
0.0
0.0
0.0
0.0
0.0
0.0
0.0
0.0
0.0
0.0
0.0
0.0
0.0
0.0
0.0
0.0
0.0
0.0
0.0
0.0
0.0
0.0
0.0
0.0
0.0
0.0
0.0
0.0
0.0
0.0
0.0
0.0
0.0
0.0
0.0
0.0
0.0
0.0
0.0
0.0
0.0
0.0
0.0
0.0
0.0
0.0
0.0
0.0
0.0
0.0
0.0
0.0
0.0
0.0
0.0
0.0
0.001
0.002
0.003
0.004
0.005
0.006
0.007000000000000001
0.007000000000000001
0.007000000000000001
0.007000000000000001
0.007000000000000001
0.007000000000000001
0.007000000000000001
0.007000000000000001
0.007000000000000001
0.007000000000000001
0.007000000000000001
0.007000000000000001
0.007000000000000001
0.007000000000000001
0.007000000000000001
0.007000000000000001
0.007000000000000001
0.007000000000000001
0.007000000000000001
0.007000000000000001
0.007000000000000001
0.007000000000000001
0.007000000000000001
0.007000000000000001
0.007000000000000001
0.007000000000000001
0.007000000000000001
0.007000000000000001
0.007000000000000001
0.007000000000000001
