0.11000000000000001
0.11399999999999999
0.12
0.126
0.133
0.14100000000000001
0.15
0.159
0.169
0.17700000000000002
0.185
0.191
0.19699999999999998
0.20199999999999999
0.207
0.211
0.216
0.222
0.228
0.23500000000000001
0.24200000000000002
0.249
0.256
0.264
0.273
0.281
0.28900000000000003
0.29600000000000004
0.30400000000000005
0.31100000000000005
0.31800000000000006
0.326
0.334
0.343
0.35400000000000004
0.366
0.37799999999999995
0.39199999999999996
0.40599999999999997
0.42
0.436
0.453
0.47100000000000003
0.48300000000000004
0.49699999999999994
0.5129999999999999
0.5309999999999999
0.5479999999999999
0.563
0.577
0.5919999999999999
0.6079999999999999
0.6289999999999999
0.649
0.6709999999999999
0.6970000000000001
0.7239999999999999
0.7449999999999999
0.765
0.7849999999999999
0.807
0.8280000000000001
0.8510000000000001
0.8739999999999999
0.8999999999999998
0.9169999999999999
0.9329999999999999
0.949
0.965
0.983
1.0
1.015
1.03
1.0439999999999998
1.059
1.073
1.091
1.1099999999999999
1.129
1.14
1.152
1.1660000000000001
1.18
1.195
1.2129999999999999
1.23
1.2479999999999998
1.265
1.284
1.3059999999999998
1.3279999999999998
1.3529999999999998
1.38
1.4049999999999998
1.4289999999999998
1.4529999999999998
1.477
1.503
1.5270000000000004
1.549
1.5720000000000003
1.5950000000000002
1.6150000000000002
1.63
1.643
1.657
1.6700000000000002
1.681
1.6920000000000002
1.705
1.7180000000000002
1.733
1.749
1.766
1.786
1.8039999999999998
1.8210000000000002
1.833
1.8459999999999999
1.86
1.875
1.8880000000000001
1.9030000000000002
1.913
1.923
1.936
1.9500000000000002
1.9629999999999999
1.9759999999999998
1.99
2.0040000000000004
2.018
2.034
2.0509999999999997
2.067
2.079
2.091
2.104
2.118
2.133
2.146
2.1569999999999996
2.167
2.177
2.187
2.194
2.199
2.202
2.21
2.219
2.228
2.2359999999999998
2.2430000000000003
2.254
2.265
2.272
2.2800000000000002
2.2929999999999997
2.31
2.328
2.344
2.36
2.3779999999999997
2.395
2.411
2.435
2.467
2.4939999999999998
2.5200000000000005
2.537
2.553
2.5629999999999997
2.5730000000000004
2.582
2.593
2.606
2.617
2.625
2.6329999999999996
2.651
2.6710000000000003
2.692
2.719
2.743
2.7640000000000007
2.7790000000000004
2.798
2.8149999999999995
2.829
2.8409999999999997
2.8550000000000004
2.871
2.888000000000001
2.905
2.9250000000000003
2.946999999999999
2.9740000000000006
2.992
3.0099999999999993
3.0269999999999997
3.0429999999999997
3.0559999999999996
3.073
3.092
3.113
3.137
3.1630000000000003
3.1949999999999994
3.2270000000000003
3.261
3.2939999999999996
3.3259999999999996
3.3539999999999996
3.3789999999999996
3.403
3.4260000000000006
3.448
3.473
3.4970000000000003
3.521
3.546
3.573
3.602
3.6350000000000002
3.669
3.7009999999999996
3.7340000000000004
3.765
3.7990000000000004
3.8289999999999997
3.858
3.885
3.913
3.938
3.964
3.992000000000001
4.022
4.0489999999999995
4.078
4.105
4.133
4.159000000000001
4.189
4.220999999999999
4.254
4.292000000000001
4.333
4.380000000000001
4.430999999999999
4.48
4.528
4.571000000000001
4.61
4.643
4.671
4.696000000000001
4.718999999999999
4.7379999999999995
4.751
4.766
4.7829999999999995
4.803
4.826
4.8500000000000005
4.875
4.902
4.927000000000001
4.953999999999999
4.9799999999999995
5.003
5.025
5.049
5.0729999999999995
5.103
5.134
5.1690000000000005
5.206
5.246999999999999
5.289
5.3229999999999995
5.353
5.384
5.409
5.428
5.447999999999999
5.473
5.492999999999999
5.5200000000000005
5.551
5.585
5.619
5.645
5.667000000000001
5.685999999999999
5.699
5.717
5.734000000000001
5.749999999999999
5.768
5.787
5.802
5.822
5.842
5.868
5.896999999999999
5.920999999999999
5.943999999999999
5.959
5.970999999999998
5.979
5.989
6.000000000000001
6.016
6.0329999999999995
6.045000000000002
6.061
6.082
6.106000000000001
6.132000000000001
6.1530000000000005
6.176000000000001
6.197
6.218000000000001
6.2410000000000005
6.268000000000001
6.295999999999999
6.324000000000002
6.359000000000001
6.392
6.4319999999999995
6.474
6.525
6.576999999999999
6.628
6.675999999999999
6.715
6.751
6.779000000000001
6.803
6.826000000000001
6.851
6.874999999999999
6.893
6.920000000000001
6.944
6.9670000000000005
6.990999999999999
7.008000000000001
7.0169999999999995
7.0230000000000015
7.026999999999999
7.033000000000001
7.040999999999999
7.045000000000001
7.056
7.07
7.086
7.111000000000001
7.140000000000001
7.167999999999999
7.199000000000001
7.224
7.243
7.255
7.269
7.284000000000001
7.298000000000001
7.311999999999999
7.332
7.362
7.390000000000001
7.421
7.457
7.487
7.515000000000001
7.541
7.568999999999999
7.592000000000001
7.613
7.6370000000000005
7.661
7.677999999999999
7.697000000000001
7.728999999999999
7.7620000000000005
7.801999999999999
7.840999999999999
7.876000000000001
7.911999999999999
7.949999999999999
7.986999999999999
8.023000000000001
8.059
8.1
8.148000000000001
8.19
8.234000000000002
8.291
8.347
8.403
8.466
8.527999999999999
8.591
8.653
8.71
8.758
8.803
8.844
8.886999999999999
8.932
8.977
9.027999999999999
9.08
9.14
9.204999999999998
9.278
9.353000000000002
9.426
9.498999999999999
9.578
9.658000000000001
9.731000000000002
9.790000000000001
9.833000000000002
9.87
9.907999999999998
9.949
9.987
10.023000000000001
10.058
10.097000000000001
10.133999999999999
10.17
10.203999999999999
10.248000000000001
10.294
10.334000000000001
10.380999999999997
10.43
10.479000000000003
10.527
10.575
10.623
10.668
10.717
10.768000000000002
10.809999999999999
10.855
10.902999999999999
10.954
11.001999999999999
11.052
11.103000000000002
11.164000000000001
11.225999999999999
11.295
11.362
11.424
11.483999999999998
11.538
11.581000000000001
11.626
11.671
11.716999999999999
11.754999999999999
11.783
11.809000000000001
11.84
11.866
11.89
11.916
11.944000000000003
11.969999999999999
11.994000000000002
12.018
12.043999999999999
12.065000000000001
12.093000000000002
12.126999999999999
12.165000000000001
12.205
12.248
12.293999999999999
12.331000000000001
12.363000000000001
12.391
12.424000000000001
12.458000000000002
12.494
12.520000000000001
12.547
12.58
12.617
12.651
12.682999999999998
12.706999999999999
12.726999999999999
12.74
12.751000000000001
12.763999999999998
12.771999999999998
12.782
12.791999999999998
12.799999999999999
12.815000000000001
12.844
12.881999999999998
12.932
12.986000000000002
13.042000000000002
13.095
13.137
13.175
13.203000000000003
13.227
13.244
13.255999999999998
13.266
13.274999999999997
13.279
13.283999999999999
13.297
13.323
13.369
13.42
13.465999999999998
13.509
13.553999999999998
13.601999999999999
13.644000000000002
13.684999999999999
13.718
13.753
13.8
13.838000000000001
13.888999999999998
13.956000000000001
14.023000000000001
14.090999999999998
14.157000000000002
14.225999999999999
14.300999999999998
14.379
14.454000000000002
14.523999999999997
14.583
14.642
14.694999999999997
14.744000000000002
14.791999999999998
14.848999999999998
14.902999999999999
14.956999999999999
15.007000000000001
15.056000000000001
15.100000000000001
15.148
15.197000000000003
15.243000000000002
15.287
15.341
15.397
15.451999999999998
15.508
15.563999999999998
15.621
15.676
15.723999999999998
15.771999999999998
15.812999999999997
15.846
15.875999999999998
15.906
15.941
15.979000000000003
16.011999999999997
16.05
16.09
16.133
16.175
16.218999999999998
16.27
16.321
16.375
16.433
16.490000000000002
16.548
16.599
16.641
16.688
16.737000000000002
16.79
16.852999999999998
16.916
16.975
17.046
17.124000000000002
17.206
17.290999999999997
17.373
17.464000000000002
17.551
17.628999999999998
17.709
17.784999999999997
17.868
17.951
18.03
18.112000000000002
18.195
18.291999999999998
18.385
18.472
18.561000000000003
18.651999999999997
18.731
18.802000000000003
18.868
18.933000000000003
19.008
19.08
19.154999999999998
19.231
19.297
19.354
19.410999999999998
19.467000000000002
19.525000000000002
19.584
19.649
19.709000000000003
19.772
19.834999999999997
19.896
19.96
20.006999999999998
20.031000000000002
20.048000000000002
20.063
20.075
20.078999999999997
20.074999999999996
20.072
20.067000000000004
20.067
20.076000000000004
20.091
20.12
20.153000000000002
20.186
20.215999999999998
20.262999999999998
20.318
20.383000000000003
20.445999999999998
20.507
20.563999999999997
20.621000000000002
20.684
20.743
20.797
20.846999999999998
20.897
20.944999999999997
20.997999999999998
21.057
21.121000000000002
21.183000000000003
21.252
21.335
21.432999999999996
21.54
21.654000000000003
21.764
21.870999999999995
21.982000000000003
22.096000000000004
22.201999999999998
22.299
22.403
22.511
22.608000000000004
22.700000000000003
22.798000000000002
22.904
23.014999999999997
23.126999999999995
23.248000000000005
23.380000000000003
23.516000000000002
23.650000000000002
23.767
23.857
23.945
24.037
24.118
24.184999999999995
24.253999999999998
24.32
24.391
24.458999999999996
24.536
24.621000000000006
24.709
24.805
24.889000000000003
24.976999999999997
25.07
25.163
25.251999999999995
25.336
25.439
25.558
25.679000000000006
25.802999999999997
25.925
26.048999999999996
26.173000000000002
26.294999999999998
26.396999999999995
26.485999999999997
26.566
26.642000000000003
26.716000000000005
26.794999999999998
26.878999999999998
26.971999999999998
27.060999999999996
27.15
27.229
27.308000000000003
27.375999999999998
27.433000000000003
27.474999999999998
27.512000000000004
27.560000000000002
27.623999999999995
27.703
27.784000000000002
27.877000000000002
27.980999999999998
28.095
28.211
28.330999999999996
28.461000000000002
28.594
28.729000000000006
28.86
28.995
29.139000000000006
29.296000000000003
29.434000000000005
29.555
29.657999999999998
29.753999999999998
29.854999999999997
29.963000000000005
30.066
30.16
30.259999999999998
30.362
30.459000000000003
30.557
30.661
30.756
30.854000000000003
30.947
31.045
31.144
31.253
31.373
31.490000000000006
31.602
31.717000000000002
31.829
31.936
32.032000000000004
32.132
32.231
32.314
32.386
32.457
32.519
32.572
32.61
32.629
32.628
32.621
32.602
32.571
32.534
32.514
32.511
32.516
32.522000000000006
32.537
32.562999999999995
32.592
32.632000000000005
32.672
32.705
32.736
32.772
32.799
32.82
32.845
32.861
32.879
32.897
32.92400000000001
32.949
32.974
32.995999999999995
33.008
33.006
33.013
33.024
33.046
33.08
33.12599999999999
33.179
33.242999999999995
33.309
33.38
33.46
33.548
33.635000000000005
33.714
33.791000000000004
33.876000000000005
33.963
34.048
34.12699999999999
34.208999999999996
34.285999999999994
34.36000000000001
34.428999999999995
34.485
34.542
34.596
34.647999999999996
34.695
34.744
34.782999999999994
34.812999999999995
34.836
34.855
34.875
34.896
34.92
34.939
34.965999999999994
35.0
35.041000000000004
35.088
35.126
35.153
35.190000000000005
35.238
35.289
35.339999999999996
35.404999999999994
35.469
35.534000000000006
35.611000000000004
35.69
35.764
35.834
35.89
35.935
35.968
36.001000000000005
36.036
36.068000000000005
36.099000000000004
36.127
36.163000000000004
36.201
36.25099999999999
36.293
36.331
36.373
36.416
36.467
36.527
36.60000000000001
36.688
36.784000000000006
36.889
37.006
37.135999999999996
37.265
37.397
37.523
37.638999999999996
37.752
37.863
37.977000000000004
38.090999999999994
38.206999999999994
38.331999999999994
38.45499999999999
38.57599999999999
38.704
38.829
38.96
39.104
39.23
39.35099999999999
39.45599999999999
39.547999999999995
39.632000000000005
39.709
39.785
39.873
39.946000000000005
40.022000000000006
40.087
40.143
40.19800000000001
40.269000000000005
40.33800000000001
40.41199999999999
40.480000000000004
40.536
40.58600000000001
40.63699999999999
40.694
40.74400000000001
40.79
40.827000000000005
40.86599999999999
40.909
40.955
41.003
41.049
41.094
41.13699999999999
41.178000000000004
41.222
41.26700000000001
41.31
41.348
41.391
41.439
41.489999999999995
41.543
41.608000000000004
41.683
41.745999999999995
41.800000000000004
41.857
41.912
41.980000000000004
42.056000000000004
42.143
42.242000000000004
42.329
42.405
42.472
42.535
42.591
42.652
42.71000000000001
42.75900000000001
42.803999999999995
42.857000000000006
42.915000000000006
42.986999999999995
43.062999999999995
43.142
43.224000000000004
43.309999999999995
43.401
43.495
43.599000000000004
43.708
43.811
43.913000000000004
44.032
44.149
44.269
44.388000000000005
44.495
44.592000000000006
44.685
44.774
44.846999999999994
44.909
44.964999999999996
45.013000000000005
45.054
45.08599999999999
45.123999999999995
45.165
45.20799999999999
45.24600000000001
45.273
45.293000000000006
45.306
45.30800000000001
45.303000000000004
45.291000000000004
45.270999999999994
45.246
45.209999999999994
45.17
45.151999999999994
45.149
45.163000000000004
45.2
45.23599999999999
45.27
45.315
45.362
45.416999999999994
45.47099999999999
45.53099999999999
45.595
45.659000000000006
45.714000000000006
45.772999999999996
45.83099999999999
45.901999999999994
45.974
46.033
46.075
46.108000000000004
46.14
46.16499999999999
46.205
46.254000000000005
46.31400000000001
46.382
46.466
46.55799999999999
46.656000000000006
46.76499999999999
46.87599999999999
46.96599999999999
47.033
47.092999999999996
47.14600000000001
47.199
47.22800000000001
47.25599999999999
47.28
47.288999999999994
47.282
47.282999999999994
47.291
47.303000000000004
47.330000000000005
47.358000000000004
47.385000000000005
47.398999999999994
47.399
47.403
47.40800000000001
47.42800000000001
47.452
47.476
47.496
47.507000000000005
47.516999999999996
47.519
47.51199999999999
47.5
47.478
47.446000000000005
47.401
47.346000000000004
47.28399999999999
47.224999999999994
47.172
47.122
47.065999999999995
47.023
46.978
46.932999999999986
46.902
46.87500000000001
46.867999999999995
46.869
46.87599999999999
46.881
46.884
46.89099999999999
46.9
46.906
46.913999999999994
46.911
46.910000000000004
46.897999999999996
46.89
46.883
46.883
46.885000000000005
46.892
46.90899999999999
46.936
46.967999999999996
47.003
47.044
47.088
47.135
47.178
47.21699999999999
47.241
47.257999999999996
47.262
47.263
47.27400000000001
47.291
47.31400000000001
47.351
47.38699999999999
47.424
47.455000000000005
47.496
47.544
47.596999999999994
47.642999999999994
47.677
47.712
47.738
47.76800000000001
47.80500000000001
47.844
47.885000000000005
47.915000000000006
47.936
47.95199999999999
47.95900000000001
47.955
47.955
47.96300000000001
47.976
47.986000000000004
48.019
48.062999999999995
48.11600000000001
48.187999999999995
48.269000000000005
48.367
48.458999999999996
48.559000000000005
48.667
48.78200000000001
48.893
48.995999999999995
49.089000000000006
49.17100000000001
49.24400000000001
49.315
49.400999999999996
49.505
49.609
49.72
49.821000000000005
49.914
49.998
50.075
50.16199999999999
50.25900000000001
50.35499999999999
50.452000000000005
50.543
50.63400000000001
50.727999999999994
50.832999999999984
50.937
51.034
51.120999999999995
51.198
51.266000000000005
51.333000000000006
51.379999999999995
51.418
51.461999999999996
51.515
51.56899999999999
51.617
51.662
51.706
51.748000000000005
51.79399999999999
51.84499999999999
51.900999999999996
51.96099999999999
52.02499999999999
52.092000000000006
52.153999999999996
52.216
52.27299999999999
52.33099999999999
52.394999999999996
52.464
52.526999999999994
52.586000000000006
52.64099999999999
52.698
52.76200000000001
52.833
52.921
53.01
53.095
53.178000000000004
53.27300000000001
53.375
53.491
53.609
53.721000000000004
53.828
53.933
54.042
54.153000000000006
54.26300000000001
54.38499999999999
54.492
54.588
54.66499999999999
54.739
54.82
54.899
54.988
55.074999999999996
55.153999999999996
55.22999999999999
55.31399999999999
55.409
55.51499999999999
55.622
55.722
55.815
55.895
55.967000000000006
56.038000000000004
56.10900000000001
56.17699999999999
56.257
56.339
56.406000000000006
56.466
56.522999999999996
56.585
56.64400000000001
56.68800000000001
56.723
56.76
56.794000000000004
56.834
56.873
56.909000000000006
56.946
56.974999999999994
57.0
57.034
57.07300000000001
57.120000000000005
57.168000000000006
57.224
57.283000000000015
57.346000000000004
57.408
57.467
57.524
57.592
57.662000000000006
57.731
57.800999999999995
57.87699999999999
57.96099999999999
58.059000000000005
58.162
58.268
58.37
58.486000000000004
58.608
58.729
58.837999999999994
58.944
59.05099999999999
59.167
59.287
59.409
59.52499999999999
59.638
59.745000000000005
59.846
59.934
60.025
60.11800000000001
60.208
60.294
60.36800000000001
60.434
60.50000000000001
60.57500000000001
60.64099999999999
60.71099999999999
60.78
60.846
60.906000000000006
60.952
61.007999999999996
61.069
61.12100000000001
61.154999999999994
61.186
61.199000000000005
61.213
61.232
61.254000000000005
61.267999999999994
61.27700000000001
61.28900000000001
61.282
61.25000000000001
61.214
61.175
61.14
61.10900000000001
61.075
61.04899999999999
61.026999999999994
61.011
61.007
61.012
61.019
61.021
61.00899999999999
60.99000000000001
60.97399999999999
60.95799999999999
60.938
60.91099999999999
60.873000000000005
60.829000000000015
60.77700000000001
60.717
60.649
60.58
60.516000000000005
60.452000000000005
60.391
60.340999999999994
60.304
60.26799999999999
60.230000000000004
60.19800000000001
60.164
60.128
60.095000000000006
60.06699999999999
60.033
59.986000000000004
59.926
59.855000000000004
59.782
59.716
59.653
59.588
59.519999999999996
59.451
59.383
59.31900000000002
59.26400000000001
59.21099999999999
59.143
59.059
58.964
58.867999999999995
58.767999999999994
58.67
58.571
58.473
58.376000000000005
58.278
58.17200000000001
58.065999999999995
57.962
57.867
57.763999999999996
57.659
57.553000000000004
57.46099999999999
57.37999999999999
57.305
57.235
57.17400000000001
57.120000000000005
57.074000000000005
57.028000000000006
56.989999999999995
56.97599999999999
56.963
56.933
56.87899999999999
56.82200000000001
56.758
56.684000000000005
56.598
56.507000000000005
56.41799999999999
56.322
56.215
56.111000000000004
56.00500000000001
55.899
55.801
55.694
55.583000000000006
55.468
55.363
55.256
55.151
55.071
55.01100000000001
54.964999999999996
54.91999999999999
54.875
54.832
54.79
54.75
54.712
54.67399999999999
54.629999999999995
54.585
54.542
54.499
54.478
54.47
54.473000000000006
54.499
54.53399999999999
54.57699999999999
54.632
54.701
54.779
54.86
54.949999999999996
55.04299999999999
55.126000000000005
55.204
55.273
55.32599999999999
55.379000000000005
55.433
55.489999999999995
55.548
55.6
55.649
55.681
55.696000000000005
55.7
55.706
55.711
55.709
55.69799999999999
55.669999999999995
55.635999999999996
55.60100000000001
55.567
55.536
55.52
55.516
55.50800000000001
55.513999999999996
55.541000000000004
55.594
55.667
55.754000000000005
55.843999999999994
55.943
56.05
56.166
56.26999999999999
56.370000000000005
56.461
56.547000000000004
56.61300000000001
56.654
56.688
56.71399999999999
56.74
56.752
56.751999999999995
56.752
56.757
56.760000000000005
56.767
56.773
56.791999999999994
56.81399999999999
56.81099999999999
56.803000000000004
56.80200000000001
56.815
56.829
56.858000000000004
56.888
56.928
56.964999999999996
56.99699999999999
57.022
57.062
57.103
57.153000000000006
57.20399999999999
57.25
57.30800000000001
57.37199999999999
57.439
57.50600000000001
57.57900000000001
57.653000000000006
57.720000000000006
57.782000000000004
57.831
57.873999999999995
57.915
57.951
57.99
58.019999999999996
58.04600000000001
58.077000000000005
58.11600000000001
58.163
58.209999999999994
58.262
58.299
58.32300000000001
58.34700000000001
58.352
58.359
58.36
58.347
58.32900000000001
58.294
58.251000000000005
58.20700000000001
58.15700000000001
58.11600000000001
58.07800000000001
58.039
57.996
57.94299999999999
57.88499999999999
57.818
57.75200000000001
57.68599999999999
57.61599999999999
57.556999999999995
57.49999999999999
57.46399999999999
57.42699999999999
57.396
57.373999999999995
57.36300000000001
57.37100000000001
57.392
57.426
57.462
57.489999999999995
57.521
57.554
57.586999999999996
57.615
57.639
57.65
57.653999999999996
57.63700000000001
57.614999999999995
57.57800000000001
57.526999999999994
57.469
57.41
57.34700000000001
57.286
57.22400000000001
57.171
57.129000000000005
57.099
57.081999999999994
57.075
57.087
57.111
57.13199999999999
57.151
57.17399999999999
57.193
57.21300000000001
57.232
57.24799999999999
57.277
57.30500000000001
57.337999999999994
57.378
57.412000000000006
57.428999999999995
57.440999999999995
57.43699999999999
57.434999999999995
57.434
57.428999999999995
57.404999999999994
57.381
57.358
57.327999999999996
57.3
57.272
57.244
57.223000000000006
57.199000000000005
57.169000000000004
57.143
57.122
57.114999999999995
57.11700000000001
57.12400000000001
57.134
57.147999999999996
57.157000000000004
57.163999999999994
57.168
57.162000000000006
57.135
57.089000000000006
57.025000000000006
56.944
56.86
56.779
56.69
56.608000000000004
56.525999999999996
56.453
56.402
56.360000000000014
56.33
56.316
56.291000000000004
56.26
56.221
56.17499999999999
56.137
56.10600000000001
56.075
56.048
56.02799999999999
56.008
55.989
55.97699999999999
55.96999999999999
55.974
55.958999999999996
55.94199999999999
55.916
55.884
55.837
55.78099999999999
55.712
55.641999999999996
55.57
55.502
55.425999999999995
55.337
55.248
55.153
55.05800000000001
54.964000000000006
54.875
54.794999999999995
54.715
54.642
54.572
54.50599999999999
54.452
54.416000000000004
54.382
54.352
54.32900000000001
54.302
54.273
54.236000000000004
54.198
54.157000000000004
54.108
54.053999999999995
54.0
53.93300000000001
53.865
53.786
53.696999999999996
53.601
53.504000000000005
53.406
53.30499999999999
53.191
53.09
52.992000000000004
52.910999999999994
52.836
52.769999999999996
52.714
52.668
52.629000000000005
52.586
52.535000000000004
52.485
52.440000000000005
52.383
52.312000000000005
52.22899999999999
52.147000000000006
52.066
51.97500000000001
51.88499999999999
51.78499999999999
51.684
51.585
51.482
51.379000000000005
51.286
51.20399999999999
51.137
51.081
51.047000000000004
51.032999999999994
51.037000000000006
51.062
51.093
51.129999999999995
51.162
51.182
51.196999999999996
51.202999999999996
51.193999999999996
51.176
51.155
51.115
51.074
51.037
50.989999999999995
50.95399999999999
50.896
50.82000000000001
50.734
50.635999999999996
50.525
50.403
50.28400000000001
50.17
50.053
49.924
49.815
49.714
49.634
49.573
49.524
49.486000000000004
49.462
49.439
49.413
49.382
49.35099999999999
49.321999999999996
49.294
49.263000000000005
49.229
49.198
49.156
49.11400000000001
49.04299999999999
48.957
48.869
48.771
48.663999999999994
48.54
48.419
48.308
48.201
48.102000000000004
47.99499999999999
47.89300000000001
47.790000000000006
47.684000000000005
47.57599999999999
47.473
47.369
47.276
47.17700000000001
47.08800000000001
47.02
46.967999999999996
46.906
46.849000000000004
46.799
46.75299999999999
46.709
46.664
46.604
46.535
46.455999999999996
46.367000000000004
46.264
46.16
46.058
45.958999999999996
45.86800000000001
45.764
45.671
45.589000000000006
45.507
45.42499999999999
45.331
45.227000000000004
45.111999999999995
44.986
44.862
44.74400000000001
44.63
44.514
44.394
44.269
44.135000000000005
43.99400000000001
43.842000000000006
43.68300000000001
43.51599999999999
43.327000000000005
43.13
42.924
42.727999999999994
42.543000000000006
42.374
42.21800000000001
42.053999999999995
41.885
41.714
41.557
41.417
41.29
41.17499999999999
41.059999999999995
40.964999999999996
40.895
40.833
40.786
40.742999999999995
40.70400000000001
40.65400000000001
40.595000000000006
40.543
40.499
40.45399999999999
40.410000000000004
40.35699999999999
40.296
40.24
40.188
40.132000000000005
40.076
40.022999999999996
39.975
39.931
39.888000000000005
39.836999999999996
39.778000000000006
39.713
39.642
39.576
39.501
39.451
39.413000000000004
39.376999999999995
39.348
39.322
39.3
39.285
39.259
39.228
39.19500000000001
39.178
39.160999999999994
39.141000000000005
39.108999999999995
39.077
39.046
39.012
38.976
38.947
38.916
38.874
38.825
38.78399999999999
38.743
38.694
38.644999999999996
38.585
38.524
38.468999999999994
38.44200000000001
38.419999999999995
38.404
38.388
38.367
38.34
38.32
38.285000000000004
38.25300000000001
38.217000000000006
38.172
38.116
38.04599999999999
37.986
37.937000000000005
37.882999999999996
37.830999999999996
37.766000000000005
37.692
37.623
37.557
37.487
37.42400000000001
37.375
37.333999999999996
37.303999999999995
37.277
37.26
37.260999999999996
37.269000000000005
37.284
37.298
37.303
37.294999999999995
37.282000000000004
37.257
37.221999999999994
37.184000000000005
37.135999999999996
37.059000000000005
36.97599999999999
36.894
36.812999999999995
36.74100000000001
36.669
36.605000000000004
36.54
36.477000000000004
36.419000000000004
36.372
36.335
36.296
36.25599999999999
36.208000000000006
36.161
36.114000000000004
36.069
36.022
35.972
35.903
35.82
35.721999999999994
35.612
35.494
35.370999999999995
35.247
35.128
35.01699999999999
34.898999999999994
34.778
34.658
34.544
34.434
34.323
34.207
34.088
33.974999999999994
33.853
33.730000000000004
33.599
33.459999999999994
33.314
33.169999999999995
33.034
32.912
32.804
32.705
32.6
32.492999999999995
32.391
32.294000000000004
32.18300000000001
32.062
31.938000000000002
31.810000000000002
31.689
31.564999999999994
31.451000000000004
31.343
31.247999999999998
31.145999999999997
31.042999999999996
30.929000000000002
30.812
30.706000000000003
30.589
30.46
30.329
30.201
30.075
29.956999999999997
29.856
29.766
29.684
29.612
29.547000000000004
29.479
29.416999999999998
29.352999999999998
29.285
29.217999999999996
29.150000000000002
29.068
28.976000000000003
28.878
28.773
28.659
28.544999999999998
28.434
28.325000000000006
28.223
28.118000000000002
28.023000000000003
27.917000000000005
27.804
27.706999999999997
27.627999999999997
27.557000000000002
27.502
27.474
27.449
27.437
27.436000000000003
27.421000000000003
27.391
27.342000000000002
27.286999999999995
27.221
27.14
27.052
26.956
26.859
26.768
26.681
26.597
26.517000000000003
26.442999999999998
26.368
26.289
26.224999999999998
26.173000000000002
26.127999999999997
26.09
26.052
26.018
25.988
25.958999999999996
25.923000000000002
25.892000000000003
25.857
25.822000000000003
25.778
25.725
25.674000000000003
25.625
25.575999999999997
25.517
25.465999999999998
25.419000000000004
25.38
25.353999999999996
25.316
25.27
25.212999999999997
25.147
25.066000000000003
24.976000000000003
24.887
24.794000000000004
24.685000000000002
24.566
24.458000000000002
24.364
24.279999999999998
24.201
24.117
24.037
23.952
23.862
23.764000000000003
23.66
23.557
23.465
23.374000000000002
23.281
23.206
23.137999999999998
23.08
23.031
22.982
22.933
22.884999999999998
22.834999999999997
22.781999999999996
22.726999999999997
22.68
22.644
22.613000000000003
22.588
22.562
22.534
22.506
22.482
22.451
22.418
22.386
22.358999999999998
22.324
22.276000000000003
22.226
22.172
22.118
22.060000000000002
22.017
21.977
21.944
21.906000000000002
21.863000000000003
21.814
21.762
21.71
21.653
21.588
21.528999999999996
21.479
21.437999999999995
21.398999999999997
21.363
21.335
21.305999999999997
21.281
21.254
21.221999999999998
21.189
21.147000000000002
21.1
21.045
20.986
20.927
20.863999999999997
20.796
20.729000000000003
20.664
20.607999999999997
20.557
20.503
20.453000000000003
20.408
20.368999999999996
20.327
20.282
20.232000000000003
20.186999999999998
20.134
20.084000000000003
20.037
19.988
19.937
19.884999999999998
19.827
19.759000000000004
19.703000000000003
19.651
19.611000000000004
19.575000000000003
19.548000000000002
19.527999999999995
19.506999999999998
19.489
19.478
19.469
19.450999999999997
19.425000000000004
19.388
19.35
19.317000000000004
19.287999999999997
19.263
19.237000000000002
19.206
19.176
19.144
19.109
19.087
19.067999999999998
19.047
19.029999999999998
19.014000000000003
18.992999999999995
18.97
18.943999999999996
18.907000000000004
18.866
18.811
18.740000000000002
18.663
18.583
18.501999999999995
18.421
18.341999999999995
18.262
18.179999999999996
18.095000000000002
18.018
17.943
17.867
17.787
17.705000000000002
17.624
17.547
17.473000000000003
17.404
17.333
17.26
17.186999999999998
17.107
17.024
16.946
16.869999999999997
16.785000000000004
16.704
16.619
16.527
16.433
16.336999999999996
16.25
16.166
16.096000000000004
16.032
15.973
15.916
15.865
15.818
15.766000000000002
15.714000000000002
15.661
15.611
15.556999999999999
15.498
15.446000000000002
15.398
15.360999999999999
15.327000000000002
15.29
15.247000000000002
15.206
15.161
15.113
15.062000000000001
15.022
14.989000000000003
14.963
14.93
14.898
14.864
14.828999999999999
14.805
14.773
14.736000000000002
14.702
14.671999999999999
14.640999999999998
14.615
14.587000000000002
14.559000000000003
14.523000000000001
14.477
14.44
14.407
14.376999999999999
14.347
14.322
14.296999999999999
14.269
14.237
14.203
14.165
14.129
14.099
14.072000000000001
14.042
14.017999999999999
13.989999999999998
13.963999999999999
13.937
13.906
13.862
13.812000000000001
13.76
13.711
13.663
13.620999999999999
13.586999999999998
13.561
13.537999999999998
13.526000000000002
13.519
13.514999999999999
13.518999999999998
13.511999999999999
13.495000000000001
13.486000000000002
13.484000000000002
13.481000000000002
13.479000000000001
13.479000000000001
13.482
13.484
13.49
13.496000000000002
13.5
13.498999999999999
13.495999999999999
13.484
13.466
13.450000000000001
13.435000000000002
13.42
13.402000000000001
13.388
13.367999999999999
13.350000000000001
13.337000000000002
13.332
13.332
13.326
13.321000000000002
13.3
13.274
13.25
13.225000000000001
13.195
13.161999999999999
13.132000000000001
13.107000000000001
13.081000000000001
13.051
13.027
13.006999999999998
12.978
12.946
12.895
12.831
12.763000000000002
12.695999999999998
12.633
12.574
12.521999999999998
12.472000000000001
12.417
12.361
12.308000000000002
12.269
12.234
12.197000000000001
12.155999999999999
12.112
12.077
12.049
12.029
12.008000000000001
11.981
11.95
11.912999999999998
11.872
11.838
11.81
11.78
11.746000000000002
11.708
11.675999999999998
11.655000000000001
11.644
11.646
11.649999999999999
11.649
11.645999999999999
11.642000000000001
11.638
11.633999999999999
11.631000000000002
11.621000000000002
11.612
11.587
11.549000000000001
11.514
11.487
11.459999999999999
11.43
11.395000000000001
11.359000000000002
11.329
11.296000000000001
11.264
11.235000000000003
11.190999999999999
11.141000000000002
11.084999999999999
11.024000000000001
10.977
10.940999999999999
10.899000000000001
10.852
10.804
10.756
10.71
10.664
10.626999999999999
10.592000000000002
10.553999999999998
10.518
10.479
10.442
10.413
10.389999999999999
10.370999999999999
10.356
10.336
10.317999999999998
10.31
10.307
10.294999999999998
10.273
10.234
10.192
10.154000000000002
10.115000000000002
10.09
10.073
10.052999999999999
10.032
10.006
9.971000000000002
9.937999999999999
9.905999999999999
9.870000000000001
9.834
9.789000000000001
9.742999999999999
9.706
9.673
9.658999999999999
9.661
9.668999999999999
9.675999999999998
9.681999999999999
9.689000000000002
9.696
9.703999999999999
9.707
9.714
9.714
9.702
9.69
9.683000000000002
9.677
9.671
9.667000000000002
9.661
9.652000000000001
9.645
9.648
9.65
9.644
9.633
9.616
9.595999999999998
9.57
9.547
9.529
9.517
9.502
9.483999999999998
9.46
9.439
9.421
9.408000000000001
9.382
9.342
9.297
9.253000000000002
9.207000000000003
9.161999999999999
9.13
9.109
9.088
9.067000000000002
9.052999999999999
9.042
9.033000000000001
9.023
9.011000000000001
8.998000000000001
8.986999999999998
8.981
8.982
8.982000000000001
8.983
8.985000000000001
8.985999999999999
8.987999999999998
8.987
8.986
8.986
8.983000000000002
8.968
8.95
8.923
8.891
8.865
8.834999999999999
8.811
8.791
8.769
8.741999999999999
8.708
8.669999999999998
8.635
8.599
8.556
8.509
8.467
8.432
8.405999999999999
8.382000000000001
8.359000000000002
8.338000000000001
8.32
8.299000000000001
8.268
8.234000000000002
8.206
8.184000000000001
8.162
8.138
8.120000000000001
8.100999999999999
8.09
8.078
8.061
8.043
8.021
7.995000000000001
7.962000000000001
7.93
7.896
7.858
7.814
7.765999999999999
7.723999999999999
7.683
7.648
7.619000000000001
7.592
7.5600000000000005
7.5329999999999995
7.505000000000001
7.467
7.434
7.396
7.351999999999999
7.303
7.255
7.221000000000001
7.195999999999999
7.178
7.165
7.156000000000001
7.148000000000001
7.139
7.1209999999999996
7.093000000000001
7.06
7.02
6.977
6.9350000000000005
6.893
6.858000000000001
6.833000000000001
6.8149999999999995
6.797999999999999
6.787
6.779000000000001
6.768999999999999
6.759
6.741
6.723000000000001
6.696999999999999
6.667999999999999
6.642
6.617999999999999
6.584999999999999
6.549
6.514
6.474
6.434999999999999
6.3999999999999995
6.371999999999999
6.34
6.300999999999999
6.255000000000002
6.214
6.175000000000001
6.137
6.1
6.077
6.0569999999999995
6.044999999999999
6.038
6.0280000000000005
6.021
6.013999999999999
6.009
5.999
5.993000000000001
5.988
5.987000000000002
5.99
5.990000000000001
5.987
5.985
5.985999999999999
5.988
5.992
5.993
5.994000000000001
5.994
5.9799999999999995
5.959
5.946000000000001
5.934999999999999
5.923000000000001
5.9110000000000005
5.897
5.885
5.869
5.854
5.841
5.829000000000001
5.819
5.808999999999999
5.793999999999999
5.771999999999999
5.7490000000000006
5.728000000000001
5.71
5.6930000000000005
5.6770000000000005
5.662
5.648
5.628
5.608
5.588
5.573000000000001
5.561
5.543
5.524
5.513
5.498
5.486000000000001
5.481
5.473
5.465000000000001
5.452
5.437
5.414999999999999
5.388999999999999
5.366
5.343
5.313999999999999
5.278999999999999
5.246
5.212
5.188000000000001
5.165
5.135
5.101
5.074
5.047000000000001
5.0169999999999995
4.986999999999999
4.957
4.925
4.888999999999999
4.852
4.829
4.809
4.792999999999999
4.7780000000000005
4.753
4.726
4.707
4.6899999999999995
4.67
4.651
4.63
4.61
4.59
4.575
4.566
4.564
4.565
4.566999999999999
4.564
4.561000000000001
4.559
4.558
4.553
4.548
4.5409999999999995
4.53
4.513000000000001
4.49
4.476000000000001
4.463
4.455
4.444999999999999
4.424
4.399
4.378
4.356
4.328
4.301
4.272
4.2459999999999996
4.215
4.183
4.1610000000000005
4.148000000000001
4.136
4.1240000000000006
4.108
4.0889999999999995
4.075
4.061999999999999
4.0489999999999995
4.037
4.023
4.0089999999999995
3.9899999999999998
3.967
3.9450000000000007
3.93
3.9200000000000004
3.91
3.896000000000001
3.8819999999999997
3.874
3.867
3.8570000000000007
3.8480000000000003
3.8369999999999993
3.8240000000000003
3.8030000000000004
3.7780000000000005
3.7569999999999997
3.735
3.7110000000000003
3.6889999999999996
3.6649999999999996
3.637
3.613
3.59
3.5620000000000007
3.533
3.509
3.488
3.467
3.4469999999999996
3.4319999999999995
3.421
3.4179999999999997
3.421
3.42
3.418
3.4279999999999995
3.4419999999999997
3.457
3.4730000000000003
3.493
3.515
3.534
3.5530000000000004
3.577
3.6
3.621
3.639
3.65
3.661
3.683
3.7059999999999995
3.73
3.7549999999999994
3.7769999999999997
3.8
3.821
3.837
3.8529999999999993
3.867
3.879
3.8880000000000003
3.8930000000000002
3.895
3.8990000000000005
3.9019999999999997
3.902
3.900000000000001
3.8930000000000002
3.8819999999999997
3.8720000000000003
3.8640000000000003
3.866
3.8710000000000004
3.878
3.8840000000000003
3.8819999999999992
3.8770000000000007
3.88
3.886
3.891
3.896000000000001
3.904
3.909
3.9170000000000003
3.923
3.9330000000000003
3.9429999999999996
3.9559999999999995
3.9699999999999998
3.9799999999999995
3.987
3.9909999999999997
3.9949999999999997
3.9990000000000006
4.0009999999999994
4.003
4.003
3.998
3.9939999999999998
3.9970000000000003
4.002000000000001
4.013
4.026
4.0360000000000005
4.044
4.052
4.058999999999999
4.063
4.0649999999999995
4.069
4.074
4.083
4.093
4.11
4.128
4.151
4.176
4.196000000000001
4.211
4.223999999999999
4.234999999999999
4.246
4.257000000000001
4.2780000000000005
4.3
4.315
4.326
4.335
4.343
4.357
4.372999999999999
4.38
4.380999999999999
4.379999999999999
4.3790000000000004
4.376
4.372000000000001
4.363
4.353
4.340000000000001
4.322
4.304
4.2829999999999995
4.260999999999999
4.241
4.218
4.198
4.187
4.177
4.1659999999999995
4.154
4.140000000000001
4.124
4.113
4.1
4.088000000000001
4.0760000000000005
4.06
4.045
4.0280000000000005
4.01
3.9920000000000004
3.9750000000000005
3.9570000000000007
3.94
3.922
3.9069999999999996
3.8990000000000005
3.892
3.882
3.8689999999999998
3.8560000000000008
3.8440000000000007
3.8279999999999994
3.8129999999999997
3.8030000000000004
3.7920000000000003
3.782
3.7740000000000005
3.767
3.7589999999999995
3.7520000000000002
3.747
3.7430000000000003
3.736999999999999
3.731
3.724
3.713
3.697
3.687
3.6820000000000004
3.681
3.6809999999999996
3.678
3.6720000000000006
3.6700000000000004
3.67
3.6710000000000003
3.673
3.6740000000000004
3.6740000000000004
3.668
3.659
3.649
3.6380000000000003
3.628
3.62
3.6069999999999998
3.5930000000000004
3.5780000000000003
3.564
3.551
3.536
3.5180000000000002
3.5020000000000002
3.479
3.456
3.4349999999999996
3.4160000000000004
3.401
3.3890000000000007
3.372
3.3550000000000004
3.334
3.3129999999999997
3.3009999999999997
3.2929999999999997
3.2889999999999997
3.2849999999999997
3.2699999999999996
3.2549999999999994
3.2449999999999997
3.2399999999999998
3.239
3.2369999999999997
3.2270000000000003
3.215
3.2030000000000003
3.194
3.189
3.186
3.184
3.1849999999999996
3.185
3.185
3.186
3.184
3.1820000000000004
3.1799999999999997
3.167
3.153
3.138
3.1239999999999997
3.1100000000000003
3.096
3.085
3.0770000000000004
3.0660000000000003
3.0530000000000004
3.0420000000000003
3.0340000000000003
3.0280000000000005
3.0220000000000002
3.0140000000000002
3.004
2.994
2.9819999999999998
2.971
2.9610000000000003
2.955
2.9530000000000003
2.943
2.931
2.9210000000000003
2.91
2.9010000000000002
2.895
2.884
2.87
2.858
2.848
2.84
2.8320000000000003
2.8230000000000004
2.818
2.812
2.8040000000000003
2.7980000000000005
2.7939999999999996
2.786
2.781
2.7760000000000002
2.771
2.768
2.7649999999999997
2.7640000000000002
2.763
2.768
2.771
2.769
2.7670000000000003
2.769
2.7720000000000002
2.78
2.791
2.799
2.804
2.8150000000000004
2.8270000000000004
2.8430000000000004
2.858
2.87
2.8830000000000005
2.888
2.891
2.8950000000000005
2.896
2.902
2.908
2.9130000000000003
2.918
2.9280000000000004
2.9360000000000004
2.944
2.952
2.9570000000000003
2.96
2.9530000000000003
2.944
2.943
2.941
2.942
2.9440000000000004
2.946
2.95
2.9600000000000004
2.971
2.987
3.0020000000000002
3.007
3.011
3.009
3.004
3.002
2.999
2.998
2.9979999999999998
2.995
2.9909999999999997
2.9960000000000004
3.004
3.011
3.0199999999999996
3.024
3.025
3.016
3.004
2.9959999999999996
2.988
2.982
2.976
2.966
2.9560000000000004
2.95
2.947
2.9450000000000003
2.9430000000000005
2.937
2.931
2.92
2.9050000000000002
2.896
2.8869999999999996
2.878
2.87
2.861
2.8520000000000003
2.85
2.849
2.845
2.839
2.827
2.812
2.793
2.771
2.749
2.731
2.714
2.6980000000000004
2.689
2.6749999999999994
2.664
2.6550000000000002
2.643
2.631
2.615
2.598
2.5789999999999997
2.561
2.547
2.533
2.5200000000000005
2.5090000000000003
2.495
2.481
2.471
2.461
2.447
2.43
2.41
2.388
2.366
2.3419999999999996
2.3280000000000003
2.316
2.31
2.3070000000000004
2.2990000000000004
2.291
2.283
2.274
2.2640000000000002
2.255
2.244
2.231
2.217
2.204
2.199
2.1950000000000003
2.1919999999999997
2.19
2.1879999999999997
2.181
2.174
2.1670000000000003
2.1580000000000004
2.148
2.132
2.116
2.104
2.092
2.088
2.0869999999999997
2.085
2.084
2.077
2.068
2.06
2.053
2.045
2.0370000000000004
2.0240000000000005
2.0100000000000002
1.999
1.9889999999999999
1.991
1.9939999999999998
1.996
1.9969999999999997
1.9949999999999999
1.9909999999999997
1.995
2.0020000000000002
2.008
2.013
2.016
2.0180000000000002
2.019
2.02
2.022
2.024
2.023
2.024
2.0210000000000004
2.019
2.019
2.02
2.018
2.014
2.008
2.003
2.003
2.005
2.01
2.0170000000000003
2.0260000000000002
2.033
2.04
2.0450000000000004
2.0509999999999997
2.057
2.06
2.0620000000000003
2.0660000000000003
2.0700000000000003
2.071
2.071
2.0709999999999997
2.0700000000000003
2.0700000000000003
2.0700000000000003
2.069
2.064
2.062
2.058
2.053
2.048
2.048
2.051
2.0490000000000004
2.048
2.047
2.047
2.0450000000000004
2.043
2.036
2.027
2.0210000000000004
2.0140000000000002
2.0090000000000003
2.0040000000000004
2.0000000000000004
1.9970000000000003
1.9940000000000002
1.9929999999999999
1.9900000000000002
1.9859999999999998
1.982
1.977
1.9700000000000002
1.9620000000000002
1.9529999999999998
1.9460000000000002
1.9369999999999998
1.9280000000000004
1.919
1.9100000000000001
1.903
1.895
1.886
1.879
1.872
1.863
1.8560000000000003
1.8490000000000002
1.8430000000000002
1.839
1.832
1.8230000000000002
1.816
1.8080000000000003
1.8039999999999998
1.798
1.794
1.791
1.785
1.7810000000000001
1.775
1.768
1.764
1.762
1.7539999999999998
1.7469999999999999
1.741
1.734
1.7289999999999999
1.7249999999999996
1.7239999999999998
1.72
1.7180000000000002
1.717
1.718
1.7180000000000002
1.717
1.7149999999999999
1.71
1.705
1.7009999999999998
1.699
1.7000000000000002
1.7
1.694
1.687
1.6800000000000002
1.673
1.662
1.653
1.6440000000000001
1.6359999999999997
1.626
1.6139999999999999
1.6019999999999999
1.588
1.5710000000000002
1.5550000000000002
1.544
1.5349999999999997
1.528
1.5219999999999998
1.516
1.5099999999999998
1.504
1.5
1.4929999999999999
1.4859999999999998
1.48
1.476
1.4669999999999999
1.4580000000000002
1.4529999999999998
1.448
1.4429999999999998
1.4369999999999998
1.431
1.424
1.42
1.4180000000000001
1.417
1.418
1.416
1.413
1.409
1.403
1.397
1.39
1.387
1.383
1.3739999999999999
1.365
1.359
1.3539999999999999
1.3510000000000002
1.347
1.342
1.335
1.327
1.319
1.3119999999999998
1.3050000000000002
1.304
1.302
1.296
1.291
1.285
1.277
1.275
1.273
1.272
1.27
1.268
1.2650000000000001
1.264
1.2650000000000001
1.266
1.27
1.273
1.274
1.279
1.284
1.289
1.2939999999999998
1.294
1.291
1.286
1.2810000000000001
1.2750000000000001
1.27
1.266
1.266
1.268
1.27
1.272
1.274
1.279
1.2830000000000001
1.283
1.282
1.282
1.282
1.2790000000000001
1.2770000000000001
1.2800000000000002
1.285
1.2910000000000001
1.295
1.3010000000000002
1.304
1.306
1.308
1.306
1.305
1.307
1.311
1.311
1.311
1.3110000000000002
1.3110000000000002
1.308
1.3030000000000002
1.296
1.2910000000000001
1.286
1.2810000000000001
1.276
1.27
1.265
1.2580000000000002
1.251
1.245
1.243
1.24
1.2359999999999998
1.233
1.2259999999999998
1.2180000000000002
1.212
1.2049999999999998
1.198
1.192
1.1889999999999998
1.1859999999999997
1.181
1.177
1.175
1.174
1.173
1.172
1.176
1.18
1.182
1.184
1.183
1.182
1.186
1.19
1.1930000000000003
1.196
1.2000000000000002
1.203
1.2060000000000002
1.211
1.213
1.215
1.2160000000000002
1.2180000000000002
1.2140000000000002
1.2090000000000003
1.2060000000000002
1.2050000000000003
1.203
1.2020000000000002
1.201
1.199
1.195
1.188
1.1809999999999998
1.1760000000000002
1.169
1.163
1.155
1.146
1.144
1.141
1.14
1.1400000000000001
1.138
1.133
1.128
1.12
1.109
1.099
1.0899999999999999
1.08
1.0699999999999998
1.06
1.0550000000000002
1.0499999999999998
1.045
1.042
1.043
1.043
1.045
1.045
1.04
1.035
1.032
1.032
1.0310000000000001
1.028
1.032
1.0370000000000001
1.04
1.0430000000000001
1.052
1.06
1.069
1.076
1.0819999999999999
1.0889999999999997
1.093
1.0959999999999999
1.0959999999999999
1.094
1.0939999999999999
1.095
1.0939999999999999
1.0939999999999999
1.096
1.099
1.1
1.101
1.101
1.1009999999999998
1.1039999999999999
1.1069999999999998
1.107
1.1069999999999998
1.107
1.1049999999999998
1.1019999999999999
1.0989999999999998
1.0979999999999999
1.097
1.097
1.096
1.093
1.0910000000000002
1.089
1.0870000000000002
1.084
1.081
1.079
1.077
1.0719999999999998
1.067
1.064
1.0630000000000002
1.061
1.06
1.056
1.0510000000000002
1.05
1.0470000000000002
1.0410000000000001
1.033
1.032
1.031
1.03
1.029
1.029
1.028
1.026
1.023
1.019
1.015
1.011
1.006
1.0019999999999998
0.998
0.9959999999999998
0.994
0.9929999999999999
0.9930000000000001
0.9910000000000001
0.988
0.9870000000000001
0.986
0.984
0.982
0.982
0.9810000000000001
0.9789999999999999
0.9770000000000001
0.9769999999999999
0.9770000000000001
0.978
0.9789999999999999
0.974
0.966
0.957
0.948
0.9369999999999999
0.9259999999999999
0.9190000000000002
0.912
0.904
0.8940000000000001
0.886
0.878
0.866
0.853
0.84
0.8270000000000001
0.8140000000000001
0.801
0.786
0.771
0.759
0.747
0.738
0.727
0.7190000000000001
0.713
0.708
0.703
0.6970000000000001
0.6900000000000001
0.6839999999999999
0.677
0.671
0.668
0.6649999999999999
0.662
0.66
0.658
0.656
0.654
0.653
0.653
0.651
0.649
0.648
0.647
0.642
0.637
0.631
0.624
0.616
0.61
0.604
0.597
0.59
0.584
0.577
0.57
0.5640000000000001
0.556
0.549
0.541
0.533
0.524
0.518
0.513
0.511
0.509
0.505
0.502
0.5
0.49700000000000005
0.49300000000000005
0.48900000000000005
0.48500000000000004
0.48200000000000004
0.48200000000000004
0.48300000000000004
0.48200000000000004
0.48200000000000004
0.483
0.484
0.485
0.487
0.484
0.481
0.481
0.481
0.479
0.478
0.478
0.478
0.478
0.479
0.482
0.485
0.487
0.489
0.488
0.487
0.491
0.495
0.499
0.504
0.509
0.514
0.517
0.52
0.523
0.526
0.53
0.5349999999999999
0.5409999999999999
0.5469999999999999
0.5549999999999999
0.562
0.567
0.571
0.574
0.577
0.579
0.581
0.583
0.585
0.587
0.589
0.589
0.589
0.591
0.593
0.593
0.592
0.5900000000000001
0.5860000000000001
0.583
0.579
0.5760000000000001
0.5730000000000001
0.5720000000000001
0.571
0.568
0.565
0.564
0.564
0.5599999999999999
0.5559999999999999
0.554
0.5529999999999999
0.554
0.5549999999999999
0.5569999999999999
0.5569999999999999
0.558
0.559
0.56
0.561
0.5630000000000001
0.5650000000000001
0.5640000000000001
0.5630000000000001
0.561
0.559
0.557
0.555
0.553
0.551
0.549
0.547
0.546
0.544
0.541
0.539
0.5370000000000001
0.535
0.5330000000000001
0.53
0.525
0.519
0.516
0.511
0.505
0.498
0.49100000000000005
0.48300000000000004
0.47800000000000004
0.47200000000000003
0.466
0.45999999999999996
0.45499999999999996
0.44999999999999996
0.44499999999999995
0.43999999999999995
0.43599999999999994
0.43299999999999994
0.42799999999999994
0.42299999999999993
0.418
0.413
0.408
0.40399999999999997
0.40099999999999997
0.39899999999999997
0.396
0.392
0.387
0.382
0.38
0.38
0.3809999999999999
0.3819999999999999
0.3819999999999999
0.38199999999999995
0.37999999999999995
0.37799999999999995
0.37299999999999994
0.36799999999999994
0.36399999999999993
0.361
0.361
0.362
0.364
0.366
0.368
0.37
0.371
0.371
0.372
0.373
0.374
0.375
0.374
0.373
0.374
0.375
0.378
0.382
0.385
0.388
0.389
0.39
0.389
0.387
0.383
0.378
0.376
0.373
0.373
0.373
0.374
0.375
0.376
0.377
0.377
0.379
0.382
0.384
0.386
0.389
0.393
0.39699999999999996
0.40099999999999997
0.40499999999999997
0.41
0.415
0.42
0.426
0.43
0.433
0.434
0.435
0.436
0.436
0.436
0.436
0.436
0.436
0.436
0.436
0.436
0.436
0.436
0.436
0.43500000000000005
0.43500000000000005
0.43600000000000005
0.43700000000000006
0.43700000000000006
0.43800000000000006
0.44100000000000006
0.44400000000000006
0.44700000000000006
0.45
0.453
0.455
0.457
0.46
0.463
0.466
0.47100000000000003
0.47500000000000003
0.47400000000000003
0.47200000000000003
0.47100000000000003
0.47000000000000003
0.47000000000000003
0.47000000000000003
0.46900000000000003
0.466
0.462
0.459
0.45599999999999996
0.45299999999999996
0.45199999999999996
0.45099999999999996
0.44799999999999995
0.44599999999999995
0.44499999999999995
0.44399999999999995
0.44199999999999995
0.43999999999999995
0.43800000000000006
0.43600000000000005
0.43400000000000005
0.43200000000000005
0.43000000000000005
0.42800000000000005
0.42400000000000004
0.42000000000000004
0.41500000000000004
0.41000000000000003
0.40900000000000003
0.40700000000000003
0.404
0.4
0.395
0.389
0.383
0.379
0.377
0.375
0.376
0.377
0.38
0.383
0.385
0.387
0.387
0.386
0.384
0.382
0.38
0.378
0.377
0.374
0.37
0.366
0.362
0.358
0.356
0.354
0.352
0.35
0.347
0.344
0.34
0.335
0.332
0.33
0.329
0.329
0.328
0.327
0.327
0.327
0.327
0.328
0.329
0.33
0.332
0.334
0.336
0.338
0.341
0.343
0.343
0.343
0.343
0.34400000000000003
0.34400000000000003
0.34400000000000003
0.34500000000000003
0.34600000000000003
0.34700000000000003
0.34700000000000003
0.34700000000000003
0.34600000000000003
0.34500000000000003
0.34400000000000003
0.342
0.34
0.341
0.342
0.34400000000000003
0.34600000000000003
0.34900000000000003
0.35300000000000004
0.35700000000000004
0.36100000000000004
0.36300000000000004
0.36400000000000005
0.36500000000000005
0.36600000000000005
0.366
0.367
0.371
0.374
0.376
0.378
0.379
0.379
0.378
0.378
0.377
0.376
0.376
0.376
0.378
0.38
0.382
0.3849999999999999
0.3869999999999999
0.3889999999999999
0.3909999999999999
0.3939999999999999
0.3959999999999999
0.3999999999999999
0.4049999999999999
0.4079999999999999
0.4099999999999999
0.4119999999999999
0.4139999999999999
0.4159999999999999
0.4169999999999999
0.41899999999999993
0.42099999999999993
0.42299999999999993
0.42499999999999993
0.42799999999999994
0.43099999999999994
0.43399999999999994
0.43899999999999995
0.44399999999999995
0.44899999999999995
0.45399999999999996
0.45899999999999996
0.46399999999999997
0.46799999999999997
0.471
0.472
0.472
0.471
0.47
0.47
0.47
0.469
0.46799999999999997
0.46699999999999997
0.46599999999999997
0.46499999999999997
0.46299999999999997
0.461
0.459
0.455
0.451
0.447
0.442
0.438
0.4340000000000001
0.4290000000000001
0.4240000000000001
0.4190000000000001
0.4140000000000001
0.4090000000000001
0.4040000000000001
0.4010000000000001
0.3980000000000001
0.3960000000000001
0.39200000000000007
0.38900000000000007
0.38600000000000007
0.38200000000000006
0.37800000000000006
0.37400000000000005
0.37
0.366
0.362
0.357
0.352
0.348
0.344
0.34099999999999997
0.33799999999999997
0.33399999999999996
0.32999999999999996
0.32499999999999996
0.319
0.313
0.307
0.302
0.29700000000000004
0.29200000000000004
0.28700000000000003
0.28300000000000003
0.278
0.273
0.268
0.265
0.262
0.261
0.26
0.26
0.259
0.26
0.261
0.261
0.261
0.261
0.261
0.261
0.26
0.258
0.256
0.254
0.251
0.251
0.249
0.246
0.243
0.238
0.23299999999999998
0.22899999999999998
0.225
0.222
0.219
0.217
0.215
0.213
0.21
0.207
0.204
0.19899999999999998
0.19399999999999998
0.188
0.18199999999999997
0.176
0.16999999999999998
0.165
0.16
0.156
0.153
0.15100000000000002
0.14900000000000002
0.14800000000000002
0.14700000000000002
0.14700000000000002
0.14700000000000002
0.14600000000000002
0.14500000000000002
0.14300000000000002
0.14100000000000001
0.14
0.139
0.139
0.139
0.14
0.14100000000000001
0.14200000000000002
0.14300000000000002
0.14400000000000002
0.14500000000000002
0.14600000000000002
0.14700000000000002
0.14800000000000002
0.14900000000000002
0.14900000000000002
0.14900000000000002
0.14800000000000002
0.147
0.146
0.145
0.144
0.143
0.143
0.143
0.14200000000000002
0.14100000000000001
0.14100000000000001
0.14100000000000001
0.14200000000000002
0.14300000000000002
0.14400000000000002
0.14500000000000002
0.14700000000000002
0.14900000000000002
0.15100000000000002
0.15300000000000002
0.15500000000000003
0.15700000000000003
0.15900000000000003
0.16100000000000003
0.16300000000000003
0.16500000000000004
0.16799999999999998
0.17099999999999999
0.174
0.177
0.179
0.181
0.182
0.183
0.184
0.185
0.184
0.183
0.183
0.183
0.18299999999999997
0.18299999999999997
0.183
0.183
0.184
0.185
0.187
0.189
0.189
0.19
0.192
0.194
0.198
0.20299999999999999
0.206
0.209
0.212
0.214
0.216
0.218
0.22
0.222
0.222
0.222
0.221
0.22
0.22
0.22
0.22
0.22
0.22
0.21999999999999997
0.21899999999999997
0.21799999999999997
0.217
0.216
0.214
0.212
0.21
0.208
0.207
0.207
0.209
0.211
0.213
0.215
0.217
0.219
0.22
0.221
0.222
0.22299999999999998
0.22399999999999998
0.22699999999999998
0.22999999999999998
0.23299999999999998
0.235
0.237
0.238
0.239
0.241
0.243
0.245
0.247
0.248
0.249
0.249
0.249
0.25
0.252
0.255
0.259
0.261
0.263
0.264
0.265
0.264
0.264
0.264
0.264
0.264
0.264
0.264
0.264
0.264
0.265
0.265
0.265
0.266
0.268
0.27
0.272
0.272
0.272
0.27
0.268
0.267
0.266
0.266
0.266
0.265
0.264
0.263
0.262
0.262
0.262
0.261
0.26
0.259
0.257
0.254
0.251
0.248
0.244
0.24
0.236
0.23199999999999998
0.22799999999999998
0.22399999999999998
0.21999999999999997
0.21699999999999997
0.21399999999999997
0.21199999999999997
0.20999999999999996
0.20899999999999996
0.20799999999999996
0.20699999999999996
0.20600000000000002
0.20500000000000002
0.20400000000000001
0.203
0.202
0.203
0.20400000000000001
0.20500000000000002
0.20600000000000002
0.20700000000000002
0.20799999999999996
0.20899999999999996
0.20999999999999996
0.21099999999999997
0.211
0.21
0.209
0.208
0.207
0.206
0.205
0.204
0.20299999999999999
0.202
0.201
0.2
0.197
0.194
0.191
0.18800000000000003
0.18500000000000003
0.18300000000000002
0.18100000000000002
0.17800000000000002
0.17500000000000002
0.17200000000000001
0.169
0.168
0.167
0.16600000000000004
0.16500000000000004
0.16400000000000003
0.16200000000000003
0.15900000000000003
0.15500000000000003
0.15200000000000002
0.14900000000000002
0.14700000000000002
0.14500000000000002
0.14400000000000002
0.14200000000000002
0.14
0.139
0.138
0.13799999999999998
0.13899999999999998
0.13999999999999999
0.13999999999999999
0.139
0.138
0.137
0.135
0.132
0.128
0.12399999999999999
0.12099999999999998
0.11799999999999998
0.11799999999999998
0.119
0.12
0.121
0.121
0.121
0.122
0.123
0.12399999999999997
0.12499999999999997
0.12499999999999997
0.12499999999999997
0.12399999999999999
0.123
0.122
0.121
0.121
0.121
0.121
0.121
0.122
0.123
0.12399999999999999
0.12499999999999999
0.126
0.12699999999999997
0.12699999999999997
0.12699999999999997
0.12799999999999997
0.12899999999999998
0.12999999999999998
0.13099999999999998
0.13199999999999998
0.13299999999999998
0.13399999999999998
0.135
0.13599999999999998
0.137
0.13599999999999998
0.13599999999999998
0.13599999999999998
0.13599999999999998
0.13599999999999998
0.13599999999999998
0.13599999999999998
0.137
0.137
0.137
0.137
0.137
0.137
0.137
0.136
0.135
0.134
0.133
0.132
0.131
0.13
0.129
0.128
0.127
0.127
0.127
0.127
0.127
0.127
0.127
0.127
0.127
0.126
0.125
0.124
0.12300000000000001
0.12200000000000001
0.12100000000000001
0.12000000000000001
0.11900000000000001
0.11800000000000001
0.117
0.116
0.115
0.114
0.113
0.112
0.11
0.108
0.10500000000000001
0.10200000000000001
0.099
0.09700000000000002
0.09500000000000001
0.09400000000000001
0.09300000000000001
0.09200000000000001
0.09100000000000001
0.09100000000000001
0.09100000000000001
0.09300000000000001
0.09500000000000001
0.097
0.098
0.097
0.09600000000000002
0.09600000000000002
0.096
0.094
0.092
0.09
0.088
0.08600000000000001
0.084
0.083
0.082
0.081
0.081
0.08
0.079
0.078
0.077
0.076
0.07500000000000001
0.07400000000000001
0.073
0.072
0.071
0.06899999999999999
0.067
0.065
0.063
0.061
0.059
0.056999999999999995
0.05499999999999999
0.05299999999999999
0.05099999999999999
0.049
0.047
0.047
0.046
0.045
0.044
0.043
0.042
0.041
0.039
0.038
0.037000000000000005
0.036000000000000004
0.035
0.034
0.033
0.033
0.033
0.033
0.033
0.033
0.033
0.033
0.033
0.033
0.034
0.035
0.036000000000000004
0.037000000000000005
0.038
0.039
0.04
0.041
0.041999999999999996
0.041999999999999996
0.041999999999999996
0.041999999999999996
0.041999999999999996
0.041999999999999996
0.041999999999999996
0.041999999999999996
0.041999999999999996
0.041999999999999996
0.041999999999999996
0.041999999999999996
0.041999999999999996
0.041999999999999996
0.041999999999999996
0.041999999999999996
0.041999999999999996
0.041999999999999996
0.041999999999999996
0.041999999999999996
0.041999999999999996
0.041999999999999996
0.041999999999999996
0.040999999999999995
0.039999999999999994
0.03899999999999999
0.038
0.037000000000000005
0.036000000000000004
0.034
0.032
0.029
0.026
0.024999999999999998
0.024
0.022
0.019999999999999997
0.019999999999999997
0.019999999999999997
0.019999999999999997
0.019999999999999997
0.019999999999999997
0.019999999999999997
0.020999999999999998
0.022
0.024
0.025
0.025999999999999995
0.027
0.028000000000000004
0.028999999999999998
0.030000000000000002
0.031
0.03
0.028999999999999998
0.028
0.027999999999999997
0.03
0.032
0.034
0.036000000000000004
0.038
0.04
0.042
0.045
0.048
0.051000000000000004
0.05399999999999999
0.056999999999999995
0.059
0.061
0.062
0.063
0.064
0.065
0.066
0.067
0.067
0.067
0.067
0.067
0.067
0.067
0.067
0.067
0.067
0.067
0.067
0.067
0.067
0.067
0.067
0.066
0.065
0.064
0.063
0.06200000000000001
0.06100000000000001
0.06000000000000001
0.05900000000000001
0.05800000000000001
0.05800000000000001
0.05800000000000001
0.05800000000000001
0.05800000000000001
0.059
0.06
0.061
0.062
0.063
0.064
0.065
0.066
0.067
0.068
0.068
0.069
0.07100000000000001
0.07300000000000001
0.07500000000000001
0.07700000000000001
0.07900000000000001
0.081
0.08299999999999999
0.08499999999999999
0.087
0.089
0.09
0.091
0.092
0.093
0.094
0.095
0.096
0.097
0.098
0.099
0.1
0.101
0.101
0.101
0.101
0.101
0.1
0.099
0.097
0.095
0.093
0.091
0.089
0.087
0.08499999999999999
0.083
0.083
0.083
0.083
0.082
0.08
0.07800000000000001
0.07600000000000001
0.07400000000000001
0.07200000000000001
0.07
0.068
0.065
0.062
0.059000000000000004
0.056
0.053
0.051000000000000004
0.049
0.048
0.047
0.046
0.045
0.044
0.043
0.043
0.043
0.043
0.043
0.043
0.043
0.043
0.043
0.043
0.043
0.044
0.045
0.046
0.047
0.048
0.049
0.049
0.049
0.049
0.049
0.049
0.049
0.049
0.049
0.049
0.049
0.049
0.049
0.048
0.047
0.046
0.045
0.044
0.043
0.042
0.041
0.04
0.039
0.039
0.038
0.036
0.034
0.032
0.03
0.028
0.026000000000000002
0.024
0.022000000000000002
0.02
0.018000000000000002
0.017
0.016
0.015
0.014
0.013000000000000001
0.012
0.011
0.01
0.009000000000000001
0.008
0.007
0.006
0.006
0.006
0.006
0.006
0.006
0.006
0.007
0.008
0.009000000000000001
0.01
0.011
0.012
0.012
0.012
0.012
0.012
0.012
0.012
0.012
0.012
0.012
0.012
0.012
0.012
0.012
0.012
0.012
0.012
0.012
0.012
0.012
0.012
0.012
0.012
0.012
0.012
0.012
0.012
0.012
0.012
0.012
0.012
0.012
0.012
0.012
0.012
0.012
0.012
0.011
0.01
0.009000000000000001
0.008
0.007
0.006
0.006
0.006
0.006
0.006
0.006
0.006
0.006
0.006
0.006
0.006
0.006
0.006
0.006
0.006
0.006
0.006
0.006
0.006
0.006
0.006
0.006
0.006
0.006
0.006
0.006
0.006
0.006
0.006
0.006
0.006
0.006
0.006
0.006
0.006
0.006
0.006
0.006
0.006
0.006
0.006
0.006
0.006
0.006
0.006
0.007
0.008
0.009000000000000001
0.01
0.011
0.012
0.013000000000000001
0.014
0.013999999999999999
0.014
0.013000000000000001
0.012
0.011
0.01
0.01
0.01
0.01
0.01
0.01
0.01
0.01
0.011
0.012
0.013000000000000001
0.014
0.015
0.016
0.017
0.017
0.017
0.017
0.017
0.017
0.017
0.017
0.017
0.017
0.017
0.017
0.017
0.017
0.017
0.017
0.017
0.017
0.017
0.017
0.017
0.017
0.017
0.017
0.017
0.017
0.017
0.017
0.017
0.017
0.017
0.017
0.017
0.017
0.017
0.017
0.017
0.017
0.017
0.018000000000000002
0.019000000000000003
0.020000000000000004
0.021
0.022
0.023
0.024
0.025
0.026000000000000002
0.027000000000000003
0.027000000000000003
0.027000000000000003
0.027000000000000003
0.027000000000000003
0.027000000000000003
0.027000000000000003
0.027000000000000003
0.027000000000000003
0.027000000000000003
0.027000000000000003
0.027000000000000003
0.027000000000000003
0.027999999999999997
0.028999999999999998
0.03
0.031
0.032
0.033
0.034
0.035
0.035
0.035
0.035
0.035
0.034
0.033
0.032
0.031
0.030000000000000006
0.029000000000000005
0.028000000000000004
0.027000000000000003
0.026000000000000002
0.025
0.025
0.025
0.025
0.025
0.025
0.025
0.025
0.025
0.025
0.025
0.025
0.024
0.023000000000000003
0.022000000000000002
0.021
0.020000000000000004
0.019000000000000003
0.018000000000000002
0.018000000000000002
0.018000000000000002
0.018000000000000002
0.018000000000000002
0.018000000000000002
0.018000000000000002
0.018000000000000002
0.018000000000000002
0.018000000000000002
0.018000000000000002
0.018000000000000002
0.018000000000000002
0.018000000000000002
0.018000000000000002
0.018000000000000002
0.018000000000000002
0.018000000000000002
0.018000000000000002
0.018000000000000002
0.018000000000000002
0.018000000000000002
0.018000000000000002
0.018000000000000002
0.018000000000000002
0.018000000000000002
0.018000000000000002
0.018000000000000002
0.018000000000000002
0.018000000000000002
0.018000000000000002
0.018000000000000002
0.018000000000000002
0.018000000000000002
0.018000000000000002
0.018000000000000002
0.018000000000000002
0.018000000000000002
0.018000000000000002
0.017
0.016
0.015000000000000001
0.014
0.013000000000000001
0.012
0.011
0.01
0.009000000000000001
0.008
0.008
0.008
0.008
0.008
0.008
0.008
0.008
0.008
0.008
0.008
0.008
0.008
0.007000000000000001
0.006
0.005
0.004
0.003
0.002
0.001
0.0
0.0
0.0
0.0
0.0
0.0
0.0
0.0
0.0
0.0
0.0
0.0
0.0
0.0
0.0
0.0
0.0
0.001
0.002
0.003
0.004
0.005
0.006
0.007000000000000001
0.008
0.009
0.01
0.011
0.012
0.012
0.012
0.012
0.012
0.012
0.012
0.012
0.012
0.012
0.012
0.012
