2500, 10, 10, resulted: 116090.59999999999 
2500, 10, 10, resulted: 76557.50000000001 
1000, 10, 10, resulted: 12921.5 
1000, 10, 10, resulted: 12839.8 
2500, 10, 10, resulted: 127544.6 
1000, 10, 10, resulted: 12660.400000000001 
2500, 10, 10, resulted: 127544.6 
1000, 10, 10, resulted: 12660.400000000001 
2500, 10, 10, resulted: 88763.2 
1000, 10, 10, resulted: 12660.400000000001 
2500, 10, 10, resulted: 88763.2 
2500, 10, 10, resulted: 93851.0 
2500, 10, 10, resulted: 88763.2 
1000, 10, 10, resulted: 12660.400000000001 
3500, 5, 10, resulted: 179107.8 
1000, 10, 10, resulted: 13141.0 
2500, 10, 10, resulted: 86952.00000000001 
1000, 10, 20, resulted: 12296.1 
2500, 10, 20, resulted: 80579.29999999999 
1000, 15, 20, resulted: 12512.733333333332 
1000, 10, 20, resulted: 12296.1 
2500, 10, 20, resulted: 80579.29999999999 
2500, 10, 20, resulted: 80579.29999999999 
2500, 10, 20, resulted: 80579.29999999999 
1000, 10, 20, resulted: 12296.1 
