0.11200000000000002
0.11800000000000002
0.12400000000000001
0.129
0.135
0.14100000000000001
0.14800000000000002
0.15300000000000002
0.16
0.166
0.17200000000000001
0.17900000000000002
0.18600000000000003
0.19300000000000003
0.20099999999999998
0.209
0.217
0.227
0.23800000000000002
0.24800000000000003
0.258
0.269
0.2800000000000001
0.29300000000000004
0.307
0.32100000000000006
0.3350000000000001
0.3500000000000001
0.3660000000000001
0.37700000000000006
0.38700000000000007
0.3960000000000001
0.4080000000000001
0.418
0.428
0.43699999999999994
0.44699999999999995
0.45599999999999996
0.46499999999999997
0.474
0.48399999999999993
0.49599999999999994
0.51
0.52
0.53
0.539
0.549
0.558
0.5670000000000001
0.5730000000000001
0.5800000000000001
0.5880000000000001
0.5980000000000001
0.6070000000000001
0.6180000000000001
0.6290000000000001
0.6410000000000001
0.6530000000000001
0.6670000000000001
0.6830000000000002
0.7010000000000002
0.7180000000000002
0.7360000000000001
0.7530000000000001
0.7720000000000001
0.7910000000000001
0.8100000000000002
0.8240000000000001
0.8400000000000002
0.8570000000000002
0.8730000000000001
0.8910000000000002
0.9130000000000003
0.9310000000000003
0.9490000000000001
0.9660000000000001
0.9860000000000001
1.008
1.032
1.0539999999999998
1.0779999999999998
1.099
1.12
1.139
1.161
1.181
1.2010000000000003
1.219
1.2390000000000003
1.257
1.277
1.299
1.3239999999999998
1.3499999999999999
1.3770000000000002
1.399
1.4219999999999997
1.442
1.4609999999999999
1.477
1.495
1.5130000000000001
1.53
1.546
1.5610000000000002
1.578
1.597
1.6170000000000002
1.6360000000000001
1.6550000000000002
1.6750000000000003
1.6880000000000002
1.7020000000000004
1.7189999999999999
1.737
1.7570000000000001
1.7790000000000001
1.798
1.8169999999999997
1.838
1.861
1.887
1.916
1.935
1.95
1.965
1.984
2.003
2.025
2.056
2.09
2.1250000000000004
2.1599999999999997
2.2
2.241
2.283
2.327
2.362
2.3960000000000004
2.418
2.4370000000000003
2.457
2.4770000000000003
2.5029999999999997
2.533
2.5620000000000003
2.591
2.623
2.658
2.6970000000000005
2.74
2.782
2.823
2.8569999999999998
2.8909999999999996
2.9209999999999994
2.9499999999999997
2.981
3.0149999999999997
3.048
3.0780000000000007
3.1109999999999998
3.1450000000000005
3.1780000000000004
3.2100000000000004
3.235
3.2600000000000007
3.2830000000000004
3.3049999999999997
3.327
3.3500000000000005
3.37
3.389
3.415
3.4440000000000004
3.476
3.5079999999999996
3.5389999999999997
3.5690000000000004
3.594
3.6140000000000003
3.632
3.6480000000000006
3.6700000000000004
3.6919999999999997
3.721
3.754
3.793
3.829
3.87
3.913
3.957
4.001
4.034
4.068
4.098
4.13
4.169
4.208000000000001
4.255000000000001
4.306
4.358
4.411
4.465000000000001
4.521999999999999
4.583
4.643999999999999
4.696
4.744000000000001
4.786
4.8229999999999995
4.87
4.921
4.976
5.028999999999999
5.079000000000001
5.123
5.166
5.209
5.25
5.2909999999999995
5.32
5.348
5.3740000000000006
5.401
5.426000000000001
5.447
5.467
5.489999999999998
5.508
5.523999999999999
5.546
5.568
5.589999999999999
5.612
5.6290000000000004
5.642
5.656000000000001
5.671
5.699999999999999
5.732000000000001
5.765000000000001
5.801
5.833
5.863
5.898
5.934
5.966
6.000000000000001
6.026000000000001
6.052
6.067
6.079000000000001
6.102000000000001
6.125
6.156000000000001
6.191000000000001
6.227
6.259
6.2940000000000005
6.335999999999999
6.3759999999999994
6.420999999999999
6.463
6.502999999999999
6.544
6.581
6.6240000000000006
6.672
6.7219999999999995
6.7730000000000015
6.826
6.876
6.9270000000000005
6.982999999999999
7.032
7.08
7.116999999999998
7.15
7.176
7.202
7.236999999999999
7.2749999999999995
7.313999999999999
7.356999999999999
7.391999999999999
7.425
7.455
7.492000000000001
7.522
7.551
7.563999999999999
7.578999999999999
7.596
7.613
7.638999999999999
7.6690000000000005
7.704000000000001
7.7410000000000005
7.768000000000001
7.7860000000000005
7.807
7.83
7.8549999999999995
7.874
7.882999999999999
7.888999999999999
7.909999999999999
7.932
7.963999999999999
8.002
8.039
8.075
8.108
8.149000000000001
8.188
8.231
8.270000000000001
8.308
8.342999999999998
8.373000000000001
8.409
8.44
8.488999999999999
8.543
8.602
8.667
8.737
8.803
8.868
8.933000000000002
8.98
9.017000000000001
9.041
9.062
9.084
9.107
9.143999999999998
9.186
9.231
9.283000000000001
9.336
9.390999999999998
9.443999999999999
9.504999999999999
9.554000000000002
9.596
9.633000000000001
9.66
9.687
9.709999999999999
9.747
9.788
9.83
9.876000000000001
9.925000000000002
9.977000000000002
10.030000000000001
10.089
10.143999999999998
10.189
10.217
10.233
10.242
10.251
10.27
10.299000000000001
10.334999999999999
10.366
10.399
10.433
10.468
10.513
10.554000000000004
10.581999999999999
10.612000000000002
10.633000000000001
10.659000000000002
10.689
10.741999999999999
10.807
10.876000000000001
10.947000000000001
11.019
11.093000000000002
11.163
11.232000000000001
11.285999999999998
11.33
11.370999999999999
11.399000000000001
11.434000000000001
11.461
11.498
11.540000000000001
11.588000000000003
11.631
11.668999999999999
11.707
11.751
11.802999999999999
11.849
11.9
11.939999999999998
11.975999999999999
12.006000000000002
12.036000000000001
12.065
12.098999999999998
12.139000000000003
12.184000000000003
12.228000000000002
12.271
12.314
12.355000000000002
12.392
12.429
12.471
12.511999999999999
12.551
12.591
12.634000000000002
12.684000000000001
12.735
12.792
12.854999999999999
12.918999999999999
12.974
13.026000000000002
13.071999999999997
13.122
13.174999999999999
13.235
13.302999999999999
13.373000000000001
13.454
13.543999999999999
13.639999999999999
13.741
13.844
13.947000000000001
14.045000000000002
14.136
14.222999999999997
14.299
14.366
14.424
14.473
14.514
14.562
14.615
14.666999999999996
14.725999999999997
14.784
14.84
14.892999999999999
14.949
15.002
15.049000000000001
15.101999999999999
15.160999999999998
15.234999999999996
15.315
15.411
15.519999999999998
15.632
15.748
15.857999999999997
15.965999999999998
16.056
16.137
16.211000000000002
16.276000000000003
16.339000000000002
16.407
16.465
16.527
16.593
16.658
16.723
16.783
16.835
16.884999999999998
16.931000000000004
16.968
17.017
17.069000000000003
17.134
17.208
17.281000000000002
17.36
17.447000000000003
17.538
17.635
17.732000000000003
17.83
17.923000000000002
18.012999999999998
18.104
18.195999999999998
18.286
18.380000000000003
18.464999999999996
18.554
18.651000000000003
18.763000000000005
18.883
19.006
19.131999999999998
19.241
19.346
19.449000000000005
19.555
19.656
19.753
19.855
19.957
20.055999999999997
20.157
20.267000000000003
20.388
20.511000000000003
20.627999999999997
20.726
20.807
20.865
20.91
20.959
21.016000000000002
21.075
21.132
21.189000000000004
21.247
21.312
21.379
21.451999999999998
21.523
21.586000000000002
21.637
21.672000000000004
21.695
21.715999999999998
21.742
21.779
21.822
21.873000000000005
21.932000000000002
22.006999999999998
22.092000000000002
22.175
22.254999999999995
22.337999999999997
22.415999999999997
22.489000000000004
22.561
22.63
22.686
22.742
22.802000000000007
22.844999999999995
22.885999999999996
22.923000000000002
22.95
22.968
22.979
22.991
23.003
23.006000000000004
23.015000000000004
23.034000000000002
23.058999999999997
23.09
23.121
23.151000000000003
23.183000000000003
23.224000000000004
23.273999999999997
23.332
23.4
23.473000000000003
23.55
23.628999999999998
23.711000000000002
23.791999999999998
23.878
23.952999999999996
24.021000000000004
24.079
24.130000000000003
24.183999999999997
24.240000000000002
24.3
24.360999999999997
24.413999999999998
24.464
24.509999999999998
24.573
24.636000000000003
24.695000000000004
24.75
24.802
24.853
24.912000000000003
24.984999999999996
25.067
25.148
25.223000000000003
25.298
25.372999999999998
25.457000000000004
25.546999999999993
25.634
25.718000000000004
25.798
25.873
25.945999999999994
26.015
26.088000000000005
26.160999999999994
26.232000000000003
26.296000000000003
26.362
26.438999999999997
26.526000000000003
26.634
26.74
26.856
26.955000000000002
27.035
27.122
27.209000000000003
27.302999999999997
27.4
27.498
27.601000000000003
27.69
27.777
27.864999999999995
27.967000000000002
28.076
28.192000000000004
28.307000000000002
28.413999999999998
28.512999999999998
28.604
28.712999999999997
28.839
28.968000000000007
29.107
29.243999999999996
29.374000000000002
29.491999999999997
29.604000000000006
29.715
29.819999999999997
29.915
29.997
30.070999999999998
30.136999999999993
30.212000000000003
30.286
30.366000000000003
30.462
30.564
30.666
30.767000000000003
30.862
30.973000000000003
31.085000000000004
31.195
31.297
31.393
31.484
31.578
31.676000000000002
31.779999999999994
31.889999999999997
31.996000000000002
32.09799999999999
32.181
32.266
32.349000000000004
32.431
32.50899999999999
32.582
32.651
32.727000000000004
32.812
32.89
32.980000000000004
33.078
33.172999999999995
33.268
33.361000000000004
33.457
33.56100000000001
33.654
33.753
33.855999999999995
33.965
34.071
34.188
34.301
34.41
34.514
34.614
34.703
34.778000000000006
34.846
34.909000000000006
34.967000000000006
35.03300000000001
35.102000000000004
35.175999999999995
35.258
35.34100000000001
35.425999999999995
35.515
35.607
35.703
35.801
35.89199999999999
35.973
36.055
36.129
36.225
36.331
36.457
36.6
36.746
36.88899999999999
37.034
37.177
37.31
37.446
37.571
37.687
37.802
37.916
38.044000000000004
38.178999999999995
38.32899999999999
38.48799999999999
38.658
38.831999999999994
38.999
39.16499999999999
39.334
39.503
39.679
39.856
40.037000000000006
40.213
40.379000000000005
40.54899999999999
40.721000000000004
40.901999999999994
41.077
41.244
41.40499999999999
41.559000000000005
41.714999999999996
41.876
42.03300000000001
42.182
42.322
42.465
42.604000000000006
42.75100000000001
42.906
43.07600000000001
43.255
43.443999999999996
43.63000000000001
43.819
43.994
44.15299999999999
44.29299999999999
44.419000000000004
44.543000000000006
44.657
44.76999999999999
44.886
45.01500000000001
45.153
45.31
45.478
45.655
45.852999999999994
46.052
46.25300000000001
46.43300000000001
46.607
46.778999999999996
46.952000000000005
47.116
47.28300000000001
47.437000000000005
47.584999999999994
47.721
47.851000000000006
47.967000000000006
48.081999999999994
48.19899999999999
48.315999999999995
48.427000000000014
48.555
48.690000000000005
48.83199999999999
48.982
49.141
49.300000000000004
49.461
49.631
49.796
49.967000000000006
50.143
50.318999999999996
50.500000000000014
50.664
50.809
50.94500000000001
51.079
51.223
51.361999999999995
51.492
51.61700000000001
51.730000000000004
51.824
51.897999999999996
51.96999999999999
52.043
52.123000000000005
52.206999999999994
52.28
52.366
52.463
52.57299999999999
52.686
52.79900000000001
52.912
53.024000000000015
53.135999999999996
53.245000000000005
53.35899999999999
53.476
53.592999999999996
53.68599999999999
53.765
53.833
53.895999999999994
53.955000000000005
54.018
54.07999999999999
54.131
54.179
54.233
54.302
54.37
54.442
54.516000000000005
54.58299999999999
54.63
54.683
54.74300000000001
54.815000000000005
54.887
54.96099999999999
55.031
55.108000000000004
55.189
55.277000000000015
55.36500000000001
55.46499999999999
55.57300000000001
55.702
55.837999999999994
56.006
56.202000000000005
56.41400000000001
56.644
56.88600000000001
57.13399999999999
57.36999999999999
57.608
57.830999999999996
58.03800000000001
58.24400000000001
58.444
58.63400000000001
58.806000000000004
58.988
59.169000000000004
59.356
59.53500000000001
59.71399999999999
59.885000000000005
60.05700000000001
60.230999999999995
60.41
60.586
60.76500000000001
60.941
61.108000000000004
61.260000000000005
61.41400000000001
61.56199999999999
61.71799999999999
61.88
62.03000000000001
62.16400000000001
62.30499999999999
62.44599999999999
62.56399999999999
62.687999999999995
62.804
62.91399999999999
63.018
63.11900000000001
63.221000000000004
63.33800000000001
63.47
63.613
63.730999999999995
63.847
63.962999999999994
64.07100000000001
64.18900000000001
64.31299999999999
64.455
64.59700000000001
64.738
64.88
65.02600000000001
65.17699999999999
65.322
65.459
65.58299999999998
65.714
65.837
65.955
66.047
66.12899999999999
66.18299999999999
66.21199999999999
66.247
66.27900000000001
66.33200000000001
66.40100000000001
66.481
66.57099999999998
66.676
66.794
66.94
67.114
67.31599999999999
67.543
67.769
68.01200000000001
68.26
68.51299999999999
68.772
69.042
69.31
69.574
69.83099999999999
70.088
70.34100000000001
70.58800000000001
70.815
71.029
71.21200000000002
71.37899999999999
71.53
71.66199999999999
71.781
71.88300000000002
71.972
72.037
72.08600000000001
72.119
72.13999999999999
72.14999999999999
72.156
72.167
72.178
72.184
72.18
72.181
72.18299999999998
72.203
72.244
72.312
72.384
72.453
72.50799999999998
72.567
72.62599999999999
72.69300000000001
72.74800000000002
72.798
72.84300000000002
72.883
72.928
72.98500000000001
73.04599999999998
73.114
73.17599999999999
73.22699999999999
73.276
73.32300000000001
73.35100000000001
73.376
73.412
73.455
73.511
73.57799999999999
73.64999999999999
73.72100000000002
73.812
73.90899999999999
74.007
74.11500000000001
74.242
74.384
74.534
74.69200000000001
74.849
75.02099999999999
75.205
75.406
75.60400000000001
75.79599999999999
75.98600000000002
76.178
76.376
76.58999999999999
76.78099999999999
76.92900000000002
77.06299999999999
77.17500000000001
77.292
77.40200000000002
77.521
77.652
77.758
77.846
77.933
78.008
78.088
78.17599999999999
78.249
78.302
78.336
78.342
78.32300000000001
78.27499999999999
78.22999999999999
78.185
78.139
78.10600000000001
78.077
78.05699999999999
78.045
78.045
78.05099999999999
78.047
78.04699999999998
78.05300000000001
78.077
78.11000000000001
78.162
78.225
78.281
78.331
78.388
78.46300000000002
78.548
78.655
78.758
78.854
78.939
79.01300000000002
79.08800000000001
79.151
79.228
79.318
79.40100000000001
79.47299999999998
79.55099999999999
79.62400000000001
79.68299999999999
79.74000000000001
79.78400000000002
79.82600000000001
79.87700000000001
79.917
79.956
79.986
80.03600000000002
80.107
80.187
80.28699999999998
80.397
80.51400000000001
80.644
80.783
80.911
81.02600000000001
81.13700000000001
81.23599999999999
81.334
81.426
81.52
81.60100000000001
81.66299999999998
81.724
81.77999999999999
81.831
81.884
81.94900000000001
82.00899999999999
82.05199999999998
82.08800000000001
82.11100000000002
82.12899999999999
82.141
82.15700000000001
82.178
82.194
82.213
82.23799999999999
82.26400000000001
82.298
82.332
82.36599999999999
82.389
82.44
82.524
82.61899999999999
82.73
82.85900000000001
83.005
83.163
83.33500000000002
83.507
83.668
83.82000000000001
83.96499999999999
84.09900000000002
84.225
84.35399999999998
84.48899999999999
84.62599999999998
84.777
84.937
85.109
85.285
85.46400000000001
85.632
85.78500000000001
85.94
86.08200000000001
86.206
86.31700000000001
86.40400000000001
86.497
86.578
86.65099999999998
86.70300000000003
86.74200000000002
86.772
86.803
86.83599999999998
86.86300000000001
86.88600000000001
86.90400000000001
86.92199999999998
86.93
86.959
86.99599999999998
87.06099999999998
87.13799999999999
87.23400000000001
87.339
87.44899999999998
87.56899999999999
87.70600000000002
87.837
87.96700000000003
88.09299999999999
88.226
88.35
88.48199999999997
88.612
88.74499999999999
88.89399999999999
89.058
89.22200000000001
89.376
89.533
89.664
89.77699999999999
89.87100000000001
89.952
90.00799999999998
90.038
90.081
90.13400000000001
90.20400000000001
90.288
90.385
90.491
90.607
90.72900000000001
90.857
90.98
91.102
91.23299999999999
91.348
91.44999999999999
91.548
91.64300000000001
91.74500000000002
91.859
91.96900000000001
92.072
92.169
92.25299999999999
92.32
92.358
92.39000000000003
92.41699999999999
92.44199999999998
92.46499999999999
92.486
92.499
92.512
92.53199999999998
92.56099999999999
92.604
92.64699999999999
92.69199999999998
92.745
92.79700000000001
92.87199999999999
92.97600000000001
93.08300000000001
93.19900000000001
93.317
93.44
93.56299999999999
93.701
93.844
93.97800000000001
94.105
94.22
94.314
94.397
94.5
94.607
94.708
94.804
94.91399999999999
95.03399999999999
95.17300000000002
95.31199999999998
95.45299999999999
95.59200000000003
95.726
95.856
95.981
96.09500000000001
96.20800000000001
96.34000000000002
96.47199999999998
96.61299999999999
96.753
96.894
97.02900000000001
97.18299999999999
97.33399999999999
97.491
97.64599999999999
97.803
97.951
98.09199999999998
98.22599999999998
98.36800000000001
98.50300000000001
98.635
98.759
98.874
98.98499999999999
99.104
99.22000000000001
99.331
99.42599999999999
99.52399999999999
99.615
99.696
99.80100000000002
99.915
100.038
100.16699999999999
100.314
100.45899999999999
100.601
100.739
100.873
101.017
101.15799999999999
101.30000000000001
101.43199999999999
101.56299999999999
101.69099999999999
101.81800000000001
101.944
102.05699999999999
102.16499999999998
102.268
102.369
102.46900000000001
102.566
102.66
102.76
102.862
102.968
103.07799999999999
103.193
103.326
103.466
103.611
103.753
103.893
104.039
104.18799999999999
104.32900000000001
104.46400000000001
104.59100000000001
104.71200000000002
104.83100000000002
104.94600000000003
105.05199999999999
105.15100000000002
105.241
105.33499999999998
105.43400000000001
105.53500000000001
105.62700000000001
105.70100000000001
105.765
105.81300000000002
105.856
105.90699999999998
105.959
106.00999999999999
106.061
106.10099999999998
106.12999999999998
106.15800000000002
106.18799999999999
106.237
106.278
106.312
106.344
106.38
106.425
106.488
106.582
106.70600000000002
106.834
106.96399999999998
107.094
107.21100000000001
107.32300000000002
107.417
107.48400000000001
107.53200000000001
107.57699999999998
107.595
107.59800000000001
107.592
107.581
107.56200000000001
107.52800000000002
107.475
107.42800000000001
107.375
107.34200000000001
107.334
107.33900000000001
107.34300000000002
107.35599999999998
107.37099999999998
107.408
107.449
107.51799999999999
107.59300000000002
107.66999999999999
107.73800000000001
107.813
107.894
107.983
108.078
108.17
108.26699999999998
108.359
108.46200000000002
108.57300000000001
108.691
108.804
108.92699999999999
109.041
109.148
109.25399999999999
109.34700000000002
109.42800000000003
109.517
109.614
109.70800000000001
109.815
109.92999999999999
110.041
110.14499999999998
110.252
110.36599999999999
110.46899999999998
110.56999999999998
110.67000000000002
110.765
110.863
110.973
111.076
111.185
111.294
111.412
111.534
111.65600000000002
111.78099999999999
111.897
112.00600000000001
112.10199999999998
112.199
112.30000000000003
112.417
112.531
112.642
112.74799999999999
112.85500000000002
112.96199999999999
113.078
113.20700000000001
113.33499999999998
113.45799999999997
113.561
113.651
113.741
113.84
113.939
114.034
114.11
114.158
114.197
114.226
114.24499999999999
114.27
114.293
114.31199999999998
114.315
114.304
114.31400000000002
114.34
114.39200000000001
114.47000000000001
114.55900000000001
114.659
114.77400000000002
114.91199999999999
115.04900000000002
115.19199999999998
115.33500000000001
115.49000000000001
115.628
115.76
115.89899999999997
116.04400000000001
116.198
116.367
116.51799999999999
116.64900000000002
116.76400000000002
116.88300000000001
116.998
117.126
117.241
117.352
117.43900000000001
117.52199999999999
117.623
117.745
117.879
118.01400000000001
118.153
118.294
118.44300000000001
118.60699999999999
118.77300000000001
118.928
119.07600000000001
119.20200000000001
119.325
119.422
119.525
119.62699999999998
119.73899999999998
119.85600000000001
119.97999999999999
120.09199999999998
120.193
120.30199999999998
120.39299999999999
120.488
120.581
120.665
120.73199999999999
120.77599999999998
120.829
120.88799999999999
120.942
120.98899999999999
121.018
121.018
121.011
120.998
120.97199999999998
120.93499999999999
120.89699999999999
120.845
120.78599999999999
120.72699999999999
120.67
120.623
120.586
120.56599999999999
120.52599999999998
120.486
120.44999999999999
120.42
120.395
120.37399999999998
120.354
120.33299999999998
120.31700000000001
120.30700000000002
120.33100000000002
120.376
120.44000000000001
120.512
120.59600000000002
120.697
120.82499999999999
120.97800000000001
121.14
121.30099999999999
121.479
121.64500000000001
121.81099999999999
121.96600000000002
122.11700000000002
122.25600000000001
122.37400000000001
122.47899999999998
122.556
122.613
122.642
122.66100000000002
122.662
122.633
122.606
122.571
122.53099999999999
122.47600000000001
122.427
122.37500000000001
122.322
122.268
122.182
122.07199999999999
121.954
121.829
121.709
121.572
121.42699999999999
121.265
121.09400000000002
120.927
120.768
120.605
120.431
120.25599999999999
120.06299999999999
119.87699999999997
119.68700000000001
119.50099999999999
119.31200000000001
119.13199999999999
118.958
118.80400000000002
118.67000000000002
118.563
118.468
118.38599999999998
118.30000000000001
118.221
118.143
118.073
118.011
117.952
117.89700000000002
117.82900000000001
117.77500000000002
117.712
117.64899999999999
117.59399999999998
117.534
117.49
117.429
117.363
117.28699999999999
117.203
117.124
117.043
116.962
116.87399999999998
116.79699999999998
116.72699999999999
116.63899999999998
116.55799999999999
116.46000000000001
116.36299999999999
116.24999999999999
116.13099999999999
116.00500000000001
115.85100000000001
115.696
115.51899999999999
115.332
115.13499999999998
114.944
114.76899999999999
114.59099999999997
114.415
114.22300000000001
114.018
113.791
113.558
113.32200000000002
113.08499999999998
112.84700000000002
112.61499999999998
112.37200000000001
112.13199999999998
111.912
111.708
111.513
111.336
111.147
110.95200000000001
110.76200000000001
110.58099999999999
110.42000000000002
110.274
110.14600000000002
110.01999999999998
109.908
109.80999999999999
109.721
109.639
109.54500000000002
109.457
109.35900000000001
109.254
109.15
109.043
108.94200000000001
108.849
108.76699999999998
108.699
108.64200000000001
108.58999999999999
108.547
108.53500000000001
108.541
108.563
108.584
108.597
108.604
108.613
108.61800000000001
108.616
108.611
108.581
108.54400000000001
108.49900000000001
108.45500000000001
108.39399999999999
108.33
108.25799999999997
108.152
108.01400000000001
107.857
107.68400000000001
107.518
107.348
107.17
106.981
106.787
106.601
106.428
106.26700000000001
106.094
105.92400000000002
105.753
105.59100000000001
105.44000000000001
105.28599999999999
105.15600000000002
105.037
104.93100000000001
104.837
104.745
104.67599999999999
104.619
104.58
104.559
104.54499999999999
104.54700000000003
104.55299999999998
104.58200000000002
104.61499999999998
104.66799999999998
104.73400000000001
104.805
104.892
104.983
105.07999999999998
105.17599999999999
105.27399999999999
105.36800000000001
105.458
105.53300000000002
105.577
105.619
105.648
105.66999999999999
105.687
105.68899999999998
105.687
105.67
105.63099999999999
105.597
105.555
105.487
105.42399999999998
105.33200000000002
105.212
105.09500000000001
104.985
104.87899999999999
104.78399999999999
104.68199999999999
104.56700000000001
104.45200000000001
104.34499999999998
104.244
104.148
104.07000000000002
104.00300000000001
103.94500000000001
103.89200000000001
103.85000000000001
103.821
103.794
103.76899999999998
103.75
103.724
103.696
103.66799999999999
103.62499999999999
103.58100000000002
103.514
103.43200000000002
103.32600000000001
103.202
103.08799999999998
102.97
102.85699999999999
102.75200000000001
102.65499999999999
102.564
102.48299999999999
102.409
102.33000000000001
102.245
102.13499999999999
102.02199999999998
101.90300000000002
101.776
101.66100000000002
101.559
101.46900000000001
101.40199999999999
101.346
101.29500000000002
101.26900000000002
101.262
101.268
101.274
101.27700000000002
101.277
101.274
101.26700000000002
101.26399999999998
101.24600000000001
101.226
101.199
101.146
101.067
100.985
100.906
100.82
100.71199999999999
100.59099999999998
100.441
100.25699999999999
100.053
99.84899999999998
99.641
99.435
99.23799999999999
99.04099999999998
98.85100000000003
98.66199999999999
98.47500000000002
98.28200000000001
98.10000000000001
97.916
97.728
97.538
97.345
97.16499999999999
97.00599999999999
96.86699999999999
96.75600000000001
96.671
96.59899999999999
96.55100000000002
96.52499999999999
96.50800000000001
96.5
96.474
96.424
96.37599999999999
96.312
96.26100000000001
96.21900000000001
96.17999999999998
96.13799999999999
96.08600000000001
96.00999999999999
95.93199999999999
95.85399999999998
95.76800000000001
95.68299999999999
95.58699999999999
95.469
95.33999999999999
95.21700000000001
95.09200000000001
94.96699999999998
94.84400000000001
94.722
94.616
94.525
94.42200000000001
94.32500000000002
94.226
94.12299999999999
94.01499999999999
93.90400000000001
93.804
93.695
93.59
93.47400000000002
93.34299999999999
93.219
93.08899999999998
92.95399999999998
92.815
92.667
92.513
92.36099999999999
92.20900000000002
92.059
91.935
91.809
91.69800000000001
91.59700000000001
91.508
91.42999999999998
91.372
91.319
91.261
91.19799999999998
91.11
91.01299999999999
90.887
90.74800000000002
90.59100000000001
90.42
90.249
90.079
89.903
89.72699999999999
89.556
89.39300000000001
89.247
89.11099999999999
88.986
88.863
88.741
88.62999999999998
88.52900000000001
88.44299999999998
88.373
88.33500000000001
88.307
88.28399999999999
88.253
88.217
88.18099999999998
88.14
88.09599999999999
88.04799999999999
88.01
87.965
87.93099999999998
87.91000000000001
87.88999999999999
87.87299999999999
87.873
87.881
87.88600000000001
87.88900000000001
87.88799999999999
87.88499999999998
87.86999999999999
87.824
87.768
87.702
87.64
87.599
87.568
87.54099999999998
87.51300000000002
87.48800000000001
87.461
87.433
87.40799999999999
87.38199999999999
87.34700000000001
87.312
87.275
87.21499999999999
87.163
87.10899999999998
87.05600000000001
86.99000000000001
86.921
86.846
86.77199999999999
86.68900000000002
86.587
86.482
86.38
86.268
86.144
86.01499999999997
85.89699999999999
85.778
85.658
85.538
85.424
85.32000000000002
85.226
85.134
85.063
84.98800000000001
84.91999999999999
84.862
84.799
84.74000000000001
84.687
84.615
84.52699999999999
84.436
84.316
84.167
83.981
83.77000000000001
83.53200000000001
83.269
82.98899999999999
82.69499999999998
82.38799999999999
82.06900000000002
81.772
81.488
81.213
80.951
80.70099999999998
80.44500000000001
80.202
79.963
79.73
79.501
79.27700000000002
79.058
78.828
78.59299999999999
78.361
78.12499999999999
77.887
77.64599999999999
77.401
77.13199999999999
76.844
76.54599999999999
76.24900000000001
75.95800000000001
75.65599999999999
75.348
75.028
74.71499999999999
74.40899999999999
74.096
73.785
73.463
73.152
72.836
72.513
72.19600000000001
71.89000000000001
71.593
71.3
71.016
70.728
70.45400000000001
70.179
69.91199999999999
69.63000000000001
69.33200000000001
69.02499999999999
68.71499999999999
68.393
68.07499999999999
67.763
67.45400000000001
67.147
66.843
66.544
66.249
65.962
65.68
65.396
65.122
64.837
64.55600000000001
64.27
63.981
63.696000000000005
63.419
63.147000000000006
62.861999999999995
62.57
62.291000000000004
62.022
61.765
61.497
61.215
60.934000000000005
60.644999999999996
60.35000000000001
60.06399999999999
59.78000000000001
59.495000000000005
59.176
58.862
58.53199999999999
58.184
57.835
57.486000000000004
57.13099999999999
56.803000000000004
56.479000000000006
56.164
55.867999999999995
55.604000000000006
55.381
55.187999999999995
54.999
54.827
54.658
54.494
54.342999999999996
54.187999999999995
54.026
53.846999999999994
53.67300000000001
53.495
53.318000000000005
53.153999999999996
52.99099999999999
52.828
52.663000000000004
52.50199999999999
52.333
52.157000000000004
51.98400000000001
51.814
51.642999999999994
51.47599999999999
51.29600000000001
51.116
50.92700000000001
50.735
50.55
50.363000000000014
50.17600000000001
49.980999999999995
49.79
49.59
49.40200000000001
49.20300000000001
49.003
48.81999999999999
48.636
48.467999999999996
48.293
48.117999999999995
47.943000000000005
47.75300000000001
47.547999999999995
47.322
47.087999999999994
46.837
46.583999999999996
46.325
46.062
45.795
45.54600000000001
45.312999999999995
45.08999999999999
44.87200000000001
44.663
44.447
44.22100000000001
43.986000000000004
43.745999999999995
43.508
43.25999999999999
43.007999999999996
42.745999999999995
42.492
42.248000000000005
42.009
41.786
41.571
41.36
41.15899999999999
40.958999999999996
40.760000000000005
40.563
40.384
40.22
40.06299999999999
39.923
39.778000000000006
39.657
39.558
39.467
39.397
39.333000000000006
39.266999999999996
39.194
39.121
39.057
38.981
38.906000000000006
38.833999999999996
38.75699999999999
38.675000000000004
38.584
38.478
38.370000000000005
38.254999999999995
38.136
38.004999999999995
37.863
37.705
37.551
37.384
37.221000000000004
37.07000000000001
36.919
36.789
36.658
36.533
36.407
36.277
36.147999999999996
36.010999999999996
35.866
35.728
35.586
35.439
35.294000000000004
35.147
34.998000000000005
34.845
34.69
34.538000000000004
34.394
34.245
34.099
33.95199999999999
33.807
33.667
33.528999999999996
33.387
33.25
33.118
32.985
32.856
32.711
32.550999999999995
32.376
32.186
31.996000000000002
31.807000000000002
31.617
31.432000000000006
31.256
31.098999999999997
30.936999999999998
30.779999999999994
30.630999999999997
30.490000000000002
30.357000000000003
30.229
30.107999999999997
29.982
29.845999999999997
29.716
29.589000000000002
29.463
29.342
29.226999999999997
29.126
29.029999999999998
28.953000000000003
28.880999999999997
28.814000000000004
28.747999999999998
28.675
28.6
28.527
28.445999999999994
28.371999999999996
28.298999999999996
28.219
28.133
28.034999999999997
27.919000000000004
27.79
27.648
27.499
27.343999999999998
27.17
26.988
26.799999999999997
26.608000000000004
26.421
26.236
26.064
25.895
25.731000000000005
25.579
25.433999999999997
25.294
25.163
25.029999999999994
24.909000000000002
24.795
24.685000000000002
24.578000000000007
24.473000000000003
24.376
24.274
24.164
24.048000000000002
23.931
23.818
23.705
23.594000000000005
23.479999999999997
23.361000000000004
23.245000000000005
23.131
23.024000000000004
22.918
22.817999999999998
22.716
22.608000000000004
22.501
22.4
22.304
22.215
22.133999999999997
22.056
21.986
21.916999999999998
21.854000000000003
21.807
21.772000000000002
21.745
21.712999999999997
21.677999999999997
21.633
21.581999999999997
21.525000000000002
21.471999999999998
21.418000000000003
21.358
21.296
21.241999999999997
21.203
21.175
21.142
21.111
21.071
21.032999999999998
20.986
20.933000000000003
20.882
20.839
20.786
20.724000000000004
20.66
20.58
20.500999999999998
20.429999999999996
20.362999999999996
20.287999999999997
20.209
20.126
20.042000000000005
19.956
19.866000000000003
19.778
19.677
19.570999999999998
19.459999999999997
19.346000000000004
19.233999999999998
19.128
19.011999999999997
18.892000000000003
18.77
18.641
18.511
18.383
18.266000000000002
18.152
18.044
17.941
17.84
17.749
17.675
17.611
17.549
17.482
17.404
17.323999999999998
17.233
17.134
17.029
16.918999999999997
16.810000000000002
16.7
16.582
16.465999999999998
16.357
16.251
16.148
16.049
15.954000000000002
15.855
15.754
15.66
15.568999999999999
15.481000000000002
15.392
15.305
15.212000000000002
15.118
15.04
14.965999999999998
14.889
14.81
14.73
14.644000000000002
14.555
14.465
14.376
14.283999999999999
14.192
14.104
14.017000000000001
13.934999999999999
13.856000000000002
13.777999999999999
13.697
13.610000000000001
13.518
13.424999999999999
13.323
13.217
13.113
13.012999999999998
12.919
12.827
12.731000000000002
12.632
12.542000000000002
12.455
12.366
12.277000000000001
12.188999999999998
12.100999999999999
12.014000000000001
11.913
11.815
11.711999999999998
11.615
11.513
11.418
11.326999999999998
11.245000000000001
11.176
11.103999999999997
11.03
10.959999999999997
10.895000000000001
10.833
10.772
10.710000000000003
10.646
10.580000000000002
10.512
10.449
10.39
10.343000000000002
10.3
10.254000000000001
10.204
10.157
10.116999999999999
10.075
10.037999999999998
10.001999999999999
9.966000000000001
9.930999999999997
9.898
9.861
9.818
9.775
9.729000000000001
9.676
9.620000000000001
9.562
9.501999999999999
9.444999999999999
9.393
9.341999999999999
9.295
9.259
9.220999999999998
9.184
9.151
9.132000000000001
9.113999999999999
9.078000000000001
9.038
9.0
8.96
8.916
8.869
8.823
8.775
8.734
8.693999999999999
8.66
8.620000000000001
8.593
8.567
8.533999999999999
8.506
8.48
8.456
8.425
8.394
8.365
8.337
8.309
8.279
8.245000000000001
8.207
8.172
8.135
8.091
8.042
7.996
7.950999999999999
7.907
7.868
7.834999999999999
7.8069999999999995
7.787999999999999
7.774000000000001
7.755
7.732
7.713
7.697
7.67
7.6370000000000005
7.600999999999999
7.557
7.5169999999999995
7.478
7.4449999999999985
7.4190000000000005
7.393
7.366
7.334999999999999
7.304
7.275
7.248000000000001
7.2139999999999995
7.181000000000001
7.148999999999999
7.114
7.079000000000001
7.041
6.998999999999999
6.957000000000001
6.922999999999999
6.894
6.860000000000001
6.829
6.801
6.776999999999999
6.745
6.71
6.678000000000001
6.645
6.617000000000001
6.591
6.567
6.542
6.528999999999999
6.522
6.507
6.493
6.489000000000001
6.489999999999999
6.484
6.470000000000001
6.459
6.449
6.440999999999999
6.437000000000001
6.431
6.416
6.402
6.388999999999999
6.372999999999999
6.362
6.351000000000001
6.34
6.317
6.291
6.268
6.245
6.223
6.204
6.179
6.147
6.118
6.092999999999999
6.061
6.0329999999999995
6.004
5.977
5.94
5.903
5.866
5.827
5.790000000000001
5.755
5.715999999999999
5.678000000000001
5.646
5.615
5.5809999999999995
5.549
5.52
5.494999999999999
5.4590000000000005
5.420999999999999
5.388999999999999
5.361
5.338
5.319000000000001
5.2940000000000005
5.260000000000001
5.236000000000001
5.214
5.186
5.155
5.128
5.101
5.068999999999999
5.037
5.017
5.0
4.99
4.984999999999999
4.97
4.95
4.936
4.925
4.917
4.911
4.909
4.909
4.902
4.888
4.877999999999999
4.8709999999999996
4.867
4.867000000000001
4.858
4.844
4.832999999999999
4.824999999999999
4.806
4.787
4.774000000000001
4.76
4.741
4.719
4.699
4.677999999999999
4.657
4.64
4.617
4.593000000000001
4.573
4.551
4.52
4.483
4.455
4.426
4.389
4.35
4.316999999999999
4.292
4.265999999999999
4.241
4.212000000000001
4.182
4.159
4.138
4.114
4.087
4.0600000000000005
4.031
3.999
3.9639999999999995
3.9310000000000005
3.897
3.874
3.85
3.819
3.784
3.758
3.74
3.7190000000000003
3.697
3.6790000000000003
3.6589999999999994
3.6320000000000006
3.604
3.5810000000000004
3.5579999999999994
3.5420000000000003
3.5340000000000003
3.5199999999999996
3.505
3.5
3.496
3.488
3.479
3.474
3.467
3.458
3.4459999999999997
3.435
3.4269999999999996
3.421
3.4139999999999997
3.398
3.376
3.3600000000000003
3.346
3.327
3.3089999999999997
3.2959999999999994
3.285
3.2689999999999992
3.252
3.2399999999999998
3.2269999999999994
3.2150000000000003
3.207
3.1959999999999997
3.1839999999999997
3.1820000000000004
3.1820000000000004
3.1750000000000003
3.168
3.161
3.155
3.1460000000000004
3.133
3.1250000000000004
3.1209999999999996
3.118
3.1119999999999997
3.0959999999999996
3.074
3.059
3.0469999999999997
3.035
3.024
3.019
3.011
3.0049999999999994
2.9970000000000003
2.9920000000000004
2.985
2.986
2.991
2.991
2.987
2.9869999999999997
2.986
2.9829999999999997
2.981
2.983
2.988
2.983
2.975
2.9699999999999998
2.965
2.963
2.963
2.959
2.949
2.946
2.9470000000000005
2.9480000000000004
2.948
2.9510000000000005
2.9560000000000004
2.9600000000000004
2.961
2.9619999999999997
2.963
2.9680000000000004
2.976
2.9770000000000003
2.983
2.9900000000000007
2.999
3.0120000000000005
3.024
3.0359999999999996
3.0490000000000004
3.062
3.0740000000000003
3.0909999999999997
3.109
3.132
3.1540000000000004
3.1719999999999997
3.1820000000000004
3.1969999999999996
3.211
3.223
3.235
3.246
3.251
3.253
3.258
3.261
3.26
3.266
3.2680000000000002
3.2660000000000005
3.264
3.268
3.272
3.272
3.2729999999999997
3.2749999999999995
3.275
3.2760000000000002
3.278
3.284
3.295
3.3070000000000004
3.32
3.327
3.3340000000000005
3.3390000000000004
3.3449999999999998
3.347
3.3510000000000004
3.36
3.3670000000000004
3.373
3.379
3.384
3.391
3.4000000000000004
3.4109999999999996
3.41
3.403
3.4000000000000004
3.4
3.4000000000000004
3.401
3.3990000000000005
3.397
3.397
3.4010000000000002
3.4000000000000004
3.4010000000000002
3.406
3.4120000000000004
3.404
3.3920000000000003
3.3850000000000002
3.3780000000000006
3.368
3.3580000000000005
3.348
3.3360000000000003
3.322
3.3059999999999996
3.297
3.2889999999999997
3.282
3.2760000000000002
3.2640000000000002
3.2500000000000004
3.241
3.238
3.2319999999999998
3.2209999999999996
3.2089999999999996
3.1969999999999996
3.1849999999999996
3.1769999999999996
3.1679999999999993
3.163
3.1609999999999996
3.163
3.157
3.151
3.15
3.1449999999999996
3.139
3.1299999999999994
3.1159999999999997
3.101
3.0869999999999997
3.073
3.0589999999999997
3.0469999999999997
3.0349999999999997
3.026
3.0069999999999997
2.9859999999999998
2.9659999999999997
2.944
2.92
2.9000000000000004
2.878
2.8550000000000004
2.8339999999999996
2.82
2.8109999999999995
2.802
2.7969999999999997
2.797
2.791
2.7849999999999997
2.7820000000000005
2.779
2.7739999999999996
2.772
2.7720000000000002
2.77
2.7700000000000005
2.7710000000000004
2.772
2.77
2.769
2.7640000000000002
2.7520000000000002
2.741
2.735
2.7270000000000003
2.717
2.705
2.691
2.673
2.655
2.639
2.6229999999999998
2.605
2.5900000000000003
2.5749999999999997
2.5559999999999996
2.535
2.527
2.5220000000000002
2.519
2.516
2.5109999999999997
2.508
2.508
2.508
2.51
2.5119999999999996
2.516
2.519
2.5120000000000005
2.503
2.507
2.517
2.524
2.531
2.537
2.541
2.544
2.5480000000000005
2.554
2.5620000000000003
2.572
2.584
2.589
2.59
2.597
2.603
2.607
2.6080000000000005
2.605
2.602
2.5980000000000003
2.596
2.597
2.594
2.593
2.589
2.5799999999999996
2.5679999999999996
2.561
2.552
2.54
2.527
2.5119999999999996
2.4989999999999997
2.487
2.476
2.468
2.46
2.4510000000000005
2.4400000000000004
2.4270000000000005
2.4099999999999997
2.4010000000000002
2.394
2.3880000000000003
2.3840000000000003
2.3850000000000002
2.386
2.39
2.394
2.399
2.403
2.405
2.405
2.4
2.391
2.388
2.385
2.382
2.378
2.37
2.357
2.3449999999999998
2.335
2.324
2.311
2.298
2.286
2.27
2.252
2.239
2.2270000000000003
2.216
2.205
2.1959999999999997
2.1870000000000003
2.184
2.184
2.182
2.1799999999999997
2.1750000000000003
2.1710000000000003
2.165
2.156
2.149
2.1420000000000003
2.1340000000000003
2.1260000000000003
2.118
2.109
2.1020000000000003
2.095
2.091
2.089
2.0820000000000003
2.073
2.056
2.0380000000000003
2.0269999999999997
2.016
2.0029999999999997
1.988
1.977
1.9660000000000002
1.959
1.9539999999999997
1.9499999999999997
1.9469999999999998
1.943
1.936
1.923
1.908
1.899
1.891
1.8809999999999998
1.8729999999999998
1.8659999999999999
1.86
1.859
1.859
1.863
1.8670000000000002
1.865
1.862
1.8530000000000002
1.843
1.839
1.835
1.834
1.834
1.8339999999999999
1.836
1.8409999999999997
1.846
1.85
1.854
1.857
1.8599999999999999
1.855
1.846
1.838
1.831
1.823
1.815
1.805
1.794
1.783
1.7710000000000001
1.7590000000000001
1.748
1.737
1.727
1.714
1.6999999999999997
1.689
1.681
1.672
1.6669999999999998
1.661
1.6549999999999998
1.6520000000000001
1.6520000000000001
1.6520000000000001
1.6509999999999998
1.65
1.6480000000000001
1.641
1.631
1.6219999999999999
1.613
1.6059999999999999
1.597
1.5859999999999999
1.574
1.5630000000000002
1.5539999999999998
1.545
1.536
1.527
1.518
1.5059999999999998
1.4939999999999998
1.483
1.4729999999999999
1.4649999999999999
1.459
1.4489999999999998
1.438
1.4249999999999998
1.4120000000000001
1.398
1.3820000000000001
1.3639999999999999
1.342
1.323
1.304
1.2939999999999998
1.287
1.2809999999999997
1.276
1.27
1.263
1.258
1.254
1.25
1.2449999999999999
1.242
1.241
1.2320000000000002
1.2229999999999999
1.218
1.214
1.212
1.211
1.2069999999999999
1.201
1.1969999999999998
1.192
1.187
1.184
1.18
1.175
1.168
1.1600000000000001
1.157
1.154
1.15
1.1460000000000001
1.142
1.1380000000000001
1.135
1.1320000000000001
1.129
1.125
1.1219999999999999
1.12
1.113
1.1029999999999998
1.0999999999999999
1.099
1.097
1.096
1.0979999999999999
1.101
1.104
1.1059999999999999
1.1070000000000002
1.1059999999999999
1.1059999999999999
1.105
1.101
1.097
1.098
1.0990000000000002
1.1
1.1
1.1
1.0979999999999999
1.097
1.096
1.0939999999999999
1.092
1.091
1.0910000000000002
1.088
1.086
1.085
1.085
1.085
1.086
1.0859999999999999
1.086
1.088
1.0910000000000002
1.0939999999999999
1.097
1.0999999999999999
1.1019999999999999
1.099
1.0939999999999999
1.091
1.088
1.087
1.0869999999999997
1.0859999999999999
1.0839999999999999
1.083
1.0830000000000002
1.085
1.089
1.094
1.0979999999999999
1.101
1.104
1.107
1.109
1.1099999999999999
1.109
1.109
1.109
1.108
1.107
1.104
1.101
1.1
1.099
1.092
1.082
1.078
1.076
1.074
1.074
1.072
1.069
1.07
1.071
1.067
1.063
1.058
1.051
1.0430000000000001
1.036
1.034
1.0330000000000001
1.033
1.034
1.036
1.038
1.0390000000000001
1.04
1.036
1.03
1.025
1.022
1.0130000000000001
1.0030000000000001
1.0
1.0010000000000001
1.0030000000000001
1.0070000000000001
1.012
1.016
1.016
1.014
1.0110000000000001
1.008
1.006
1.004
1.0
0.996
0.9930000000000001
0.9910000000000001
0.988
0.9850000000000001
0.9840000000000002
0.982
0.9780000000000002
0.971
0.962
0.9520000000000001
0.945
0.9390000000000001
0.931
0.923
0.9179999999999999
0.911
0.9069999999999999
0.9039999999999999
0.903
0.9009999999999999
0.8959999999999999
0.892
0.885
0.877
0.871
0.865
0.858
0.8499999999999999
0.846
0.844
0.846
0.847
0.846
0.844
0.844
0.845
0.844
0.845
0.847
0.847
0.846
0.845
0.8440000000000001
0.844
0.8450000000000001
0.848
0.8510000000000001
0.8550000000000001
0.857
0.859
0.855
0.85
0.845
0.839
0.831
0.823
0.818
0.8119999999999999
0.8099999999999999
0.807
0.804
0.799
0.795
0.793
0.785
0.777
0.773
0.769
0.765
0.763
0.761
0.757
0.755
0.754
0.7519999999999999
0.75
0.748
0.746
0.742
0.739
0.741
0.7429999999999999
0.7459999999999999
0.747
0.7509999999999999
0.755
0.7559999999999999
0.755
0.7539999999999999
0.752
0.7489999999999999
0.745
0.741
0.7359999999999999
0.7349999999999999
0.734
0.733
0.732
0.732
0.732
0.734
0.7340000000000001
0.733
0.732
0.727
0.7230000000000001
0.717
0.7130000000000001
0.711
0.712
0.713
0.7130000000000001
0.7140000000000001
0.714
0.7150000000000001
0.717
0.718
0.719
0.72
0.7230000000000001
0.726
0.728
0.7330000000000001
0.738
0.7450000000000001
0.751
0.7570000000000001
0.763
0.77
0.776
0.7810000000000001
0.786
0.7890000000000001
0.7929999999999999
0.7909999999999999
0.788
0.7899999999999999
0.79
0.7869999999999999
0.7829999999999999
0.7809999999999999
0.7789999999999999
0.7779999999999999
0.776
0.7719999999999999
0.766
0.7599999999999999
0.755
0.7499999999999999
0.7439999999999999
0.745
0.747
0.749
0.751
0.754
0.758
0.762
0.766
0.768
0.77
0.773
0.776
0.774
0.77
0.772
0.776
0.779
0.7820000000000001
0.785
0.787
0.789
0.791
0.792
0.792
0.792
0.793
0.79
0.786
0.785
0.784
0.782
0.781
0.779
0.7770000000000001
0.776
0.775
0.774
0.773
0.7730000000000001
0.7740000000000001
0.773
0.7720000000000001
0.772
0.7729999999999999
0.772
0.772
0.772
0.7729999999999999
0.774
0.7749999999999999
0.776
0.7769999999999999
0.7789999999999999
0.782
0.7829999999999999
0.782
0.7849999999999999
0.7869999999999999
0.7869999999999999
0.786
0.7849999999999999
0.7829999999999999
0.7809999999999999
0.7789999999999999
0.7749999999999999
0.7709999999999999
0.768
0.764
0.7569999999999999
0.7490000000000001
0.744
0.7390000000000001
0.7310000000000001
0.7230000000000001
0.712
0.702
0.692
0.683
0.676
0.669
0.662
0.656
0.649
0.641
0.637
0.633
0.627
0.621
0.618
0.616
0.613
0.611
0.609
0.607
0.607
0.609
0.6059999999999999
0.603
0.601
0.599
0.596
0.593
0.5900000000000001
0.5880000000000001
0.5850000000000001
0.5810000000000001
0.5780000000000001
0.575
0.573
0.571
0.566
0.5609999999999999
0.5609999999999999
0.5609999999999999
0.5599999999999999
0.5569999999999999
0.5539999999999999
0.5509999999999999
0.548
0.544
0.54
0.536
0.534
0.532
0.5309999999999999
0.53
0.532
0.534
0.5349999999999999
0.536
0.5369999999999999
0.538
0.539
0.5419999999999999
0.5429999999999999
0.5429999999999999
0.5449999999999999
0.548
0.547
0.5439999999999999
0.5439999999999999
0.5439999999999999
0.5439999999999999
0.5439999999999999
0.5429999999999999
0.5409999999999999
0.539
0.536
0.532
0.5289999999999999
0.526
0.5229999999999999
0.5189999999999999
0.514
0.516
0.5189999999999999
0.522
0.5249999999999999
0.528
0.53
0.532
0.5349999999999999
0.5349999999999999
0.534
0.534
0.534
0.532
0.53
0.53
0.5289999999999999
0.528
0.5269999999999999
0.528
0.5289999999999999
0.53
0.5309999999999999
0.528
0.5249999999999999
0.52
0.5149999999999999
0.5109999999999999
0.506
0.503
0.5
0.497
0.494
0.492
0.49
0.487
0.485
0.482
0.478
0.474
0.471
0.46799999999999997
0.46399999999999997
0.46599999999999997
0.46599999999999997
0.46799999999999997
0.47
0.472
0.475
0.479
0.483
0.484
0.487
0.488
0.489
0.489
0.489
0.49
0.491
0.491
0.491
0.491
0.491
0.493
0.495
0.495
0.495
0.496
0.497
0.496
0.495
0.491
0.486
0.482
0.478
0.474
0.47
0.46699999999999997
0.46299999999999997
0.45799999999999996
0.44999999999999996
0.44499999999999995
0.44300000000000006
0.43800000000000006
0.43200000000000005
0.42800000000000005
0.42600000000000005
0.42400000000000004
0.42200000000000004
0.42000000000000004
0.41800000000000004
0.41700000000000004
0.41800000000000004
0.41600000000000004
0.4139999999999999
0.4129999999999999
0.4109999999999999
0.4079999999999999
0.40599999999999997
0.40399999999999997
0.40199999999999997
0.39899999999999997
0.396
0.394
0.393
0.393
0.393
0.39
0.387
0.387
0.388
0.38999999999999996
0.39199999999999996
0.39699999999999996
0.40299999999999997
0.408
0.413
0.418
0.423
0.427
0.431
0.433
0.434
0.438
0.441
0.443
0.445
0.446
0.448
0.451
0.454
0.457
0.46
0.462
0.464
0.465
0.465
0.464
0.463
0.462
0.46
0.459
0.458
0.456
0.455
0.452
0.45
0.447
0.443
0.44
0.436
0.434
0.43000000000000005
0.42600000000000005
0.42300000000000004
0.42000000000000004
0.41700000000000004
0.41600000000000004
0.41500000000000004
0.41400000000000003
0.41300000000000003
0.41200000000000003
0.41200000000000003
0.41100000000000003
0.41000000000000003
0.41000000000000003
0.41000000000000003
0.40900000000000003
0.40800000000000003
0.40700000000000003
0.406
0.40700000000000003
0.4079999999999999
0.4079999999999999
0.4079999999999999
0.4069999999999999
0.4049999999999999
0.4029999999999999
0.4009999999999999
0.3989999999999999
0.3989999999999999
0.3969999999999999
0.39299999999999996
0.39099999999999996
0.38899999999999996
0.38799999999999996
0.38599999999999995
0.38399999999999995
0.382
0.38
0.378
0.376
0.372
0.37
0.368
0.365
0.363
0.362
0.361
0.36
0.359
0.358
0.357
0.354
0.35
0.34600000000000003
0.342
0.339
0.335
0.331
0.327
0.322
0.317
0.31
0.303
0.297
0.29100000000000004
0.28500000000000003
0.279
0.274
0.269
0.266
0.263
0.261
0.259
0.258
0.257
0.256
0.254
0.253
0.253
0.251
0.248
0.246
0.244
0.243
0.242
0.241
0.24
0.24
0.24
0.239
0.239
0.239
0.239
0.239
0.23800000000000002
0.239
0.24
0.24
0.24
0.239
0.239
0.24
0.239
0.238
0.237
0.235
0.23299999999999998
0.23099999999999998
0.22999999999999998
0.22899999999999998
0.22800000000000004
0.22700000000000004
0.22599999999999998
0.22600000000000003
0.22599999999999998
0.22599999999999998
0.22599999999999998
0.22499999999999998
0.224
0.223
0.222
0.221
0.22
0.218
0.216
0.216
0.216
0.216
0.215
0.215
0.216
0.218
0.22
0.221
0.222
0.223
0.224
0.22499999999999998
0.22600000000000003
0.22700000000000004
0.22800000000000004
0.22600000000000003
0.22400000000000003
0.22300000000000003
0.22100000000000003
0.21900000000000003
0.21800000000000003
0.21900000000000003
0.22000000000000003
0.22100000000000003
0.22200000000000003
0.22200000000000003
0.22200000000000003
0.22100000000000003
0.22000000000000003
0.21900000000000003
0.21900000000000003
0.21900000000000003
0.21900000000000003
0.21900000000000003
0.21900000000000003
0.21900000000000003
0.21800000000000003
0.21700000000000003
0.21600000000000003
0.21600000000000003
0.21600000000000003
0.21500000000000002
0.21400000000000002
0.214
0.215
0.216
0.217
0.218
0.219
0.219
0.218
0.216
0.21300000000000002
0.21200000000000002
0.21200000000000002
0.21200000000000002
0.21200000000000002
0.21200000000000002
0.21200000000000002
0.21300000000000002
0.21400000000000002
0.21400000000000002
0.21400000000000002
0.21300000000000002
0.21200000000000002
0.21100000000000002
0.20900000000000002
0.20700000000000002
0.20500000000000002
0.201
0.197
0.193
0.191
0.191
0.19
0.19
0.191
0.192
0.193
0.194
0.195
0.196
0.196
0.196
0.195
0.194
0.193
0.192
0.191
0.19
0.189
0.187
0.185
0.183
0.181
0.179
0.177
0.177
0.177
0.175
0.173
0.17099999999999999
0.169
0.167
0.165
0.162
0.16
0.15899999999999997
0.15799999999999997
0.15699999999999997
0.15599999999999997
0.155
0.154
0.15300000000000002
0.153
0.156
0.159
0.162
0.16499999999999998
0.16699999999999998
0.16699999999999998
0.16499999999999998
0.16399999999999998
0.161
0.15899999999999997
0.15899999999999997
0.159
0.16
0.161
0.165
0.16799999999999998
0.17099999999999999
0.175
0.176
0.177
0.178
0.179
0.18
0.181
0.181
0.182
0.184
0.187
0.189
0.19
0.191
0.192
0.192
0.193
0.196
0.201
0.206
0.211
0.214
0.21699999999999997
0.21899999999999997
0.22199999999999998
0.22399999999999998
0.22599999999999998
0.22799999999999998
0.22999999999999998
0.23099999999999998
0.23299999999999998
0.236
0.239
0.242
0.245
0.246
0.247
0.25
0.253
0.256
0.257
0.258
0.259
0.258
0.257
0.256
0.256
0.256
0.256
0.256
0.256
0.257
0.258
0.261
0.264
0.267
0.27
0.272
0.274
0.277
0.28
0.28300000000000003
0.28600000000000003
0.28700000000000003
0.28800000000000003
0.28900000000000003
0.29000000000000004
0.29100000000000004
0.29200000000000004
0.29300000000000004
0.29400000000000004
0.29500000000000004
0.29500000000000004
0.29500000000000004
0.29400000000000004
0.29300000000000004
0.29200000000000004
0.29100000000000004
0.29000000000000004
0.28900000000000003
0.28800000000000003
0.28600000000000003
0.28300000000000003
0.28
0.277
0.274
0.271
0.269
0.267
0.265
0.262
0.26
0.257
0.254
0.251
0.248
0.245
0.241
0.237
0.23299999999999998
0.228
0.22600000000000003
0.22400000000000003
0.22200000000000003
0.22000000000000003
0.21800000000000003
0.21600000000000003
0.21400000000000002
0.21100000000000002
0.20800000000000002
0.20400000000000001
0.2
0.196
0.192
0.188
0.185
0.181
0.176
0.16999999999999998
0.16499999999999998
0.15999999999999998
0.15799999999999997
0.156
0.156
0.155
0.155
0.155
0.15700000000000003
0.15900000000000003
0.16099999999999998
0.16199999999999998
0.163
0.163
0.163
0.163
0.165
0.167
0.168
0.169
0.168
0.167
0.166
0.165
0.166
0.167
0.168
0.168
0.169
0.17200000000000001
0.17400000000000002
0.17600000000000002
0.177
0.178
0.17700000000000002
0.17600000000000002
0.175
0.174
0.172
0.16899999999999998
0.166
0.163
0.16
0.157
0.156
0.155
0.154
0.154
0.154
0.154
0.154
0.154
0.154
0.154
0.154
0.154
0.154
0.154
0.153
0.152
0.151
0.151
0.152
0.153
0.155
0.157
0.157
0.157
0.157
0.157
0.157
0.157
0.157
0.157
0.157
0.157
0.157
0.157
0.157
0.157
0.157
0.157
0.158
0.159
0.16
0.161
0.162
0.163
0.164
0.165
0.166
0.167
0.168
0.169
0.169
0.169
0.169
0.169
0.169
0.169
0.168
0.167
0.165
0.163
0.16
0.157
0.155
0.153
0.149
0.14500000000000002
0.14200000000000002
0.139
0.136
0.133
0.13
0.127
0.123
0.119
0.11599999999999999
0.11300000000000002
0.11200000000000002
0.112
0.11099999999999999
0.11099999999999999
0.11099999999999999
0.111
0.111
0.111
0.11
0.10700000000000001
0.10600000000000001
0.10500000000000001
0.10400000000000001
0.10300000000000001
0.10200000000000001
0.101
0.097
0.093
0.091
0.09
0.089
0.088
0.087
0.086
0.08499999999999999
0.08399999999999999
0.08299999999999999
0.081
0.079
0.077
0.07500000000000001
0.07300000000000001
0.07200000000000001
0.07100000000000001
0.07
0.069
0.068
0.067
0.067
0.067
0.067
0.066
0.065
0.065
0.065
0.065
0.067
0.069
0.07100000000000001
0.07300000000000001
0.07500000000000001
0.07700000000000001
0.07800000000000001
0.07900000000000001
0.08000000000000002
0.08100000000000002
0.08200000000000002
0.08300000000000002
0.08300000000000002
0.08300000000000002
0.08400000000000002
0.08600000000000001
0.08700000000000001
0.08800000000000001
0.08900000000000001
0.09
0.091
0.093
0.09499999999999999
0.09699999999999999
0.09799999999999999
0.09899999999999999
0.098
0.097
0.097
0.097
0.097
0.097
0.097
0.098
0.09899999999999999
0.09999999999999999
0.10099999999999999
0.102
0.102
0.102
0.101
0.1
0.099
0.098
0.097
0.096
0.095
0.094
0.093
0.092
0.092
0.092
0.091
0.09
0.089
0.087
0.086
0.08399999999999999
0.08199999999999999
0.07999999999999999
0.07799999999999999
0.076
0.074
0.07300000000000001
0.07100000000000001
0.069
0.066
0.063
0.060000000000000005
0.057
0.057
0.057
0.057
0.057
0.057
0.057
0.057
0.057
0.057
0.057
0.057
0.057
0.057
0.057
0.057
0.057
0.057
0.057
0.057
0.057
0.057
0.057
0.057
0.057
0.058
0.059000000000000004
0.06
0.06
0.059
0.05800000000000001
0.057
0.056
0.055
0.054000000000000006
0.052000000000000005
0.05
0.049
0.048
0.047
0.046
0.045
0.044
0.044
0.044
0.043
0.040999999999999995
0.03899999999999999
0.037000000000000005
0.035
0.033
0.032
0.03
0.028
0.026
0.026
0.026000000000000002
0.027999999999999997
0.03
0.032
0.034
0.035
0.037000000000000005
0.038000000000000006
0.038000000000000006
0.038
0.038
0.038
0.038
0.039999999999999994
0.041999999999999996
0.044
0.046
0.047
0.048
0.048
0.048
0.048
0.048
0.048
0.048
0.048
0.048
0.048
0.048
0.048
0.048
0.048
0.048
0.048
0.048
0.048
0.048
0.048
0.047
0.046
0.045
0.045
0.045
0.045
0.045
0.045
0.045
0.045
0.045
0.045
0.045
0.045
0.045
0.045
0.045
0.045
0.045
0.045
0.045
0.046
0.047
0.048
0.049
0.049
0.049
0.049
0.049
0.049
0.049
0.048
0.047
0.046
0.045
0.044
0.043
0.041999999999999996
0.041
0.04
0.039
0.039
0.039
0.039
0.039
0.039
0.039
0.039
0.039
0.039
0.039
0.039
0.039
0.039
0.039
0.039
0.039
0.038
0.037000000000000005
0.036000000000000004
0.035
0.033
0.031
0.029
0.027
0.024999999999999998
0.023
0.022
0.02
0.019
0.018000000000000002
0.017
0.017
0.017
0.017
0.016
0.015000000000000001
0.013000000000000001
0.011
0.01
0.009000000000000001
0.009000000000000001
0.009000000000000001
0.009000000000000001
0.009000000000000001
0.009000000000000001
0.009000000000000001
0.009000000000000001
0.009000000000000001
0.009000000000000001
0.009000000000000001
0.009000000000000001
0.009000000000000001
0.009000000000000001
0.009000000000000001
0.009000000000000001
0.009000000000000001
0.009000000000000001
0.009000000000000001
0.009000000000000001
0.009000000000000001
0.009000000000000001
0.009000000000000001
0.009000000000000001
0.009000000000000001
0.009000000000000001
0.009000000000000001
0.009000000000000001
0.009000000000000001
0.009000000000000001
0.009000000000000001
0.009000000000000001
0.009000000000000001
0.009000000000000001
0.009000000000000001
0.009000000000000001
0.009000000000000001
0.009000000000000001
0.009000000000000001
0.009000000000000001
0.009000000000000001
0.008
0.007
0.006
0.005
0.005
0.006
0.007000000000000001
0.008
0.009
0.01
0.01
0.01
0.01
0.01
0.01
0.011
0.012
0.013000000000000001
0.014
0.015
0.016
0.017
0.017
0.017
0.017
0.017
0.017
0.017
0.017
0.017
0.017
0.017
0.017
0.017
0.017
0.017
0.017
0.018000000000000002
0.019
0.02
0.020999999999999998
0.022
0.023
0.024
0.025
0.026000000000000002
0.027000000000000003
0.027999999999999997
0.028999999999999998
0.03
0.03
0.028999999999999998
0.028
0.027000000000000003
0.026000000000000002
0.025
0.025
0.025
0.025
0.025
0.025
0.025
0.025
0.025
0.025
0.025
0.025
0.025
0.026000000000000002
0.027000000000000003
0.028
0.029
0.030000000000000002
0.031
0.032
0.033
0.034
0.035
0.035
0.035
0.035
0.036
0.037
0.038
0.039
0.04
0.041
0.042
0.042
0.042
0.042
0.042
0.042
0.042
0.042
0.042
0.042
0.042
0.042
0.042
0.042
0.042
0.042
0.042
0.042
0.041
0.04
0.03900000000000001
0.038000000000000006
0.037000000000000005
0.037000000000000005
0.037000000000000005
0.037000000000000005
0.038000000000000006
0.03900000000000001
0.039
0.038
0.037
0.036
0.034999999999999996
0.033999999999999996
0.033
0.033
0.033
0.033
0.033
0.033
0.033
0.033
0.034
0.034
0.034
0.034
0.034
0.034
0.034
0.034
0.033
0.032
0.031
0.03
0.028999999999999998
0.028000000000000004
0.027000000000000003
0.026000000000000002
0.025
0.024
0.023
0.022
0.021
0.021
0.021
0.021
0.021
0.021
0.021
0.021
0.021
0.021
0.021
0.021
0.021
0.021
0.021
0.021
0.021
0.021
0.021
0.02
0.019000000000000003
0.018000000000000002
0.017
0.016
0.015000000000000001
0.014000000000000002
0.013000000000000001
0.012
0.011000000000000001
0.011000000000000001
0.011000000000000001
0.011000000000000001
0.01
0.009000000000000001
0.008
0.007
0.006
0.005
0.004
0.004
0.004
0.004
0.004
0.004
0.004
0.004
0.004
0.004
0.004
0.004
0.004
0.004
0.004
0.004
0.004
0.004
0.004
0.004
0.004
0.004
0.004
0.004
0.004
0.004
0.003
0.002
0.001
0.001
0.001
0.001
0.001
0.001
0.001
0.001
0.001
0.001
0.001
0.001
0.001
0.001
0.0
0.0
0.0
0.0
0.0
0.0
0.0
0.0
0.0
0.0
0.0
0.0
0.0
0.0
0.0
0.0
0.0
0.0
0.0
0.0
0.0
0.0
0.0
0.0
0.0
0.0
0.0
0.0
0.0
0.0
0.0
0.0
0.0
0.0
0.0
0.0
0.0
0.0
0.0
0.0
0.001
0.002
0.003
0.004
0.005
0.006
0.007000000000000001
0.008
0.009
0.01
0.011
0.011
0.011
0.011
0.011
0.011
0.011
0.011
0.011
0.011
0.011
0.011
0.011
0.011
0.011
0.011
0.011
0.011
0.011
0.011
0.011
0.011
0.012
0.013
0.013999999999999999
0.015
0.016
0.016
0.016
0.017
0.018
0.019
0.02
0.021
0.022000000000000002
0.023000000000000003
0.024
0.024999999999999998
0.026
0.026
0.026
0.026
0.026
0.026
0.026999999999999996
0.027999999999999997
0.028999999999999998
0.03
0.031
0.032
0.033
0.034
0.035
0.036
0.037
0.037
0.037
0.037
0.037
0.037
0.037
0.037
0.037
0.037
0.037
0.037
0.037
0.037
0.037
0.037
0.037
0.037
0.037
0.037
0.037
0.037
0.037
0.037
0.037
0.037
0.037
0.037
0.037
0.037
0.037
0.037
0.037
0.037
0.037
0.037
0.036000000000000004
0.035
0.034
0.033
0.032
0.031
0.03
0.029
0.028
0.027
0.026000000000000002
0.026000000000000002
0.026000000000000002
0.026000000000000002
0.026000000000000002
0.026000000000000002
0.026000000000000002
0.026000000000000002
0.026000000000000002
0.026000000000000002
0.026000000000000002
0.026000000000000002
0.026000000000000002
0.026000000000000002
0.026000000000000002
0.026000000000000002
0.026000000000000002
0.026000000000000002
0.026000000000000002
0.026000000000000002
0.026000000000000002
0.026000000000000002
0.025
0.024
0.023
0.022
0.020999999999999998
0.020999999999999998
0.020999999999999998
0.019999999999999997
0.019
0.018000000000000002
0.017
0.016
0.015
0.013999999999999999
0.013
0.012
0.011
0.011
0.011
0.011
0.011
0.011
0.01
0.009
0.008
0.007000000000000001
0.007
0.007
0.007
0.006
0.005
0.004
0.003
0.003
0.003
0.003
0.003
0.003
0.003
0.003
0.003
0.003
0.003
0.003
0.003
0.003
0.003
0.003
0.003
0.003
0.003
0.003
0.003
0.003
0.003
0.003
0.003
0.003
0.003
0.003
0.003
0.003
0.003
0.003
0.003
0.003
0.003
0.003
0.003
0.003
0.003
0.003
0.003
0.003
0.003
0.003
0.003
0.003
0.003
0.003
0.003
0.003
0.003
0.003
0.003
0.003
0.003
0.003
0.003
0.003
0.003
0.003
0.003
0.003
0.003
0.003
0.003
0.003
0.003
0.003
0.003
0.003
0.003
0.003
0.003
0.003
0.003
0.003
0.003
0.003
0.003
0.003
0.003
0.003
0.003
0.003
0.003
0.003
0.003
0.003
0.003
0.003
0.003
0.003
0.003
0.003
0.002
0.001
0.0
0.0
0.0
0.0
0.0
0.0
0.0
0.0
0.0
0.0
0.0
0.0
0.0
0.0
0.0
0.0
0.0
0.0
0.0
0.0
0.0
0.0
0.0
0.0
0.0
0.0
0.0
0.0
0.0
0.0
0.0
0.0
0.0
0.0
0.0
0.0
0.0
0.0
0.0
0.0
0.0
0.0
0.0
0.0
0.0
0.0
0.0
0.0
0.0
0.0
0.0
0.0
0.0
0.0
0.0
0.0
0.0
0.0
0.0
0.0
0.0
0.0
0.0
0.0
0.0
0.0
