0.042
0.046
0.05
0.054000000000000006
0.057999999999999996
0.06
0.062
0.064
0.066
0.068
0.07
0.074
0.078
0.082
0.086
0.088
0.09
0.094
0.09999999999999999
0.106
0.112
0.11800000000000001
0.124
0.132
0.14
0.14600000000000002
0.15199999999999997
0.15799999999999997
0.16399999999999998
0.16999999999999998
0.176
0.182
0.188
0.194
0.2
0.20600000000000002
0.21200000000000002
0.21800000000000003
0.22400000000000003
0.22999999999999998
0.23799999999999996
0.24799999999999997
0.258
0.264
0.27
0.276
0.28400000000000003
0.29200000000000004
0.30000000000000004
0.30800000000000005
0.31800000000000006
0.32800000000000007
0.338
0.34800000000000003
0.358
0.366
0.374
0.382
0.39
0.398
0.41000000000000003
0.42200000000000004
0.43400000000000005
0.44400000000000006
0.45400000000000007
0.46399999999999997
0.474
0.484
0.496
0.508
0.52
0.534
0.55
0.56
0.5700000000000001
0.578
0.586
0.592
0.598
0.606
0.616
0.628
0.64
0.65
0.66
0.67
0.68
0.6900000000000001
0.7000000000000001
0.7100000000000001
0.7200000000000001
0.7320000000000001
0.746
0.76
0.776
0.794
0.8140000000000001
0.8320000000000001
0.8500000000000001
0.87
0.89
0.908
0.924
0.9340000000000002
0.9440000000000002
0.958
0.972
0.988
1.004
1.022
1.042
1.06
1.078
1.096
1.116
1.1340000000000001
1.1520000000000001
1.168
1.1820000000000002
1.196
1.2100000000000002
1.224
1.242
1.2580000000000002
1.274
1.288
1.306
1.324
1.342
1.36
1.3779999999999997
1.3899999999999997
1.4019999999999997
1.4139999999999997
1.428
1.4419999999999997
1.4579999999999997
1.476
1.4939999999999998
1.5099999999999998
1.5239999999999998
1.5359999999999998
1.5479999999999998
1.5599999999999998
1.5719999999999998
1.5879999999999999
1.6019999999999999
1.618
1.634
1.652
1.668
1.684
1.7
1.716
1.732
1.75
1.77
1.7919999999999998
1.8159999999999998
1.8399999999999999
1.86
1.88
1.902
1.926
1.95
1.976
2.002
2.016
2.026
2.0380000000000003
2.052
2.064
2.076
2.094
2.112
2.134
2.156
2.18
2.204
2.218
2.23
2.2359999999999998
2.242
2.254
2.264
2.2739999999999996
2.286
2.298
2.31
2.326
2.3419999999999996
2.358
2.372
2.3859999999999997
2.4
2.41
2.416
2.4179999999999997
2.42
2.422
2.426
2.4339999999999997
2.4440000000000004
2.462
2.482
2.496
2.512
2.524
2.5360000000000005
2.5440000000000005
2.552
2.552
2.548
2.542
2.534
2.53
2.526
2.524
2.5220000000000002
2.5180000000000002
2.516
2.512
2.5060000000000002
2.498
2.492
2.486
2.478
2.472
2.466
2.46
2.456
2.4600000000000004
2.464
2.47
2.4739999999999998
2.478
2.482
2.484
2.488
2.4920000000000004
2.498
2.504
2.512
2.518
2.524
2.53
2.536
2.544
2.5540000000000003
2.5620000000000003
2.5700000000000003
2.578
2.5860000000000003
2.5940000000000003
2.6020000000000003
2.614
2.6260000000000003
2.6340000000000003
2.64
2.648
2.658
2.668
2.6759999999999997
2.686
2.696
2.706
2.7159999999999997
2.726
2.7380000000000004
2.7479999999999998
2.7600000000000002
2.768
2.776
2.786
2.798
2.812
2.826
2.846
2.868
2.892
2.916
2.944
2.974
3.0000000000000004
3.0300000000000002
3.0600000000000005
3.09
3.1159999999999997
3.14
3.16
3.184
3.208
3.232
3.250000000000001
3.266
3.282
3.3
3.322
3.3440000000000003
3.362
3.3760000000000003
3.378
3.378
3.3820000000000006
3.386
3.396
3.4040000000000004
3.414
3.428
3.4400000000000004
3.448
3.4679999999999995
3.492
3.5159999999999996
3.54
3.564
3.588
3.61
3.6319999999999997
3.6579999999999995
3.684
3.71
3.7359999999999998
3.758
3.778
3.798
3.816
3.824
3.828
3.832
3.8360000000000003
3.84
3.8440000000000003
3.846
3.8500000000000005
3.8520000000000003
3.8519999999999994
3.8499999999999996
3.846
3.848
3.848
3.8459999999999996
3.842
3.8439999999999994
3.8480000000000003
3.85
3.852
3.85
3.848
3.846
3.844
3.8360000000000003
3.83
3.83
3.8360000000000003
3.838
3.8439999999999994
3.848
3.8539999999999996
3.8579999999999997
3.8599999999999994
3.8640000000000003
3.8679999999999994
3.87
3.874
3.8739999999999997
3.8739999999999997
3.888
3.91
3.9259999999999993
3.942
3.96
3.974
3.9859999999999998
4.0
4.0120000000000005
4.026
4.034
4.04
4.05
4.0600000000000005
4.07
4.082000000000001
4.084
4.08
4.074
4.068
4.068
4.07
4.071999999999999
4.07
4.068
4.0680000000000005
4.072
4.076
4.0840000000000005
4.092
4.1000000000000005
4.11
4.117999999999999
4.13
4.148
4.164
4.1739999999999995
4.184
4.196
4.214
4.222
4.224
4.23
4.24
4.246
4.256
4.264
4.274
4.284
4.2940000000000005
4.306
4.324
4.34
4.356
4.362
4.358
4.36
4.362
4.37
4.384
4.406
4.434
4.462000000000001
4.49
4.518000000000001
4.545999999999999
4.5760000000000005
4.606
4.626
4.648000000000001
4.674
4.699999999999999
4.71
4.720000000000001
4.728
4.736
4.748
4.758
4.768
4.784000000000001
4.8020000000000005
4.82
4.828
4.835999999999999
4.851999999999999
4.868
4.874
4.871999999999999
4.8660000000000005
4.853999999999999
4.85
4.846
4.844000000000001
4.846
4.842
4.84
4.828000000000001
4.816
4.808000000000001
4.8
4.8020000000000005
4.798
4.792000000000001
4.784000000000001
4.78
4.784000000000001
4.788000000000001
4.792
4.798
4.806000000000001
4.814000000000001
4.818
4.8260000000000005
4.839999999999999
4.858
4.878
4.9079999999999995
4.944
4.982
5.018
5.058
5.102
5.144
5.188000000000001
5.225999999999999
5.262
5.308
5.354000000000001
5.398000000000001
5.441999999999999
5.473999999999999
5.502
5.531999999999999
5.56
5.592
5.628
5.658
5.686
5.708
5.726
5.756
5.7940000000000005
5.834
5.872000000000001
5.884
5.878
5.868
5.856
5.846
5.838
5.828
5.811999999999999
5.798000000000001
5.783999999999999
5.784
5.795999999999999
5.808000000000001
5.82
5.83
5.832
5.836
5.835999999999999
5.838
5.84
5.840000000000001
5.840000000000001
5.835999999999999
5.832
5.828
5.822
5.822
5.824
5.830000000000001
5.8340000000000005
5.842
5.852
5.86
5.868
5.877999999999999
5.882
5.885999999999999
5.8919999999999995
5.895999999999999
5.901999999999999
5.909999999999999
5.917999999999999
5.924
5.930000000000001
5.94
5.954
5.966000000000001
5.978
5.981999999999999
5.986
5.986
5.986000000000001
5.998000000000001
6.01
6.0200000000000005
6.03
6.032
6.0360000000000005
6.050000000000001
6.061999999999999
6.072
6.075999999999999
6.082
6.086
6.084
6.08
6.07
6.064
6.058
6.05
6.032000000000001
6.005999999999999
5.9799999999999995
5.95
5.922
5.896
5.855999999999999
5.814
5.776
5.742000000000001
5.712000000000001
5.682
5.646
5.612000000000001
5.582
5.5600000000000005
5.554
5.554
5.561999999999999
5.574
5.5680000000000005
5.553999999999999
5.534000000000001
5.508
5.478000000000001
5.4479999999999995
5.420000000000001
5.392
5.362
5.334
5.334
5.35
5.378000000000001
5.408
5.436
5.466
5.492
5.5200000000000005
5.546
5.574
5.604
5.638
5.683999999999999
5.73
5.7700000000000005
5.810000000000001
5.846
5.890000000000001
5.928
5.966000000000001
5.996
6.024
6.047999999999999
6.069999999999999
6.104
6.142
6.172
6.2
6.236
6.274000000000001
6.312
6.348000000000001
6.37
6.394
6.416
6.4399999999999995
6.458
6.468
6.491999999999999
6.5120000000000005
6.526
6.5360000000000005
6.552
6.574000000000001
6.596
6.618
6.642
6.672000000000001
6.712
6.756000000000001
6.811999999999999
6.868
6.917999999999999
6.966
7.018000000000001
7.075999999999999
7.138
7.199999999999999
7.25
7.302
7.351999999999999
7.406000000000001
7.449999999999999
7.492
7.530000000000001
7.561999999999999
7.595999999999999
7.632000000000001
7.6659999999999995
7.702
7.746
7.796
7.834
7.869999999999999
7.89
7.901999999999999
7.912
7.922
7.932
7.936
7.933999999999999
7.93
7.921999999999999
7.914000000000001
7.902
7.886
7.863999999999999
7.8420000000000005
7.814
7.783999999999999
7.771999999999999
7.7700000000000005
7.78
7.8020000000000005
7.831999999999999
7.861999999999999
7.894
7.924
7.9559999999999995
7.992
8.030000000000001
8.068
8.082
8.09
8.092
8.095999999999998
8.104000000000001
8.114
8.127999999999998
8.14
8.152000000000001
8.16
8.158
8.158000000000001
8.166
8.182
8.181999999999999
8.164
8.144
8.118
8.096
8.078000000000001
8.066
8.058
8.052000000000001
8.042
8.038
8.036
8.038
8.040000000000001
8.030000000000001
8.022
8.006
7.981999999999999
7.9559999999999995
7.93
7.912
7.9
7.89
7.884
7.876
7.868
7.86
7.849999999999999
7.840000000000001
7.828
7.812
7.784000000000001
7.752
7.714
7.6739999999999995
7.634
7.601999999999999
7.574
7.542
7.508000000000001
7.476
7.446
7.428
7.414
7.395999999999999
7.37
7.3580000000000005
7.348
7.3420000000000005
7.345999999999999
7.364000000000001
7.384
7.412
7.4399999999999995
7.468
7.501999999999999
7.5280000000000005
7.553999999999999
7.59
7.632
7.692
7.752000000000001
7.802
7.85
7.902
7.958
8.018
8.078
8.145999999999999
8.213999999999999
8.282
8.346000000000002
8.396
8.440000000000001
8.486
8.534
8.572
8.6
8.623999999999999
8.65
8.674
8.696
8.718
8.74
8.756
8.772
8.796000000000001
8.822
8.854000000000001
8.886
8.918
8.948
8.972
8.998000000000001
9.02
9.042
9.064
9.088
9.09
9.074
9.074
9.086
9.108
9.14
9.178
9.214
9.248000000000001
9.274000000000001
9.296000000000001
9.318
9.344
9.372
9.38
9.379999999999999
9.388
9.394
9.424000000000001
9.463999999999999
9.506
9.55
9.594
9.636
9.674
9.716000000000001
9.766
9.822
9.874
9.928
9.972
10.005999999999998
10.05
10.100000000000001
10.152
10.204
10.242
10.272
10.294
10.314
10.336
10.355999999999998
10.358
10.350000000000001
10.328
10.294
10.266
10.241999999999999
10.213999999999999
10.184000000000001
10.155999999999999
10.122
10.078000000000001
10.030000000000001
9.974
9.911999999999999
9.848
9.776
9.709999999999999
9.642
9.58
9.524000000000001
9.46
9.402000000000001
9.342
9.282
9.22
9.158
9.102
9.046
8.975999999999999
8.904
8.828
8.75
8.688
8.634
8.582
8.527999999999999
8.484
8.448
8.414000000000001
8.378
8.34
8.303999999999998
8.254000000000001
8.193999999999999
8.134
8.072
8.022
7.977999999999999
7.938
7.894000000000001
7.844000000000001
7.792
7.738
7.682
7.626
7.572
7.5200000000000005
7.4639999999999995
7.417999999999999
7.378
7.344
7.3100000000000005
7.276
7.239999999999999
7.2
7.156000000000001
7.112
7.069999999999999
7.029999999999999
6.994
6.95
6.904
6.87
6.846
6.827999999999999
6.814
6.798
6.784
6.766000000000001
6.746
6.723999999999999
6.7059999999999995
6.686
6.6579999999999995
6.628
6.597999999999999
6.566
6.53
6.508
6.496
6.476000000000001
6.456
6.434
6.411999999999999
6.402000000000001
6.401999999999999
6.41
6.418
6.424
6.43
6.442
6.462
6.496
6.538
6.587999999999999
6.640000000000001
6.684
6.728
6.7620000000000005
6.792
6.818
6.843999999999999
6.868
6.892
6.92
6.946
6.992000000000001
7.048
7.106
7.162
7.218
7.273999999999999
7.33
7.380000000000001
7.428
7.484
7.536
7.59
7.65
7.712
7.773999999999999
7.832
7.88
7.9159999999999995
7.944
7.968
7.992
8.014
8.038
8.064
8.09
8.114
8.143999999999998
8.176
8.208
8.242
8.274000000000001
8.306
8.328
8.347999999999999
8.372
8.402000000000001
8.440000000000001
8.478
8.518
8.56
8.588
8.614
8.646
8.682
8.700000000000001
8.72
8.73
8.74
8.754
8.77
8.796
8.832
8.872
8.918
8.962
9.006
9.048000000000002
9.084
9.116
9.144
9.166
9.178
9.181999999999999
9.178
9.174
9.166
9.164000000000001
9.164
9.166
9.166
9.171999999999999
9.18
9.184000000000001
9.181999999999999
9.18
9.175999999999998
9.171999999999999
9.176
9.18
9.184
9.184
9.186
9.187999999999999
9.188
9.176
9.15
9.122
9.098
9.07
9.042
9.014
8.982
8.969999999999999
8.964000000000002
8.962
8.96
8.952
8.944
8.92
8.892
8.854000000000001
8.814
8.77
8.722000000000001
8.676
8.626000000000001
8.588
8.564
8.548
8.528
8.504
8.48
8.45
8.418000000000001
8.388
8.366
8.356000000000002
8.36
8.366
8.372
8.378
8.388
8.402000000000001
8.415999999999999
8.426
8.436
8.437999999999999
8.442
8.45
8.454
8.462
8.474
8.482
8.488
8.498000000000001
8.504000000000001
8.51
8.517999999999999
8.514
8.501999999999999
8.48
8.452
8.426000000000002
8.406
8.405999999999999
8.404
8.396
8.374
8.350000000000001
8.326
8.3
8.27
8.244
8.208
8.168000000000001
8.128
8.1
8.081999999999999
8.07
8.062000000000001
8.058
8.065999999999999
8.09
8.122
8.155999999999999
8.194
8.218
8.24
8.258000000000001
8.274000000000001
8.294
8.314
8.344
8.379999999999999
8.41
8.439999999999998
8.468
8.49
8.508000000000001
8.520000000000001
8.522
8.514
8.51
8.506
8.517999999999999
8.544
8.57
8.596
8.620000000000001
8.64
8.67
8.71
8.734
8.754
8.771999999999998
8.788
8.804
8.818000000000001
8.844000000000001
8.878
8.916
8.953999999999999
8.994
9.038
9.079999999999998
9.122
9.152
9.176
9.194
9.208
9.213999999999999
9.216000000000001
9.222
9.228
9.24
9.251999999999999
9.264000000000001
9.27
9.274
9.270000000000001
9.26
9.242
9.219999999999999
9.198
9.178
9.158
9.146
9.136
9.124
9.118
9.113999999999999
9.112
9.122
9.132000000000001
9.126
9.112
9.086
9.054
9.030000000000001
9.006
9.0
9.002
9.002
8.998
8.994
8.992
9.001999999999999
9.024000000000001
9.05
9.078
9.094
9.098
9.096
9.100000000000001
9.108
9.118
9.126000000000001
9.134
9.142000000000001
9.152000000000001
9.164
9.17
9.174
9.181999999999999
9.186
9.187999999999999
9.202000000000002
9.222
9.241999999999999
9.268
9.29
9.316
9.324
9.33
9.340000000000002
9.352
9.372
9.389999999999999
9.414000000000001
9.442
9.482
9.532
9.58
9.632
9.676
9.716
9.742
9.753999999999998
9.752
9.748000000000001
9.74
9.728
9.722
9.722000000000001
9.728
9.736
9.758
9.784
9.798
9.802
9.794
9.776
9.73
9.672
9.614
9.558
9.518
9.48
9.45
9.426
9.414
9.404
9.398
9.39
9.376000000000001
9.36
9.326
9.284
9.246
9.219999999999999
9.204
9.192
9.176
9.16
9.144
9.132000000000001
9.13
9.128
9.104
9.068000000000001
9.030000000000001
8.986
8.942
8.904
8.884
8.873999999999999
8.87
8.868
8.870000000000001
8.879999999999999
8.888
8.89
8.900000000000002
8.911999999999999
8.912
8.915999999999999
8.92
8.922
8.924
8.927999999999999
8.94
8.96
8.974
8.984
8.998
9.014
9.026
9.032
9.032
9.026
9.02
9.014
9.012
9.012
9.014
9.020000000000001
9.006
8.979999999999999
8.946
8.904
8.868
8.826
8.792
8.758
8.728000000000002
8.7
8.666
8.629999999999999
8.581999999999999
8.528
8.468
8.4
8.322000000000001
8.236
8.154
8.072000000000001
8.001999999999999
7.94
7.894
7.853999999999999
7.82
7.796000000000001
7.766000000000001
7.726000000000001
7.676
7.634
7.582000000000001
7.526
7.4879999999999995
7.466
7.462000000000001
7.465999999999999
7.496
7.539999999999999
7.585999999999999
7.63
7.670000000000001
7.712
7.7459999999999996
7.772000000000001
7.788000000000001
7.8020000000000005
7.81
7.819999999999999
7.840000000000001
7.86
7.8999999999999995
7.9559999999999995
8.006
8.05
8.082
8.11
8.128
8.14
8.149999999999999
8.156
8.164
8.171999999999999
8.192
8.212
8.232
8.254000000000001
8.280000000000001
8.304
8.319999999999999
8.34
8.362
8.384
8.394
8.398
8.411999999999999
8.431999999999999
8.447999999999999
8.464
8.488
8.512
8.522
8.524
8.52
8.52
8.526
8.532
8.548000000000002
8.568
8.586
8.602
8.617999999999999
8.634
8.654
8.677999999999999
8.687999999999999
8.686
8.664
8.634
8.604
8.568
8.548
8.536
8.536
8.544
8.546
8.55
8.556000000000001
8.568
8.562
8.544
8.512
8.474
8.443999999999999
8.426
8.404
8.386
8.382
8.384
8.378
8.372
8.378
8.383999999999999
8.378
8.366
8.346
8.314
8.290000000000001
8.272
8.25
8.216
8.19
8.166
8.134
8.094
8.052
8.014000000000001
7.976000000000001
7.9399999999999995
7.904
7.866
7.83
7.79
7.754
7.720000000000001
7.702
7.6819999999999995
7.664000000000001
7.638
7.601999999999999
7.566
7.516
7.456
7.396
7.3420000000000005
7.297999999999999
7.257999999999999
7.232
7.210000000000001
7.196
7.184000000000001
7.162
7.14
7.126000000000001
7.122000000000001
7.103999999999999
7.077999999999999
7.04
7.004000000000001
6.975999999999999
6.944
6.914
6.886
6.878
6.872
6.86
6.85
6.835999999999999
6.82
6.788
6.752
6.728
6.718000000000001
6.712
6.7
6.6819999999999995
6.666000000000001
6.646
6.622
6.595999999999999
6.566
6.536
6.506
6.454000000000001
6.390000000000001
6.335999999999999
6.292
6.260000000000001
6.231999999999999
6.202
6.176
6.154
6.132
6.104
6.068
6.033999999999999
6.004
5.96
5.906000000000001
5.864
5.827999999999999
5.814
5.8100000000000005
5.808
5.799999999999999
5.802
5.805999999999999
5.81
5.81
5.82
5.830000000000001
5.83
5.832
5.842
5.8580000000000005
5.878
5.9
5.92
5.9399999999999995
5.9719999999999995
6.010000000000001
6.050000000000001
6.0920000000000005
6.128
6.156000000000001
6.1819999999999995
6.207999999999999
6.238
6.268000000000001
6.295999999999999
6.327999999999999
6.3580000000000005
6.390000000000001
6.422
6.452
6.460000000000001
6.466
6.466
6.468
6.466
6.464000000000001
6.466000000000001
6.468000000000001
6.477999999999999
6.49
6.502000000000001
6.518
6.536
6.552
6.556
6.55
6.548
6.541999999999999
6.534000000000001
6.522
6.5200000000000005
6.52
6.529999999999999
6.538
6.545999999999999
6.558
6.572000000000001
6.584
6.582
6.574000000000001
6.568
6.5600000000000005
6.552
6.544
6.540000000000001
6.5280000000000005
6.523999999999999
6.513999999999999
6.506
6.504
6.506
6.510000000000001
6.497999999999999
6.474
6.44
6.4079999999999995
6.366
6.324
6.302
6.2860000000000005
6.274
6.267999999999999
6.264000000000001
6.258
6.254
6.2459999999999996
6.2299999999999995
6.2219999999999995
6.212
6.21
6.21
6.208
6.208
6.216
6.226
6.24
6.25
6.258
6.268000000000001
6.284
6.2940000000000005
6.304
6.304
6.306
6.302
6.3
6.300000000000001
6.3
6.306
6.312
6.316
6.327999999999999
6.343999999999999
6.361999999999999
6.37
6.3740000000000006
6.356
6.332000000000001
6.302
6.2780000000000005
6.2540000000000004
6.224
6.194
6.16
6.126
6.086
6.044
6.004
5.966
5.926
5.896000000000001
5.878
5.862
5.8580000000000005
5.864
5.874
5.8919999999999995
5.914
5.928
5.9399999999999995
5.95
5.962
5.968
5.968
5.964
5.965999999999999
5.965999999999999
5.9719999999999995
5.9879999999999995
6.01
6.04
6.07
6.0920000000000005
6.109999999999999
6.126
6.134
6.129999999999999
6.1259999999999994
6.114000000000001
6.103999999999999
6.0920000000000005
6.084
6.087999999999999
6.093999999999999
6.114
6.1419999999999995
6.164
6.188000000000001
6.21
6.23
6.24
6.242
6.25
6.266
6.2940000000000005
6.324
6.366
6.408
6.458
6.5120000000000005
6.561999999999999
6.608
6.658000000000001
6.712
6.76
6.802
6.834
6.8580000000000005
6.888
6.912000000000001
6.934000000000001
6.956
6.99
7.02
7.0440000000000005
7.064000000000002
7.081999999999999
7.1
7.106
7.103999999999999
7.106
7.106
7.112
7.12
7.14
7.1579999999999995
7.175999999999999
7.198
7.212000000000001
7.225999999999999
7.2379999999999995
7.244
7.246
7.247999999999999
7.246
7.244
7.258000000000001
7.282
7.326
7.369999999999999
7.416
7.465999999999999
7.507999999999999
7.548000000000001
7.5920000000000005
7.636000000000001
7.668000000000001
7.694000000000001
7.716
7.736000000000001
7.756
7.772
7.796
7.814
7.83
7.845999999999999
7.85
7.843999999999999
7.843999999999999
7.848
7.856
7.862
7.862
7.864000000000001
7.876
7.892
7.914000000000001
7.934000000000001
7.952
7.968000000000001
7.968
7.965999999999999
7.968
7.973999999999999
7.978
7.981999999999999
7.988
7.991999999999999
8.012
8.034
8.056
8.074
8.09
8.106
8.112
8.112
8.112
8.112
8.104
8.086
8.064
8.049999999999999
8.044
8.042
8.034
8.02
8.004
7.99
7.9639999999999995
7.936
7.914000000000001
7.8919999999999995
7.858
7.812000000000001
7.765999999999999
7.726
7.706
7.688
7.664
7.6419999999999995
7.618
7.596
7.574
7.555999999999999
7.548
7.55
7.5520000000000005
7.554
7.553999999999999
7.552
7.555999999999999
7.561999999999999
7.57
7.575999999999999
7.58
7.586
7.584
7.575999999999999
7.5760000000000005
7.574000000000001
7.568
7.555999999999999
7.532
7.500000000000001
7.478
7.46
7.448
7.434000000000001
7.416
7.398
7.3759999999999994
7.356
7.346000000000001
7.338000000000001
7.328
7.321999999999999
7.322
7.3260000000000005
7.34
7.362
7.386000000000001
7.409999999999999
7.434
7.460000000000001
7.49
7.518
7.544
7.572
7.59
7.604000000000001
7.605999999999999
7.6
7.601999999999999
7.612
7.616
7.616
7.614
7.609999999999999
7.602
7.5920000000000005
7.584000000000001
7.571999999999999
7.552
7.530000000000001
7.502
7.478
7.462000000000001
7.454
7.433999999999999
7.403999999999999
7.378
7.352
7.32
7.288
7.2620000000000005
7.242
7.224
7.202
7.192
7.188
7.194
7.202
7.212
7.224
7.2459999999999996
7.272
7.298
7.3260000000000005
7.356
7.388
7.412000000000001
7.430000000000001
7.452
7.482
7.516
7.558
7.6
7.64
7.6899999999999995
7.7379999999999995
7.788
7.836000000000001
7.871999999999999
7.8919999999999995
7.895999999999999
7.885999999999999
7.866
7.848000000000001
7.84
7.8420000000000005
7.837999999999999
7.834
7.8260000000000005
7.821999999999999
7.813999999999999
7.804
7.788
7.764
7.731999999999999
7.702
7.676
7.656
7.652000000000001
7.654000000000001
7.654
7.658
7.656000000000001
7.646
7.64
7.636
7.632
7.624
7.6160000000000005
7.610000000000001
7.598000000000001
7.582
7.572000000000001
7.562
7.538
7.516
7.484
7.446
7.398
7.344
7.282
7.22
7.176
7.146
7.124
7.104000000000001
7.096
7.0920000000000005
7.084
7.07
7.06
7.048
7.029999999999999
7.013999999999999
6.992000000000001
6.968
6.9479999999999995
6.938
6.932
6.926
6.928000000000001
6.926
6.918
6.9079999999999995
6.898
6.8919999999999995
6.882000000000001
6.8759999999999994
6.868
6.862
6.862000000000001
6.862
6.8500000000000005
6.843999999999999
6.834
6.827999999999999
6.82
6.807999999999999
6.794
6.7780000000000005
6.764
6.747999999999999
6.73
6.71
6.696
6.68
6.668000000000001
6.664
6.661999999999999
6.661999999999999
6.666
6.662
6.648
6.640000000000001
6.626000000000001
6.614
6.603999999999999
6.5920000000000005
6.590000000000001
6.6000000000000005
6.608
6.619999999999999
6.642
6.66
6.68
6.692000000000001
6.694000000000001
6.694
6.694
6.692
6.694
6.698
6.720000000000001
6.75
6.776000000000001
6.802
6.8260000000000005
6.851999999999999
6.8740000000000006
6.898
6.916
6.926000000000001
6.932
6.944
6.949999999999999
6.954000000000001
6.958
6.962
6.959999999999999
6.954
6.958
6.962000000000001
6.968
6.975999999999999
6.976
6.962000000000001
6.958
6.9559999999999995
6.96
6.966000000000001
6.976000000000001
6.984
6.982
6.972
6.952
6.922
6.888
6.856
6.828
6.804
6.7860000000000005
6.774
6.766
6.7620000000000005
6.774000000000001
6.792
6.814
6.832
6.846
6.859999999999999
6.8759999999999994
6.895999999999999
6.906
6.906000000000001
6.914
6.928000000000001
6.936
6.938000000000001
6.942
6.948
6.942
6.9319999999999995
6.932
6.928000000000001
6.9239999999999995
6.916
6.904
6.888
6.872000000000001
6.86
6.835999999999999
6.8100000000000005
6.7860000000000005
6.76
6.73
6.702
6.6739999999999995
6.645999999999999
6.62
6.5920000000000005
6.550000000000001
6.5040000000000004
6.464
6.417999999999999
6.37
6.318
6.266
6.215999999999999
6.162000000000001
6.109999999999999
6.074000000000002
6.0440000000000005
6.013999999999999
5.986000000000001
5.949999999999999
5.917999999999999
5.898000000000001
5.878000000000001
5.856
5.832
5.804
5.774
5.734
5.6899999999999995
5.65
5.611999999999999
5.58
5.542
5.498000000000001
5.452
5.416
5.388
5.359999999999999
5.33
5.3
5.272
5.234
5.194
5.152
5.1080000000000005
5.0600000000000005
5.0120000000000005
4.958
4.901999999999999
4.86
4.8260000000000005
4.792
4.76
4.73
4.7
4.668000000000001
4.634
4.6
4.568
4.556
4.552
4.54
4.523999999999999
4.5120000000000005
4.497999999999999
4.481999999999999
4.464
4.449999999999999
4.433999999999999
4.398
4.358
4.324
4.292
4.268000000000001
4.248
4.214
4.1739999999999995
4.148
4.134
4.124
4.116
4.116
4.12
4.112
4.0920000000000005
4.08
4.07
4.06
4.050000000000001
4.038
4.026
4.016
4.01
4.006
3.996
3.992
3.9939999999999998
3.9939999999999998
3.9939999999999998
4.0
4.008
4.016
4.02
4.0120000000000005
4.0
4.0
4.008
4.018
4.03
4.048
4.07
4.082
4.09
4.106000000000001
4.12
4.136
4.1499999999999995
4.151999999999999
4.144
4.144
4.142
4.136
4.134
4.134
4.140000000000001
4.144
4.152
4.168
4.192
4.22
4.25
4.271999999999999
4.292
4.302
4.308
4.3100000000000005
4.311999999999999
4.3180000000000005
4.3260000000000005
4.332000000000001
4.336
4.35
4.372
4.4
4.43
4.458
4.486000000000001
4.518
4.548
4.58
4.612
4.644
4.676
4.702
4.726
4.75
4.776
4.804
4.83
4.848
4.866
4.8839999999999995
4.894
4.896
4.894
4.892
4.894
4.9
4.906000000000001
4.922
4.938000000000001
4.954
4.970000000000001
4.976
4.982
5.002000000000001
5.024
5.0360000000000005
5.038
5.036
5.0360000000000005
5.029999999999999
5.0200000000000005
5.02
5.0280000000000005
5.034
5.042
5.046
5.052
5.062
5.0760000000000005
5.084
5.089999999999999
5.093999999999999
5.098
5.1
5.098
5.098
5.1000000000000005
5.0920000000000005
5.078
5.0680000000000005
5.0600000000000005
5.062
5.066
5.064
5.058
5.054
5.050000000000001
5.042
5.032
5.03
5.03
5.022
5.012
4.998
4.986000000000001
4.984
4.992000000000001
4.991999999999999
4.986000000000001
4.986000000000001
4.981999999999999
4.98
4.976000000000001
4.970000000000001
4.957999999999999
4.9319999999999995
4.898
4.864
4.824
4.792
4.762
4.744000000000001
4.731999999999999
4.72
4.702
4.688000000000001
4.672000000000001
4.658
4.648
4.638
4.622
4.602
4.58
4.558
4.536
4.51
4.484
4.45
4.414
4.378
4.34
4.308
4.278
4.2540000000000004
4.2299999999999995
4.207999999999999
4.188
4.17
4.15
4.132
4.122
4.112
4.106
4.101999999999999
4.095999999999999
4.082
4.064
4.046
4.0280000000000005
4.002000000000001
3.9739999999999998
3.9560000000000004
3.934
3.9080000000000004
3.8819999999999997
3.8619999999999997
3.848
3.836
3.8200000000000003
3.8080000000000007
3.8
3.8
3.804
3.8
3.796
3.79
3.7800000000000002
3.762
3.7419999999999995
3.726
3.7079999999999997
3.692
3.6780000000000004
3.668
3.658
3.6480000000000006
3.636
3.628
3.6240000000000006
3.616
3.608
3.59
3.568
3.5519999999999996
3.5380000000000003
3.52
3.5
3.4859999999999993
3.4739999999999998
3.4539999999999997
3.438
3.4219999999999997
3.406
3.388
3.3680000000000003
3.346
3.3240000000000003
3.314
3.3120000000000003
3.306
3.306
3.3040000000000003
3.298
3.2960000000000003
3.2960000000000003
3.3000000000000003
3.308
3.31
3.314
3.3200000000000003
3.3280000000000003
3.34
3.3499999999999996
3.364
3.378
3.3899999999999997
3.404
3.42
3.432
3.4400000000000004
3.4459999999999997
3.446
3.444
3.438
3.436
3.44
3.444
3.448
3.454
3.4600000000000004
3.4699999999999998
3.482
3.494
3.492
3.486
3.4760000000000004
3.462
3.4440000000000004
3.4259999999999997
3.4139999999999997
3.402
3.396
3.3939999999999992
3.3899999999999997
3.3839999999999995
3.382
3.3859999999999997
3.3920000000000003
3.4
3.4080000000000004
3.418
3.4320000000000004
3.4459999999999997
3.4619999999999997
3.4779999999999998
3.5
3.5199999999999996
3.532
3.542
3.556
3.574
3.5820000000000003
3.5860000000000003
3.5900000000000003
3.5919999999999996
3.594
3.592
3.598
3.604
3.614
3.6260000000000003
3.63
3.634
3.6340000000000003
3.634
3.6319999999999997
3.6280000000000006
3.626
3.6240000000000006
3.62
3.6120000000000005
3.6160000000000005
3.6260000000000003
3.6340000000000003
3.6399999999999997
3.6460000000000004
3.652
3.6500000000000004
3.6479999999999997
3.6500000000000004
3.6500000000000004
3.6580000000000004
3.67
3.6799999999999997
3.69
3.7059999999999995
3.72
3.7319999999999998
3.7420000000000004
3.7539999999999996
3.7600000000000002
3.7680000000000007
3.7780000000000005
3.7860000000000005
3.798
3.816
3.8339999999999996
3.8520000000000003
3.8620000000000005
3.874
3.8839999999999995
3.894
3.9040000000000004
3.9160000000000004
3.9320000000000004
3.9480000000000004
3.9619999999999997
3.974
3.988
4.008
4.029999999999999
4.032
4.0280000000000005
4.0280000000000005
4.026
4.022
4.018
4.016
4.013999999999999
4.0120000000000005
4.008
4.002000000000001
3.9959999999999996
4.002
4.0120000000000005
4.024
4.042
4.061999999999999
4.084
4.106
4.134
4.1579999999999995
4.18
4.202
4.224
4.246
4.263999999999999
4.284
4.304
4.3180000000000005
4.3260000000000005
4.322
4.316000000000001
4.308
4.300000000000001
4.292
4.284000000000001
4.286
4.288
4.2860000000000005
4.279999999999999
4.2780000000000005
4.274
4.268000000000001
4.26
4.258
4.2620000000000005
4.266
4.268000000000001
4.272
4.276
4.2860000000000005
4.2940000000000005
4.3020000000000005
4.314
4.328
4.346
4.352
4.358
4.359999999999999
4.364
4.37
4.374
4.380000000000001
4.388
4.4
4.412
4.426
4.438
4.452
4.4639999999999995
4.458
4.448
4.44
4.43
4.416
4.402
4.386
4.372
4.359999999999999
4.348000000000001
4.336
4.324
4.316000000000001
4.308
4.29
4.274
4.258
4.248
4.2219999999999995
4.194
4.166
4.138
4.1080000000000005
4.074
4.04
4.006
3.9720000000000004
3.938
3.902
3.8619999999999997
3.848
3.842
3.8379999999999996
3.836
3.836
3.836
3.84
3.844
3.8440000000000003
3.844
3.846
3.848
3.848
3.852
3.8520000000000003
3.848
3.8440000000000003
3.838
3.832
3.82
3.8120000000000003
3.8019999999999996
3.792
3.782
3.7680000000000002
3.752
3.732
3.708
3.684
3.664
3.654
3.6459999999999995
3.6420000000000003
3.6399999999999997
3.64
3.642
3.6279999999999997
3.616
3.604
3.5940000000000003
3.578
3.5639999999999996
3.558
3.5540000000000003
3.5540000000000003
3.5540000000000003
3.552
3.55
3.546
3.5440000000000005
3.544
3.5440000000000005
3.5439999999999996
3.54
3.5279999999999996
3.516
3.516
3.512
3.5160000000000005
3.5220000000000002
3.524
3.526
3.5280000000000005
3.528
3.512
3.492
3.474
3.4579999999999997
3.436
3.4139999999999997
3.4080000000000004
3.404
3.402
3.402
3.4019999999999997
3.402
3.402
3.3979999999999997
3.3819999999999997
3.3619999999999997
3.34
3.3160000000000003
3.2939999999999996
3.268
3.2519999999999993
3.238
3.2319999999999993
3.226
3.2319999999999998
3.2399999999999998
3.2479999999999993
3.258
3.2679999999999993
3.28
3.286
3.29
3.292
3.292
3.288
3.286
3.284
3.286
3.286
3.2839999999999994
3.28
3.2759999999999994
3.27
3.264
3.2659999999999996
3.2679999999999993
3.268
3.2680000000000002
3.268
3.2639999999999993
3.264
3.2699999999999996
3.2779999999999996
3.286
3.294
3.304
3.3120000000000003
3.324
3.33
3.334
3.332
3.3299999999999996
3.322
3.3160000000000003
3.318
3.3219999999999996
3.3240000000000003
3.326
3.3240000000000003
3.322
3.316
3.3080000000000003
3.312
3.3140000000000005
3.316
3.3140000000000005
3.318
3.3200000000000003
3.3280000000000003
3.3360000000000003
3.336
3.336
3.3320000000000003
3.3299999999999996
3.3280000000000003
3.324
3.314
3.306
3.298
3.2900000000000005
3.2900000000000005
3.2880000000000003
3.2840000000000003
3.284
3.282
3.284
3.286
3.2880000000000003
3.2900000000000005
3.292
3.304
3.3200000000000003
3.336
3.356
3.3840000000000003
3.412
3.438
3.4640000000000004
3.49
3.514
3.532
3.5480000000000005
3.564
3.5800000000000005
3.6020000000000003
3.6320000000000006
3.6540000000000004
3.6740000000000004
3.6879999999999997
3.702
3.716
3.7260000000000004
3.732
3.74
3.74
3.7399999999999998
3.74
3.7380000000000004
3.7360000000000007
3.732
3.732
3.7380000000000004
3.74
3.7380000000000004
3.742
3.748
3.754
3.758
3.7620000000000005
3.7660000000000005
3.7699999999999996
3.776
3.784
3.7960000000000003
3.8
3.802
3.8000000000000007
3.798
3.8000000000000007
3.802
3.8040000000000003
3.802
3.794
3.784
3.774
3.762
3.752
3.74
3.734
3.732
3.734
3.7359999999999998
3.7439999999999998
3.752
3.76
3.7659999999999996
3.768
3.7680000000000002
3.7620000000000005
3.7539999999999996
3.748
3.742
3.738
3.7380000000000004
3.738
3.7379999999999995
3.738
3.7380000000000004
3.7340000000000004
3.732
3.73
3.7300000000000004
3.732
3.732
3.7300000000000004
3.7279999999999998
3.7300000000000004
3.73
3.7299999999999995
3.73
3.7300000000000004
3.73
3.7299999999999995
3.7300000000000004
3.728
3.724
3.718
3.7119999999999997
3.6980000000000004
3.684
3.6719999999999997
3.6660000000000004
3.6580000000000004
3.646
3.63
3.6119999999999997
3.594
3.578
3.5600000000000005
3.544
3.534
3.528
3.526
3.524
3.524
3.5200000000000005
3.524
3.5300000000000002
3.5360000000000005
3.544
3.552
3.5620000000000003
3.5719999999999996
3.58
3.594
3.608
3.624
3.642
3.66
3.678
3.6919999999999997
3.7039999999999997
3.718
3.7359999999999998
3.7520000000000002
3.7659999999999996
3.782
3.796
3.8120000000000003
3.8259999999999996
3.84
3.8539999999999996
3.866
3.872
3.8840000000000003
3.896
3.9120000000000004
3.9299999999999997
3.9460000000000006
3.9640000000000004
3.984000000000001
4.002000000000001
4.026000000000001
4.056
4.086
4.117999999999999
4.134
4.146
4.156000000000001
4.164000000000001
4.172
4.182
4.192
4.202
4.214
4.228
4.2459999999999996
4.266
4.292
4.318
4.332
4.34
4.342
4.338
4.33
4.322
4.314
4.306
4.298
4.288
4.282
4.2780000000000005
4.274
4.272
4.274
4.276
4.2780000000000005
4.282
4.284000000000001
4.286
4.288
4.29
4.2940000000000005
4.296
4.298
4.295999999999999
4.298
4.302
4.31
4.318
4.328
4.332
4.338
4.3420000000000005
4.35
4.358
4.37
4.38
4.393999999999999
4.406
4.4239999999999995
4.44
4.448
4.454000000000001
4.46
4.468000000000001
4.474
4.48
4.49
4.500000000000001
4.51
4.518000000000001
4.524
4.5280000000000005
4.534
4.54
4.542
4.542000000000001
4.539999999999999
4.5360000000000005
4.534
4.53
4.529999999999999
4.529999999999999
4.529999999999999
4.529999999999999
4.524
4.518
4.5120000000000005
4.506
4.5
4.492
4.478
4.46
4.434
4.406000000000001
4.378
4.348
4.316000000000001
4.282
4.242
4.202
4.164
4.122
4.082
4.04
4.012
3.9859999999999998
3.96
3.9339999999999997
3.912
3.8899999999999997
3.872
3.8539999999999996
3.834
3.8120000000000003
3.792
3.772
3.746
3.718
3.702
3.692
3.688
3.6860000000000004
3.688
3.69
3.692
3.6940000000000004
3.696
3.698
3.7
3.698
3.696
3.692
3.6860000000000004
3.678
3.6700000000000004
3.6620000000000004
3.658
3.656
3.6540000000000004
3.652
3.646
3.638
3.632
3.626
3.618
3.608
3.598
3.588
3.576
3.5680000000000005
3.558
3.548
3.5359999999999996
3.5260000000000002
3.508
3.49
3.47
3.45
3.426
3.4040000000000004
3.384
3.366
3.348
3.3280000000000003
3.3080000000000003
3.2900000000000005
3.2640000000000002
3.236
3.2100000000000004
3.184
3.16
3.1380000000000003
3.1140000000000003
3.0900000000000003
3.0639999999999996
3.0380000000000003
3.0140000000000002
2.992
2.972
2.952
2.9320000000000004
2.912
2.892
2.8720000000000003
2.8560000000000003
2.84
2.822
2.8040000000000003
2.786
2.768
2.758
2.7540000000000004
2.7600000000000002
2.7680000000000002
2.77
2.7720000000000002
2.776
2.7800000000000002
2.7880000000000003
2.7960000000000003
2.8000000000000003
2.806
2.8099999999999996
2.814
2.818
2.822
2.8259999999999996
2.8280000000000003
2.828
2.8259999999999996
2.822
2.82
2.814
2.808
2.802
2.796
2.796
2.798
2.798
2.798
2.796
2.794
2.792
2.79
2.786
2.782
2.774
2.764
2.754
2.7439999999999998
2.734
2.726
2.718
2.7119999999999997
2.706
2.7
2.6919999999999997
2.682
2.6739999999999995
2.668
2.658
2.652
2.646
2.6399999999999997
2.634
2.628
2.6239999999999997
2.62
2.618
2.612
2.604
2.596
2.59
2.5820000000000003
2.576
2.5700000000000003
2.564
2.56
2.556
2.55
2.544
2.5359999999999996
2.524
2.5100000000000002
2.498
2.484
2.4779999999999998
2.4720000000000004
2.464
2.458
2.454
2.45
2.446
2.442
2.442
2.442
2.438
2.436
2.4299999999999997
2.426
2.422
2.418
2.4139999999999997
2.4120000000000004
2.41
2.4080000000000004
2.408
2.4080000000000004
2.402
2.396
2.388
2.38
2.368
2.356
2.3499999999999996
2.344
2.336
2.3280000000000003
2.324
2.3200000000000003
2.316
2.31
2.3040000000000003
2.298
2.292
2.286
2.2800000000000002
2.274
2.2640000000000002
2.2560000000000002
2.246
2.234
2.226
2.218
2.206
2.194
2.182
2.17
2.158
2.1460000000000004
2.134
2.124
2.11
2.096
2.084
2.072
2.064
2.0580000000000003
2.052
2.0460000000000003
2.042
2.036
2.03
2.026
2.022
2.016
2.004
1.99
1.976
1.96
1.952
1.942
1.93
1.918
1.908
1.9
1.892
1.884
1.8739999999999999
1.8659999999999999
1.858
1.852
1.8439999999999999
1.84
1.84
1.84
1.8399999999999999
1.8379999999999999
1.8339999999999999
1.8319999999999999
1.8319999999999999
1.834
1.84
1.8479999999999999
1.848
1.8479999999999999
1.846
1.8439999999999999
1.842
1.838
1.834
1.83
1.826
1.824
1.822
1.82
1.822
1.826
1.834
1.84
1.838
1.84
1.842
1.842
1.842
1.842
1.84
1.84
1.846
1.852
1.8599999999999999
1.8679999999999999
1.876
1.884
1.8900000000000001
1.8980000000000001
1.9060000000000001
1.9140000000000001
1.9180000000000001
1.9220000000000002
1.9260000000000002
1.932
1.9380000000000002
1.944
1.9500000000000002
1.9580000000000002
1.968
1.9779999999999998
1.9900000000000002
2.0
2.01
2.02
2.03
2.04
2.054
2.068
2.082
2.096
2.11
2.124
2.138
2.1519999999999997
2.1679999999999997
2.1839999999999997
2.1959999999999997
2.2079999999999997
2.2199999999999998
2.234
2.2479999999999998
2.262
2.274
2.288
2.3019999999999996
2.314
2.326
2.338
2.354
2.3740000000000006
2.39
2.406
2.42
2.434
2.452
2.47
2.4859999999999998
2.5
2.5040000000000004
2.5060000000000002
2.508
2.5079999999999996
2.5100000000000002
2.5119999999999996
2.5100000000000002
2.5079999999999996
2.5040000000000004
2.5
2.494
2.488
2.484
2.478
2.4699999999999998
2.464
2.4579999999999997
2.452
2.454
2.458
2.462
2.4659999999999997
2.468
2.4699999999999998
2.47
2.47
2.47
2.4680000000000004
2.466
2.4640000000000004
2.4619999999999997
2.456
2.4499999999999997
2.444
2.4459999999999997
2.444
2.4419999999999997
2.4399999999999995
2.4299999999999997
2.4200000000000004
2.41
2.398
2.388
2.3779999999999997
2.3680000000000003
2.358
2.348
2.3400000000000003
2.334
2.3260000000000005
2.3180000000000005
2.31
2.3000000000000003
2.29
2.2800000000000002
2.2680000000000002
2.2560000000000002
2.2460000000000004
2.236
2.224
2.21
2.196
2.184
2.172
2.16
2.15
2.14
2.13
2.118
2.106
2.0919999999999996
2.0780000000000003
2.062
2.0460000000000003
2.032
2.016
2.004
1.994
1.988
1.982
1.978
1.972
1.966
1.96
1.95
1.94
1.926
1.912
1.8980000000000001
1.8840000000000001
1.872
1.858
1.8459999999999999
1.834
1.822
1.812
1.802
1.792
1.782
1.772
1.772
1.776
1.782
1.788
1.792
1.792
1.794
1.792
1.79
1.788
1.7880000000000003
1.788
1.784
1.7799999999999998
1.7759999999999998
1.77
1.7640000000000002
1.758
1.7520000000000002
1.7440000000000002
1.738
1.7320000000000002
1.726
1.7200000000000002
1.714
1.7080000000000002
1.702
1.6960000000000002
1.69
1.6840000000000002
1.678
1.6720000000000002
1.6660000000000001
1.6620000000000001
1.6580000000000001
1.6540000000000001
1.648
1.64
1.64
1.6400000000000001
1.6420000000000001
1.6440000000000001
1.644
1.6440000000000001
1.644
1.6440000000000001
1.644
1.642
1.64
1.638
1.636
1.638
1.6440000000000001
1.65
1.66
1.672
1.684
1.694
1.704
1.714
1.724
1.734
1.742
1.75
1.754
1.756
1.754
1.752
1.75
1.748
1.748
1.748
1.75
1.7519999999999998
1.7520000000000002
1.7520000000000002
1.7480000000000002
1.744
1.7360000000000002
1.7260000000000002
1.7120000000000002
1.6980000000000002
1.6840000000000002
1.6700000000000002
1.662
1.652
1.6480000000000001
1.644
1.6400000000000001
1.636
1.6320000000000001
1.6280000000000001
1.6219999999999999
1.616
1.6099999999999999
1.602
1.592
1.584
1.576
1.568
1.56
1.5499999999999998
1.5379999999999998
1.528
1.52
1.5139999999999998
1.5099999999999998
1.5059999999999998
1.5020000000000002
1.4980000000000002
1.4940000000000002
1.4900000000000002
1.488
1.4860000000000002
1.4860000000000002
1.486
1.486
1.486
1.486
1.486
1.484
1.482
1.482
1.484
1.486
1.49
1.494
1.498
1.5019999999999998
1.5059999999999998
1.504
1.5019999999999998
1.5019999999999998
1.5
1.5
1.5
1.5019999999999998
1.5059999999999998
1.508
1.5099999999999998
1.5099999999999998
1.5099999999999998
1.5099999999999998
1.512
1.512
1.5139999999999998
1.5179999999999998
1.5219999999999998
1.5259999999999998
1.5299999999999998
1.532
1.5299999999999998
1.5259999999999998
1.5219999999999998
1.512
1.4979999999999998
1.4859999999999998
1.4739999999999998
1.4619999999999997
1.4499999999999997
1.436
1.4219999999999997
1.41
1.398
1.39
1.382
1.3719999999999999
1.3639999999999999
1.3559999999999999
1.3479999999999999
1.3399999999999999
1.3319999999999999
1.3239999999999998
1.3159999999999998
1.306
1.2959999999999998
1.2879999999999998
1.28
1.276
1.274
1.274
1.276
1.274
1.274
1.2719999999999998
1.27
1.266
1.262
1.254
1.246
1.238
1.23
1.2240000000000002
1.218
1.2120000000000002
1.206
1.2000000000000002
1.1920000000000002
1.1840000000000002
1.1760000000000002
1.1680000000000001
1.1600000000000001
1.152
1.144
1.136
1.128
1.1199999999999999
1.1119999999999999
1.1039999999999999
1.096
1.086
1.076
1.066
1.056
1.046
1.036
1.028
1.02
1.012
1.004
0.9960000000000001
0.9880000000000001
0.9800000000000001
0.9700000000000001
0.9600000000000001
0.9480000000000001
0.934
0.92
0.906
0.892
0.884
0.876
0.866
0.856
0.844
0.832
0.82
0.8079999999999999
0.7979999999999999
0.788
0.778
0.768
0.758
0.748
0.74
0.73
0.718
0.706
0.694
0.6819999999999999
0.6719999999999999
0.6619999999999999
0.652
0.642
0.634
0.628
0.62
0.612
0.6040000000000001
0.5960000000000001
0.5900000000000001
0.5840000000000001
0.5780000000000001
0.5720000000000001
0.5660000000000001
0.56
0.56
0.558
0.556
0.554
0.552
0.55
0.548
0.546
0.546
0.546
0.546
0.544
0.542
0.54
0.538
0.534
0.534
0.532
0.53
0.53
0.53
0.53
0.534
0.538
0.54
0.542
0.544
0.546
0.548
0.55
0.552
0.554
0.556
0.558
0.56
0.562
0.5640000000000001
0.5640000000000001
0.5640000000000001
0.564
0.564
0.564
0.564
0.564
0.568
0.572
0.576
0.58
0.584
0.588
0.59
0.592
0.592
0.592
0.592
0.592
0.592
0.592
0.592
0.592
0.594
0.596
0.6
0.606
0.612
0.618
0.624
0.63
0.634
0.638
0.642
0.646
0.65
0.654
0.658
0.662
0.666
0.668
0.67
0.672
0.674
0.676
0.678
0.68
0.682
0.684
0.686
0.688
0.6900000000000001
0.692
0.6940000000000001
0.696
0.6980000000000001
0.7
0.7020000000000001
0.704
0.7060000000000001
0.708
0.708
0.708
0.708
0.708
0.708
0.708
0.708
0.708
0.708
0.708
0.708
0.708
0.708
0.708
0.708
0.708
0.708
0.708
0.708
0.708
0.708
0.706
0.706
0.706
0.708
0.71
0.714
0.718
0.718
0.72
0.722
0.724
0.726
0.728
0.73
0.732
0.734
0.736
0.738
0.74
0.742
0.744
0.746
0.748
0.75
0.752
0.752
0.752
0.752
0.752
0.752
0.752
0.752
0.752
0.754
0.758
0.762
0.766
0.77
0.774
0.778
0.782
0.786
0.79
0.792
0.792
0.792
0.7919999999999999
0.792
0.7919999999999999
0.794
0.7959999999999999
0.798
0.7999999999999999
0.8019999999999999
0.8039999999999999
0.8059999999999999
0.8079999999999999
0.8099999999999999
0.8119999999999999
0.814
0.816
0.818
0.82
0.822
0.824
0.826
0.828
0.83
0.832
0.834
0.8359999999999999
0.834
0.832
0.83
0.828
0.828
0.828
0.828
0.828
0.8300000000000001
0.832
0.8340000000000001
0.836
0.8380000000000001
0.84
0.8420000000000001
0.844
0.8460000000000001
0.85
0.8540000000000001
0.858
0.8620000000000001
0.866
0.8700000000000001
0.874
0.8780000000000001
0.8819999999999999
0.886
0.8899999999999999
0.894
0.8979999999999999
0.9
0.9019999999999999
0.9019999999999999
0.902
0.902
0.902
0.906
0.908
0.91
0.912
0.914
0.9179999999999999
0.9219999999999999
0.9259999999999999
0.9299999999999999
0.9339999999999999
0.94
0.946
0.948
0.95
0.9500000000000001
0.9500000000000001
0.9520000000000001
0.9540000000000001
0.9560000000000001
0.9580000000000001
0.9600000000000001
0.962
0.9640000000000001
0.966
0.9680000000000001
0.97
0.9720000000000001
0.972
0.9700000000000001
0.968
0.9660000000000001
0.964
0.9620000000000001
0.96
0.9580000000000001
0.956
0.9540000000000001
0.952
0.9500000000000001
0.948
0.9460000000000001
0.944
0.9420000000000001
0.94
0.9380000000000001
0.9359999999999999
0.9339999999999999
0.9319999999999999
0.93
0.9279999999999999
0.9219999999999999
0.9159999999999999
0.9099999999999999
0.9039999999999999
0.898
0.892
0.886
0.88
0.874
0.868
0.8640000000000001
0.86
0.8560000000000001
0.852
0.8480000000000001
0.8460000000000001
0.8440000000000001
0.8420000000000001
0.8360000000000001
0.8300000000000001
0.8240000000000001
0.8180000000000001
0.812
0.806
0.8
0.794
0.788
0.782
0.776
0.77
0.764
0.7560000000000001
0.748
0.7420000000000001
0.736
0.73
0.722
0.714
0.706
0.698
0.69
0.6819999999999999
0.6739999999999999
0.6659999999999999
0.6579999999999999
0.6499999999999999
0.6419999999999999
0.6339999999999999
0.626
0.618
0.61
0.6020000000000001
0.5940000000000001
0.5860000000000001
0.5780000000000001
0.5680000000000001
0.558
0.548
0.538
0.528
0.516
0.504
0.496
0.488
0.482
0.476
0.46799999999999997
0.45999999999999996
0.45200000000000007
0.44400000000000006
0.43600000000000005
0.42800000000000005
0.42000000000000004
0.41200000000000003
0.404
0.396
0.388
0.38
0.374
0.368
0.362
0.356
0.35
0.34400000000000003
0.338
0.332
0.326
0.32000000000000006
0.31400000000000006
0.30800000000000005
0.30200000000000005
0.29600000000000004
0.29000000000000004
0.28400000000000003
0.278
0.272
0.266
0.26
0.254
0.24800000000000003
0.24600000000000002
0.24400000000000002
0.24200000000000002
0.24000000000000002
0.23800000000000002
0.23600000000000002
0.234
0.232
0.23
0.22800000000000004
0.22400000000000003
0.22000000000000003
0.21600000000000003
0.21200000000000002
0.21200000000000002
0.21000000000000002
0.20800000000000002
0.20600000000000002
0.20600000000000002
0.20600000000000002
0.20600000000000002
0.20600000000000002
0.20600000000000002
0.20600000000000002
0.20600000000000002
0.20600000000000002
0.20600000000000002
0.20600000000000002
0.20600000000000002
0.20600000000000002
0.20600000000000002
0.20600000000000002
0.20600000000000002
0.20400000000000001
0.202
0.2
0.2
0.2
0.2
0.2
0.2
0.2
0.2
0.2
0.2
0.2
0.2
0.2
0.2
0.2
0.2
0.2
0.2
0.2
0.2
0.2
0.2
0.2
0.2
0.2
0.2
0.2
0.2
0.2
0.2
0.2
0.2
0.2
0.2
0.2
0.2
0.2
0.2
0.2
0.2
0.2
0.2
0.2
0.2
0.2
0.202
0.20400000000000001
0.20600000000000002
0.20800000000000002
0.21200000000000002
0.21600000000000003
0.21800000000000003
0.22000000000000003
0.22200000000000003
0.22400000000000003
0.22600000000000003
0.22800000000000004
0.22800000000000004
0.22800000000000004
0.22800000000000004
0.22800000000000004
0.22800000000000004
0.22800000000000004
0.22800000000000004
0.22800000000000004
0.22800000000000004
0.22800000000000004
0.22800000000000004
0.22800000000000004
0.22800000000000004
0.22800000000000004
0.22800000000000004
0.22800000000000004
0.22800000000000004
0.22800000000000004
0.22800000000000004
0.22800000000000004
0.22800000000000004
0.22800000000000004
0.22800000000000004
0.22800000000000004
0.22800000000000004
0.22800000000000004
0.22800000000000004
0.22800000000000004
0.22800000000000004
0.22800000000000004
0.22800000000000004
0.22800000000000004
0.22800000000000004
0.22800000000000004
0.22800000000000004
0.22800000000000004
0.22800000000000004
0.22800000000000004
0.22800000000000004
0.22800000000000004
0.23000000000000004
0.23200000000000004
0.23400000000000004
0.23600000000000004
0.23800000000000004
0.24000000000000005
0.24200000000000005
0.24400000000000005
0.246
0.248
0.25
0.252
0.254
0.256
0.258
0.26
0.262
0.264
0.266
0.268
0.27
0.272
0.274
0.276
0.278
0.28
0.28200000000000003
0.28400000000000003
0.28600000000000003
0.28800000000000003
0.29000000000000004
0.29200000000000004
0.29400000000000004
0.29600000000000004
0.29800000000000004
0.30000000000000004
0.30200000000000005
0.30400000000000005
0.30600000000000005
0.30800000000000005
0.31000000000000005
0.31200000000000006
0.31400000000000006
0.31600000000000006
0.31800000000000006
0.32000000000000006
0.32200000000000006
0.32600000000000007
0.32800000000000007
0.33000000000000007
0.3320000000000001
0.3340000000000001
0.3340000000000001
0.3340000000000001
0.3360000000000001
0.3380000000000001
0.34
0.342
0.34400000000000003
0.34600000000000003
0.35000000000000003
0.354
0.358
0.362
0.366
0.37
0.374
0.378
0.38199999999999995
0.38599999999999995
0.38999999999999996
0.39399999999999996
0.39799999999999996
0.40199999999999997
0.40599999999999997
0.41
0.414
0.418
0.422
0.426
0.43
0.434
0.438
0.442
0.446
0.45
0.454
0.45799999999999996
0.46199999999999997
0.46599999999999997
0.47
0.474
0.478
0.482
0.486
0.49
0.494
0.498
0.502
0.506
0.508
0.51
0.512
0.514
0.516
0.518
0.52
0.524
0.528
0.532
0.536
0.54
0.54
0.54
0.54
0.54
0.54
0.54
0.54
0.54
0.54
0.54
0.54
0.542
0.544
0.546
0.548
0.55
0.552
0.554
0.556
0.558
0.56
0.562
0.5640000000000001
0.5660000000000001
0.5680000000000001
0.5700000000000001
0.5720000000000001
0.5740000000000001
0.5780000000000001
0.5820000000000001
0.5860000000000001
0.5900000000000001
0.5940000000000001
0.5980000000000001
0.6000000000000001
0.6000000000000001
0.6000000000000001
0.6000000000000001
0.6000000000000001
0.6000000000000001
0.6000000000000001
0.6000000000000001
0.6000000000000001
0.6000000000000001
0.6000000000000001
0.6000000000000001
0.6000000000000001
0.6000000000000001
0.6000000000000001
0.6000000000000001
0.6000000000000001
0.6000000000000001
0.6000000000000001
0.6000000000000001
0.6000000000000001
0.6000000000000001
0.6000000000000001
0.6000000000000001
0.6000000000000001
0.6000000000000001
0.6000000000000001
0.6000000000000001
0.6000000000000001
0.6000000000000001
0.6000000000000001
0.6000000000000001
0.6000000000000001
0.6000000000000001
0.6000000000000001
0.6000000000000001
0.6000000000000001
0.6000000000000001
0.6000000000000001
0.6000000000000001
0.6000000000000001
0.6000000000000001
0.6000000000000001
0.6000000000000001
0.6020000000000001
0.6040000000000001
0.6060000000000001
0.6080000000000001
0.6100000000000001
0.6120000000000001
0.6140000000000001
0.6160000000000001
0.6180000000000001
0.6200000000000001
0.6220000000000001
0.6240000000000001
0.6260000000000001
0.6280000000000001
0.6280000000000001
0.6280000000000001
0.6280000000000001
0.6260000000000001
0.6240000000000001
0.6220000000000001
0.6200000000000001
0.6180000000000001
0.6200000000000001
0.6220000000000001
0.6240000000000001
0.6260000000000001
0.6280000000000001
0.6300000000000001
0.6320000000000001
0.6340000000000001
0.6360000000000001
0.638
0.64
0.64
0.64
0.64
0.64
0.64
0.64
0.638
0.6360000000000001
0.6340000000000001
0.6320000000000001
0.6300000000000001
0.6280000000000001
0.6260000000000001
0.6240000000000001
0.6220000000000001
0.6200000000000001
0.6180000000000001
0.6140000000000001
0.6100000000000001
0.6060000000000001
0.6020000000000001
0.5980000000000001
0.5940000000000001
0.5920000000000001
0.5900000000000001
0.5880000000000001
0.5860000000000001
0.5840000000000001
0.5820000000000001
0.5800000000000001
0.5780000000000001
0.5760000000000001
0.5740000000000001
0.5720000000000001
0.5700000000000001
0.5680000000000001
0.5660000000000001
0.5640000000000001
0.562
0.56
0.558
0.556
0.554
0.552
0.55
0.548
0.546
0.544
0.542
0.54
0.538
0.536
0.534
0.532
0.53
0.528
0.526
0.524
0.522
0.52
0.518
0.516
0.514
0.512
0.51
0.508
0.506
0.502
0.49800000000000005
0.49400000000000005
0.49000000000000005
0.48600000000000004
0.48200000000000004
0.47800000000000004
0.47400000000000003
0.47000000000000003
0.466
0.462
0.458
0.454
0.45
0.448
0.446
0.444
0.442
0.44000000000000006
0.43800000000000006
0.43600000000000005
0.43400000000000005
0.43200000000000005
0.43000000000000005
0.42800000000000005
0.42600000000000005
0.42400000000000004
0.42200000000000004
0.42000000000000004
0.41800000000000004
0.41600000000000004
0.41400000000000003
0.41200000000000003
0.41000000000000003
0.40800000000000003
0.406
0.404
0.402
0.4
0.4
0.4
0.4
0.4
0.4
0.4
0.4
0.4
0.4
0.4
0.4
0.4
0.4
0.4
0.4
0.4
0.4
0.4
0.4
0.4
0.4
0.4
0.4
0.4
0.4
0.4
0.4
0.4
0.4
0.4
0.4
0.4
0.4
0.4
0.4
0.4
0.4
0.4
0.4
0.402
0.404
0.406
0.40800000000000003
0.41200000000000003
0.41600000000000004
0.41600000000000004
0.41600000000000004
0.41600000000000004
0.41600000000000004
0.41600000000000004
0.41600000000000004
0.41600000000000004
0.41600000000000004
0.41600000000000004
0.41600000000000004
0.41600000000000004
0.41600000000000004
0.41600000000000004
0.41600000000000004
0.41600000000000004
0.41600000000000004
0.41600000000000004
0.41600000000000004
0.41600000000000004
0.41600000000000004
0.41600000000000004
0.41600000000000004
0.41600000000000004
0.41600000000000004
0.41600000000000004
0.41600000000000004
0.41600000000000004
0.41600000000000004
0.41600000000000004
0.41600000000000004
0.41600000000000004
0.41600000000000004
0.41600000000000004
0.41600000000000004
0.41600000000000004
0.41600000000000004
0.41600000000000004
0.41600000000000004
0.41600000000000004
0.41600000000000004
0.41600000000000004
0.41600000000000004
0.41600000000000004
0.41600000000000004
0.41600000000000004
0.41600000000000004
0.41600000000000004
0.41600000000000004
0.41600000000000004
0.41600000000000004
0.41600000000000004
0.41600000000000004
0.41600000000000004
0.41600000000000004
0.41600000000000004
0.41600000000000004
0.41600000000000004
0.41600000000000004
0.41600000000000004
0.41600000000000004
0.41600000000000004
0.41600000000000004
0.41600000000000004
0.41600000000000004
0.41600000000000004
0.41600000000000004
0.41600000000000004
0.41600000000000004
0.41600000000000004
0.41600000000000004
0.41600000000000004
0.41600000000000004
0.41600000000000004
0.41600000000000004
0.41600000000000004
0.41600000000000004
0.41600000000000004
0.41600000000000004
0.41600000000000004
0.41600000000000004
0.41600000000000004
0.41600000000000004
0.41600000000000004
0.41600000000000004
0.41600000000000004
0.41600000000000004
0.41600000000000004
0.41600000000000004
0.41600000000000004
0.41600000000000004
0.41600000000000004
0.41600000000000004
0.41600000000000004
0.41600000000000004
0.41400000000000003
0.41200000000000003
0.41000000000000003
0.40800000000000003
0.404
0.4
0.4
0.4
0.4
0.4
0.4
0.4
0.4
0.4
0.4
0.4
0.4
0.4
0.4
0.4
0.4
0.4
0.4
0.4
0.4
0.4
0.4
0.4
0.4
0.4
0.4
0.4
0.4
0.4
0.4
0.4
0.4
0.4
0.4
0.4
0.4
0.4
0.4
0.4
0.4
0.4
0.4
0.4
0.4
0.4
0.4
0.4
0.4
0.4
0.4
0.4
0.4
0.4
0.4
0.4
0.4
0.4
0.4
0.4
0.4
0.4
0.4
0.4
0.4
0.4
0.4
0.4
0.4
0.4
0.4
0.4
0.4
0.4
0.4
0.4
0.4
0.4
0.4
0.4
0.4
0.4
0.4
0.4
0.4
0.4
0.4
0.4
0.4
0.4
0.4
0.4
0.4
0.4
0.4
0.4
0.4
0.4
0.4
0.4
0.4
0.4
0.4
0.4
0.4
0.4
0.4
0.4
0.4
0.4
0.4
0.4
0.4
0.4
0.4
0.4
0.4
0.4
0.4
0.4
0.4
0.4
0.4
0.4
0.4
0.4
0.4
0.4
0.4
0.4
0.4
0.4
0.4
0.4
0.4
0.4
0.4
0.4
0.4
0.4
0.4
0.4
0.4
0.4
0.4
0.4
0.4
0.4
0.4
0.4
0.4
0.4
0.4
0.4
0.4
0.4
0.4
0.4
0.4
0.4
0.4
0.4
0.4
0.4
0.4
0.4
0.4
0.4
0.4
0.4
0.4
0.4
0.4
0.4
0.4
0.4
0.4
0.4
0.4
0.4
0.4
0.4
0.4
0.4
0.4
0.4
0.4
0.4
0.4
0.4
0.4
0.4
0.4
0.4
0.4
0.4
0.4
0.4
0.4
0.4
0.4
0.4
0.4
0.4
0.4
0.4
0.4
0.4
0.4
0.4
0.4
0.4
0.4
0.4
0.4
0.4
0.4
0.4
0.4
0.4
0.4
0.4
0.4
0.4
0.4
0.4
0.4
0.4
0.4
0.4
0.4
0.4
0.4
0.4
0.4
0.4
0.4
0.4
0.4
0.4
0.4
0.4
0.4
0.4
0.4
0.4
0.4
0.4
0.4
0.4
0.4
0.4
0.4
0.4
0.4
0.4
0.4
0.4
0.4
0.4
0.4
0.4
0.4
0.4
0.4
0.4
0.4
0.4
0.4
0.4
0.4
0.4
0.4
0.4
0.4
0.4
0.4
0.4
0.4
0.4
0.4
0.4
0.4
0.4
0.4
0.4
0.4
0.4
0.4
0.4
0.4
0.4
0.4
0.4
0.4
0.4
0.4
0.4
0.4
0.4
0.4
0.4
0.4
0.4
0.4
0.4
0.4
0.4
0.4
0.4
0.4
0.4
0.4
0.4
0.4
0.4
0.4
0.4
0.4
0.4
0.4
0.4
0.4
0.4
0.4
0.4
0.4
0.4
0.4
0.4
0.4
0.4
0.4
0.4
0.4
0.4
0.4
0.4
0.4
0.4
0.4
0.4
0.4
0.4
0.4
0.4
0.4
0.4
0.4
0.4
0.4
0.4
0.4
0.4
0.4
0.4
0.4
0.4
0.4
0.4
0.4
0.4
0.4
0.4
0.4
0.4
0.4
0.4
0.4
0.4
0.4
0.4
0.4
0.4
0.4
0.4
0.4
0.4
0.4
0.4
0.4
0.4
0.4
0.4
0.4
0.4
0.4
0.4
0.4
0.4
0.4
0.4
0.4
0.4
0.4
0.4
0.4
0.4
0.4
0.4
0.4
0.4
0.4
0.4
0.4
0.4
0.4
