0.0
0.01
0.02
0.03
0.04
0.04
0.04
0.04
0.04
0.04
0.04
0.04
0.04
0.04
0.04
0.04
0.04
0.04
0.04
0.04
0.04
0.04
0.04
0.04
0.05
0.06
0.08
0.1
0.13
0.16
0.19
0.23
0.27
0.29
0.3
0.31
0.32
0.33
0.34
0.35
0.36
0.37
0.38
0.39
0.4
0.41
0.43
0.44
0.44
0.44
0.44
0.44
0.44
0.44
0.44
0.44
0.44
0.44
0.44
0.44
0.45
0.46
0.47
0.48
0.5
0.52
0.54
0.56
0.59
0.62
0.65
0.66
0.67
0.68
0.69
0.7
0.71
0.72
0.73
0.74
0.75
0.76
0.77
0.78
0.79
0.79
0.79
0.79
0.79
0.79
0.79
0.79
0.79
0.79
0.8
0.81
0.82
0.83
0.84
0.85
0.86
0.86
0.87
0.88
0.89
0.91
0.93
0.96
0.99
1.01
1.03
1.05
1.07
1.09
1.11
1.13
1.15
1.17
1.19
1.21
1.23
1.25
1.27
1.29
1.3
1.31
1.31
1.31
1.3
1.29
1.28
1.26
1.24
1.24
1.25
1.26
1.28
1.3
1.32
1.34
1.36
1.39
1.42
1.46
1.5
1.54
1.58
1.6
1.63
1.66
1.69
1.72
1.75
1.78
1.81
1.84
1.87
1.9
1.93
1.96
1.98
1.98
1.98
1.98
1.97
1.96
1.95
1.94
1.92
1.9
1.88
1.89
1.9
1.91
1.92
1.93
1.94
1.95
1.96
1.97
1.98
1.99
2.0
2.01
2.02
2.05
2.08
2.12
2.17
2.23
2.3
2.38
2.47
2.56
2.64
2.72
2.81
2.9
2.99
3.04
3.08
3.12
3.15
3.18
3.21
3.24
3.27
3.29
3.31
3.35
3.39
3.43
3.47
3.51
3.55
3.6
3.66
3.72
3.78
3.84
3.9
3.96
4.02
4.08
4.15
4.25
4.35
4.41
4.46
4.51
4.58
4.65
4.72
4.8
4.88
4.96
5.03
5.1
5.17
5.25
5.33
5.4
5.47
5.53
5.6
5.68
5.76
5.88
6.01
6.14
6.27
6.34
6.37
6.38
6.4
6.42
6.44
6.46
6.49
6.54
6.6
6.68
6.76
6.85
6.94
7.03
7.11
7.19
7.27
7.35
7.44
7.53
7.62
7.72
7.83
7.95
8.07
8.2
8.34
8.45
8.55
8.64
8.72
8.8
8.88
8.95
9.02
9.08
9.14
9.19
9.24
9.29
9.34
9.38
9.4
9.42
9.43
9.47
9.51
9.59
9.68
9.78
9.88
9.99
10.1
10.23
10.36
10.44
10.48
10.5
10.54
10.58
10.62
10.66
10.71
10.75
10.78
10.81
10.84
10.87
10.91
10.9
10.85
10.79
10.73
10.65
10.58
10.55
10.53
10.51
10.47
10.43
10.39
10.34
10.29
10.23
10.17
10.11
10.05
9.98
9.91
9.85
9.8
9.75
9.69
9.63
9.57
9.5
9.44
9.37
9.29
9.26
9.27
9.32
9.37
9.42
9.47
9.52
9.56
9.59
9.62
9.65
9.7
9.75
9.81
9.88
9.98
10.08
10.18
10.28
10.37
10.45
10.54
10.6
10.64
10.67
10.71
10.74
10.76
10.82
10.89
10.97
11.09
11.22
11.35
11.49
11.63
11.74
11.8
11.84
11.87
11.89
11.91
11.94
11.99
12.04
12.09
12.11
12.13
12.17
12.22
12.22
12.21
12.15
12.08
11.99
11.89
11.84
11.83
11.83
11.81
11.79
11.77
11.76
11.74
11.73
11.72
11.72
11.73
11.75
11.76
11.82
11.92
12.04
12.15
12.24
12.32
12.4
12.48
12.56
12.64
12.73
12.83
12.93
13.03
13.14
13.25
13.37
13.49
13.55
13.57
13.58
13.58
13.58
13.58
13.58
13.58
13.59
13.58
13.59
13.61
13.65
13.7
13.72
13.73
13.76
13.79
13.82
13.86
13.9
13.95
14.0
14.03
14.06
14.1
14.14
14.17
14.14
14.09
14.03
13.96
13.88
13.8
13.74
13.7
13.66
13.61
13.56
13.51
13.46
13.43
13.39
13.33
13.27
13.21
13.15
13.09
13.07
13.1
13.15
13.22
13.3
13.41
13.55
13.69
13.77
13.8
13.79
13.76
13.71
13.65
13.63
13.62
13.65
13.69
13.74
13.8
13.89
14.0
14.06
14.07
14.06
14.06
14.05
14.05
14.04
14.04
14.03
14.03
14.04
14.05
14.08
14.11
14.12
14.13
14.15
14.17
14.19
14.22
14.26
14.32
14.37
14.41
14.46
14.53
14.61
14.68
14.68
14.64
14.62
14.63
14.64
14.66
14.69
14.72
14.75
14.77
14.78
14.79
14.8
14.81
14.77
14.7
14.65
14.61
14.55
14.49
14.43
14.36
14.28
14.19
14.1
14.02
13.93
13.82
13.71
13.59
13.56
13.57
13.59
13.63
13.69
13.75
13.83
13.9
13.98
14.07
14.16
14.26
14.3
14.3
14.3
14.3
14.29
14.28
14.26
14.26
14.25
14.24
14.23
14.2
14.16
14.1
13.95
13.78
13.65
13.58
13.57
13.58
13.6
13.62
13.65
13.68
13.71
13.75
13.78
13.81
13.81
13.79
13.83
13.92
14.03
14.13
14.23
14.32
14.41
14.49
14.56
14.6
14.61
14.61
14.58
14.56
14.54
14.53
14.52
14.52
14.54
14.57
14.6
14.62
14.6
14.56
14.49
14.41
14.31
14.22
14.19
14.21
14.27
14.36
14.46
14.55
14.64
14.77
14.83
14.85
14.84
14.82
14.81
14.8
14.84
14.89
14.93
14.96
15.0
15.07
15.15
15.23
15.28
15.29
15.28
15.26
15.24
15.22
15.19
15.16
15.1
15.02
14.96
14.89
14.83
14.77
14.69
14.64
14.58
14.52
14.46
14.39
14.37
14.38
14.4
14.41
14.43
14.45
14.48
14.5
14.51
14.51
14.51
14.51
14.51
14.49
14.55
14.64
14.77
14.92
15.07
15.24
15.41
15.59
15.72
15.83
15.92
15.99
16.06
16.14
16.22
16.3
16.38
16.46
16.54
16.62
16.71
16.81
16.87
16.88
16.85
16.81
16.76
16.72
16.69
16.65
16.62
16.58
16.54
16.51
16.48
16.47
16.46
16.45
16.52
16.63
16.78
16.93
17.12
17.31
17.52
17.73
17.95
18.16
18.37
18.59
18.74
18.8
18.87
18.95
19.05
19.16
19.26
19.38
19.49
19.61
19.73
19.86
19.98
20.07
20.15
20.24
20.36
20.51
20.68
20.85
21.02
21.2
21.38
21.57
21.73
21.86
21.93
21.96
21.95
21.92
21.89
21.83
21.77
21.71
21.65
21.6
21.57
21.53
21.5
21.47
21.44
21.44
21.45
21.45
21.46
21.48
21.5
21.55
21.55
21.53
21.49
21.42
21.33
21.22
21.09
20.94
20.78
20.63
20.52
20.43
20.38
20.34
20.29
20.22
20.16
20.1
20.02
19.97
19.92
19.88
19.85
19.81
19.83
19.91
20.04
20.19
20.36
20.53
20.7
20.87
21.06
21.25
21.45
21.64
21.81
21.95
22.08
22.18
22.22
22.25
22.28
22.31
22.32
22.35
22.36
22.36
22.36
22.35
22.34
22.33
22.35
22.38
22.43
22.5
22.59
22.68
22.76
22.83
22.9
22.97
23.05
23.13
23.23
23.36
23.46
23.51
23.5
23.43
23.33
23.21
23.08
22.94
22.81
22.66
22.57
22.51
22.53
22.65
22.78
22.89
23.01
23.15
23.31
23.46
23.64
23.84
24.03
24.25
24.46
24.68
24.91
25.15
25.32
25.43
25.5
25.53
25.54
25.49
25.48
25.48
25.5
25.55
25.6
25.64
25.73
25.84
25.95
26.04
26.15
26.26
26.37
26.48
26.6
26.75
26.9
27.06
27.24
27.39
27.55
27.74
27.87
27.98
28.05
28.09
28.11
28.14
28.18
28.22
28.28
28.35
28.4
28.45
28.51
28.56
28.62
28.67
28.73
28.82
28.93
29.04
29.13
29.21
29.3
29.37
29.38
29.34
29.23
29.06
28.83
28.58
28.34
28.14
27.97
27.81
27.64
27.48
27.32
27.16
27.0
26.84
26.67
26.49
26.3
26.1
25.93
25.82
25.77
25.78
25.82
25.88
25.94
25.99
26.03
26.09
26.13
26.18
26.2
26.18
26.19
26.24
26.28
26.32
26.3
26.27
26.19
26.08
25.97
25.86
25.75
25.64
25.53
25.39
25.3
25.27
25.29
25.36
25.4
25.43
25.45
25.45
25.41
25.36
25.31
25.28
25.2
25.11
25.02
24.93
24.82
24.71
24.59
24.47
24.37
24.25
24.12
23.98
23.83
23.68
23.53
23.34
23.17
22.98
22.8
22.63
22.47
22.31
22.15
22.0
21.83
21.65
21.48
21.31
21.13
20.96
20.78
20.6
20.41
20.21
20.03
19.85
19.68
19.51
19.32
19.15
19.02
18.94
18.9
18.91
18.97
19.04
19.12
19.2
19.31
19.43
19.58
19.74
19.92
20.13
20.28
20.38
20.45
20.52
20.57
20.61
20.66
20.69
20.73
20.77
20.82
20.88
20.96
21.05
21.15
21.24
21.32
21.39
21.47
21.55
21.61
21.66
21.71
21.75
21.79
21.8
21.81
21.81
21.82
21.82
21.84
21.86
21.86
21.86
21.86
21.87
21.87
21.89
21.9
21.92
21.94
21.98
22.05
22.13
22.22
22.29
22.37
22.44
22.51
22.59
22.68
22.81
22.92
23.02
23.12
23.22
23.34
23.46
23.57
23.69
23.8
23.92
24.06
24.24
24.46
24.7
24.91
25.07
25.17
25.24
25.31
25.4
25.49
25.59
25.69
25.79
25.9
26.02
26.18
26.36
26.49
26.58
26.62
26.64
26.67
26.69
26.73
26.77
26.83
26.9
26.98
27.07
27.17
27.28
27.37
27.45
27.51
27.55
27.59
27.62
27.71
27.85
28.03
28.21
28.34
28.4
28.41
28.39
28.33
28.25
28.17
28.07
27.96
27.86
27.75
27.65
27.56
27.48
27.39
27.28
27.19
27.1
27.02
26.95
26.92
26.93
26.98
27.05
27.1
27.12
27.11
27.1
27.09
27.09
27.11
27.13
27.18
27.2
27.3
27.44
27.64
27.86
28.02
28.15
28.22
28.28
28.34
28.41
28.48
28.54
28.6
28.63
28.67
28.73
28.79
28.89
28.95
29.01
29.03
29.01
28.97
28.9
28.83
28.76
28.67
28.57
28.51
28.49
28.52
28.57
28.63
28.68
28.73
28.77
28.8
28.82
28.84
28.85
28.84
28.84
28.81
28.76
28.72
28.69
28.66
28.62
28.57
28.51
28.45
28.4
28.35
28.31
28.28
28.24
28.19
28.16
28.12
28.09
28.04
27.98
27.93
27.89
27.84
27.8
27.81
27.88
27.98
28.11
28.28
28.47
28.67
28.89
29.11
29.34
29.59
29.84
30.11
30.38
30.63
30.88
31.12
31.36
31.59
31.8
32.03
32.27
32.52
32.78
33.05
33.34
33.68
34.02
34.32
34.58
34.77
34.93
35.04
35.14
35.23
35.32
35.37
35.41
35.51
35.64
35.83
36.03
36.23
36.43
36.63
36.83
37.03
37.23
37.43
37.62
37.8
37.98
38.12
38.22
38.31
38.38
38.44
38.51
38.57
38.63
38.67
38.69
38.71
38.73
38.77
38.85
38.95
39.05
39.16
39.3
39.46
39.66
39.87
40.08
40.28
40.49
40.78
41.16
41.58
42.03
42.43
42.78
43.1
43.38
43.64
43.88
44.1
44.29
44.46
44.63
44.79
44.93
45.07
45.21
45.35
45.47
45.58
45.68
45.78
45.87
45.98
46.11
46.26
46.43
46.59
46.74
46.89
47.02
47.16
47.29
47.42
47.56
47.68
47.82
47.96
48.13
48.31
48.5
48.69
48.87
49.03
49.17
49.28
49.38
49.46
49.54
49.59
49.65
49.75
49.88
50.06
50.26
50.5
50.74
50.99
51.24
51.49
51.74
52.0
52.26
52.52
52.8
53.03
53.2
53.34
53.42
53.46
53.44
53.4
53.34
53.24
53.08
52.98
52.92
52.92
52.99
53.1
53.22
53.36
53.49
53.63
53.8
53.97
54.15
54.32
54.48
54.58
54.64
54.68
54.67
54.63
54.56
54.45
54.34
54.19
53.98
53.74
53.45
53.15
52.85
52.6
52.4
52.25
52.15
52.07
52.01
51.96
51.92
51.92
51.94
51.97
51.99
52.07
52.15
52.24
52.34
52.45
52.57
52.72
52.88
53.05
53.22
53.39
53.57
53.69
53.78
53.83
53.86
53.87
53.89
53.89
53.85
53.81
53.75
53.72
53.69
53.7
53.75
53.76
53.72
53.64
53.51
53.35
53.13
52.9
52.66
52.4
52.11
51.82
51.52
51.21
50.88
50.54
50.2
49.84
49.48
49.13
48.79
48.43
48.09
47.75
47.43
47.09
46.77
46.45
46.16
45.89
45.69
45.53
45.42
45.35
45.32
45.29
45.29
45.3
45.34
45.37
45.39
45.4
45.44
45.46
45.45
45.45
45.43
45.38
45.34
45.33
45.35
45.39
45.45
45.53
45.6
45.7
45.8
45.94
46.1
46.3
46.53
46.76
46.97
47.17
47.4
47.63
47.88
48.14
48.41
48.69
48.98
49.24
49.49
49.71
49.88
49.93
49.92
49.86
49.77
49.64
49.51
49.32
49.11
48.88
48.65
48.46
48.27
48.11
47.97
47.82
47.69
47.56
47.4
47.29
47.2
47.11
47.0
46.9
46.79
46.64
46.5
46.41
46.39
46.42
46.51
46.63
46.81
47.02
47.26
47.52
47.79
48.06
48.33
48.63
48.97
49.27
49.54
49.77
49.96
50.14
50.31
50.46
50.55
50.61
50.62
50.67
50.74
50.85
51.03
51.2
51.33
51.42
51.45
51.43
51.41
51.41
51.37
51.36
51.33
51.31
51.3
51.29
51.28
51.3
51.35
51.43
51.52
51.63
51.72
51.81
51.91
52.01
52.12
52.21
52.29
52.35
52.4
52.42
52.43
52.41
52.4
52.39
52.38
52.39
52.38
52.37
52.34
52.31
52.28
52.27
52.27
52.27
52.26
52.3
52.42
52.61
52.87
53.11
53.32
53.52
53.65
53.77
53.87
53.94
53.96
53.87
53.74
53.62
53.51
53.44
53.38
53.34
53.31
53.23
53.15
53.07
53.0
52.9
52.79
52.68
52.57
52.43
52.25
52.03
51.8
51.54
51.27
50.99
50.69
50.38
50.07
49.76
49.45
49.12
48.77
48.46
48.2
47.99
47.81
47.64
47.48
47.34
47.24
47.16
47.1
47.0
46.85
46.65
46.37
46.07
45.79
45.53
45.31
45.13
44.93
44.72
44.52
44.28
44.08
43.89
43.69
43.51
43.31
43.11
42.91
42.7
42.49
42.29
42.09
41.89
41.69
41.5
41.31
41.11
40.9
40.68
40.48
40.29
40.11
39.93
39.71
39.5
39.29
39.07
38.84
38.6
38.38
38.09
37.76
37.36
36.93
36.49
36.07
35.61
35.13
34.65
34.17
33.76
33.41
33.12
32.93
32.77
32.68
32.6
32.54
32.55
32.57
32.62
32.69
32.75
32.81
32.89
32.97
33.06
33.16
33.25
33.35
33.45
33.55
33.64
33.68
33.74
33.83
33.95
34.08
34.18
34.23
34.23
34.19
34.13
34.07
34.01
33.95
33.89
33.84
33.79
33.73
33.66
33.59
33.51
33.43
33.35
33.26
33.18
33.09
33.06
33.09
33.17
33.31
33.44
33.52
33.55
33.53
33.49
33.46
33.4
33.33
33.28
33.17
33.04
32.92
32.79
32.67
32.55
32.42
32.26
32.1
31.94
31.77
31.61
31.45
31.28
31.1
30.89
30.67
30.47
30.25
30.04
29.83
29.62
29.42
29.23
29.06
28.88
28.7
28.53
28.36
28.24
28.12
28.03
27.95
27.9
27.84
27.8
27.77
27.75
27.71
27.66
27.61
27.54
27.43
27.31
27.14
26.99
26.85
26.71
26.57
26.43
26.28
26.13
26.0
25.84
25.69
25.53
25.37
25.15
24.88
24.57
24.23
23.87
23.51
23.15
22.81
22.47
22.13
21.85
21.62
21.44
21.29
21.16
21.03
20.9
20.78
20.67
20.56
20.44
20.32
20.2
20.08
19.92
19.72
19.5
19.27
19.02
18.76
18.5
18.24
17.97
17.68
17.44
17.25
17.13
17.06
17.0
16.94
16.91
16.88
16.83
16.78
16.74
16.71
16.69
16.67
16.64
16.61
16.58
16.56
16.52
16.47
16.42
16.37
16.3
16.24
16.24
16.27
16.31
16.36
16.42
16.48
16.55
16.63
16.64
16.61
16.56
16.51
16.45
16.37
16.3
16.25
16.21
16.18
16.13
16.07
16.01
15.97
15.89
15.75
15.58
15.38
15.18
15.0
14.85
14.73
14.62
14.51
14.41
14.32
14.23
14.14
14.05
13.94
13.85
13.76
13.67
13.58
13.55
13.58
13.66
13.76
13.81
13.81
13.78
13.71
13.64
13.57
13.51
13.45
13.39
13.33
13.28
13.24
13.22
13.21
13.17
13.14
13.1
13.07
13.05
13.06
13.12
13.21
13.33
13.47
13.62
13.79
14.01
14.23
14.44
14.63
14.83
15.02
15.21
15.41
15.62
15.85
16.08
16.32
16.56
16.79
17.03
17.26
17.41
17.5
17.55
17.58
17.6
17.61
17.64
17.68
17.72
17.77
17.82
17.89
17.96
18.05
18.11
18.15
18.17
18.15
18.08
17.99
17.97
17.96
17.97
17.98
17.99
18.01
18.03
18.06
18.1
18.13
18.17
18.21
18.25
18.28
18.33
18.44
18.58
18.76
18.94
19.1
19.27
19.42
19.57
19.73
19.87
20.0
20.12
20.24
20.34
20.43
20.49
20.54
20.58
20.61
20.64
20.66
20.68
20.7
20.78
20.91
21.07
21.26
21.4
21.49
21.54
21.59
21.63
21.66
21.69
21.72
21.73
21.72
21.73
21.73
21.77
21.81
21.81
21.75
21.69
21.65
21.6
21.54
21.49
21.43
21.32
21.22
21.15
21.1
21.04
21.0
20.92
20.83
20.77
20.69
20.61
20.54
20.47
20.41
20.33
20.25
20.25
20.31
20.41
20.57
20.69
20.75
20.74
20.69
20.61
20.5
20.39
20.26
20.12
19.97
19.85
19.77
19.71
19.73
19.8
19.9
19.97
20.08
20.19
20.3
20.42
20.52
20.62
20.74
20.87
21.01
21.15
21.32
21.43
21.47
21.48
21.48
21.47
21.43
21.39
21.35
21.29
21.24
21.18
21.11
21.05
20.99
20.88
20.73
20.54
20.35
20.17
19.99
19.83
19.67
19.53
19.38
19.23
19.08
18.93
18.77
18.61
18.45
18.34
18.29
18.27
18.25
18.24
18.24
18.24
18.23
18.17
18.09
18.01
17.93
17.82
17.7
17.61
17.55
17.48
17.39
17.32
17.25
17.18
17.11
17.04
16.95
16.85
16.77
16.7
16.62
16.56
16.49
16.39
16.28
16.17
16.06
15.96
15.86
15.71
15.54
15.34
15.16
14.98
14.76
14.6
14.49
14.45
14.44
14.46
14.5
14.55
14.59
14.63
14.67
14.7
14.71
14.74
14.73
14.72
14.7
14.69
14.65
14.62
14.59
14.56
14.54
14.47
14.32
14.12
13.88
13.62
13.34
13.12
12.95
12.81
12.68
12.56
12.45
12.34
12.24
12.14
12.05
11.96
11.89
11.8
11.71
11.68
11.69
11.77
11.87
11.97
12.05
12.13
12.2
12.25
12.3
12.35
12.41
12.48
12.55
12.64
12.76
12.89
13.0
13.06
13.09
13.11
13.12
13.12
13.13
13.19
13.27
13.35
13.42
13.5
13.57
13.66
13.78
13.85
13.88
13.86
13.84
13.8
13.76
13.73
13.72
13.7
13.66
13.61
13.56
13.53
13.53
13.51
13.47
13.42
13.36
13.29
13.21
13.18
13.17
13.17
13.14
13.11
13.1
13.08
13.07
13.05
13.03
13.0
12.96
12.91
12.87
12.85
12.82
12.79
12.79
12.71
12.6
12.46
12.31
12.16
12.01
11.85
11.69
11.52
11.35
11.23
11.16
11.13
11.13
11.14
11.14
11.14
11.14
11.16
11.19
11.23
11.27
11.31
11.35
11.38
11.4
11.42
11.43
11.46
11.49
11.51
11.53
11.55
11.57
11.59
11.63
11.66
11.7
11.7
11.7
11.69
11.67
11.64
11.61
11.56
11.47
11.37
11.28
11.24
11.24
11.26
11.3
11.3
11.28
11.24
11.2
11.16
11.12
11.08
11.05
11.0
10.93
10.91
10.93
10.99
11.05
11.12
11.21
11.28
11.33
11.37
11.4
11.43
11.46
11.46
11.43
11.44
11.48
11.55
11.62
11.65
11.67
11.7
11.74
11.8
11.86
11.93
11.98
12.04
12.1
12.16
12.22
12.28
12.34
12.35
12.3
12.21
12.13
12.05
11.94
11.89
11.87
11.87
11.88
11.9
11.93
11.97
12.01
12.04
12.06
12.07
12.09
12.13
12.17
12.21
12.26
12.31
12.37
12.42
12.46
12.5
12.54
12.55
12.53
12.5
12.46
12.42
12.37
12.31
12.25
12.19
12.14
12.09
12.04
11.99
11.94
11.85
11.75
11.68
11.62
11.56
11.51
11.46
11.41
11.37
11.33
11.3
11.28
11.27
11.25
11.21
11.15
11.13
11.12
11.13
11.14
11.15
11.17
11.18
11.18
11.18
11.18
11.19
11.2
11.15
11.09
11.02
10.93
10.85
10.79
10.74
10.71
10.68
10.65
10.63
10.61
10.57
10.53
10.46
10.39
10.36
10.34
10.31
10.28
10.24
10.22
10.21
10.2
10.19
10.19
10.2
10.21
10.19
10.14
10.13
10.17
10.23
10.28
10.33
10.38
10.42
10.46
10.5
10.53
10.56
10.58
10.57
10.56
10.58
10.61
10.65
10.69
10.7
10.72
10.74
10.76
10.78
10.8
10.81
10.82
10.78
10.71
10.65
10.6
10.58
10.56
10.55
10.55
10.56
10.57
10.58
10.58
10.58
10.58
10.52
10.43
10.38
10.35
10.34
10.32
10.3
10.27
10.24
10.21
10.17
10.13
10.08
10.03
9.94
9.84
9.75
9.67
9.59
9.51
9.43
9.35
9.27
9.18
9.1
9.02
8.95
8.87
8.76
8.64
8.58
8.53
8.5
8.47
8.44
8.4
8.36
8.31
8.26
8.21
8.17
8.13
8.08
8.03
7.98
7.93
7.88
7.84
7.8
7.75
7.69
7.62
7.53
7.44
7.34
7.24
7.1
6.96
6.85
6.77
6.7
6.63
6.57
6.51
6.45
6.39
6.34
6.29
6.27
6.26
6.2
6.1
6.01
5.94
5.86
5.78
5.71
5.63
5.55
5.46
5.37
5.27
5.18
5.08
4.94
4.8
4.71
4.65
4.61
4.58
4.54
4.5
4.45
4.39
4.32
4.25
4.18
4.11
4.03
3.94
3.91
3.91
3.91
3.9
3.88
3.86
3.86
3.87
3.86
3.85
3.84
3.83
3.82
3.8
3.82
3.85
3.89
3.93
3.97
4.01
4.05
4.09
4.12
4.15
4.18
4.21
4.23
4.26
4.32
4.39
4.48
4.57
4.65
4.73
4.81
4.89
4.92
4.93
4.95
4.97
4.98
4.99
5.01
5.02
5.03
5.04
5.05
5.05
5.05
5.05
5.06
5.06
5.06
5.06
5.06
5.05
5.07
5.09
5.12
5.15
5.15
5.14
5.12
5.1
5.08
5.06
5.03
5.0
4.94
4.88
4.86
4.88
4.91
4.92
4.9
4.88
4.85
4.82
4.79
4.78
4.77
4.77
4.77
4.78
4.83
4.89
4.95
5.01
5.04
5.06
5.09
5.13
5.18
5.23
5.28
5.33
5.38
5.43
5.48
5.53
5.58
5.64
5.65
5.66
5.67
5.68
5.69
5.69
5.71
5.73
5.75
5.77
5.79
5.82
5.84
5.86
5.85
5.83
5.81
5.79
5.77
5.75
5.74
5.75
5.75
5.75
5.75
5.74
5.72
5.7
5.63
5.56
5.49
5.42
5.36
5.3
5.3
5.32
5.34
5.36
5.38
5.4
5.42
5.44
5.44
5.44
5.44
5.45
5.47
5.49
5.51
5.53
5.55
5.57
5.59
5.61
5.64
5.67
5.64
5.59
5.56
5.54
5.52
5.51
5.5
5.51
5.53
5.55
5.57
5.59
5.61
5.63
5.61
5.59
5.59
5.6
5.61
5.62
5.64
5.64
5.64
5.64
5.63
5.63
5.64
5.64
5.59
5.54
5.51
5.49
5.47
5.44
5.4
5.36
5.33
5.3
5.27
5.24
5.22
5.2
5.18
5.16
5.19
5.22
5.25
5.28
5.29
5.3
5.31
5.32
5.34
5.36
5.39
5.41
5.4
5.38
5.38
5.39
5.4
5.41
5.42
5.43
5.45
5.45
5.45
5.45
5.45
5.45
5.43
5.4
5.39
5.38
5.38
5.38
5.37
5.37
5.37
5.37
5.36
5.35
5.34
5.33
5.32
5.31
5.32
5.33
5.35
5.37
5.38
5.39
5.41
5.43
5.45
5.47
5.49
5.52
5.54
5.56
5.64
5.74
5.85
5.96
6.08
6.2
6.32
6.42
6.51
6.61
6.71
6.8
6.9
7.01
7.16
7.31
7.46
7.6
7.72
7.83
7.92
8.02
8.12
8.21
8.31
8.39
8.46
8.53
8.64
8.75
8.87
8.99
9.05
9.09
9.13
9.17
9.2
9.24
9.28
9.32
9.35
9.38
9.41
9.43
9.45
9.47
9.43
9.36
9.29
9.22
9.15
9.08
9.0
8.92
8.84
8.76
8.71
8.67
8.63
8.59
8.55
8.51
8.47
8.43
8.38
8.33
8.28
8.23
8.18
8.14
8.12
8.12
8.12
8.12
8.12
8.13
8.14
8.14
8.13
8.12
8.12
8.12
8.13
8.14
8.13
8.11
8.09
8.07
8.04
8.0
7.96
7.93
7.88
7.83
7.78
7.74
7.7
7.65
7.6
7.56
7.51
7.46
7.41
7.36
7.31
7.25
7.2
7.15
7.07
6.97
6.89
6.81
6.72
6.62
6.52
6.42
6.32
6.22
6.14
6.07
6.01
5.94
5.84
5.73
5.61
5.49
5.37
5.25
5.14
5.03
4.92
4.81
4.75
4.71
4.67
4.64
4.59
4.53
4.48
4.43
4.38
4.33
4.28
4.24
4.21
4.19
4.24
4.32
4.41
4.51
4.57
4.62
4.67
4.72
4.76
4.8
4.84
4.88
4.92
4.96
5.0
5.04
5.08
5.12
5.15
5.18
5.21
5.24
5.28
5.31
5.34
5.36
5.39
5.42
5.44
5.45
5.46
5.48
5.46
5.42
5.37
5.32
5.26
5.2
5.16
5.13
5.1
5.07
5.04
5.01
4.98
4.95
4.9
4.85
4.8
4.74
4.68
4.62
4.56
4.5
4.44
4.38
4.32
4.26
4.19
4.12
4.04
3.96
3.91
3.87
3.82
3.77
3.72
3.67
3.62
3.57
3.53
3.51
3.49
3.47
3.43
3.39
3.38
3.38
3.39
3.4
3.41
3.42
3.42
3.42
3.42
3.42
3.42
3.43
3.43
3.41
3.4
3.39
3.37
3.35
3.33
3.31
3.29
3.26
3.22
3.17
3.11
3.05
2.98
2.9
2.87
2.85
2.83
2.82
2.81
2.8
2.79
2.79
2.79
2.79
2.79
2.79
2.78
2.77
2.77
2.77
2.77
2.77
2.77
2.77
2.77
2.77
2.76
2.75
2.74
2.73
2.69
2.63
2.61
2.61
2.62
2.63
2.64
2.65
2.66
2.68
2.71
2.74
2.77
2.8
2.81
2.81
2.83
2.85
2.87
2.89
2.91
2.93
2.95
2.96
2.97
2.99
3.01
3.03
3.04
3.04
3.04
3.04
3.04
3.04
3.03
3.02
3.01
3.0
2.99
2.98
2.96
2.92
2.88
2.84
2.82
2.8
2.78
2.77
2.76
2.75
2.74
2.73
2.71
2.68
2.65
2.62
2.59
2.55
2.52
2.5
2.49
2.48
2.47
2.46
2.45
2.44
2.43
2.42
2.41
2.4
2.39
2.38
2.37
2.36
2.34
2.32
2.3
2.27
2.24
2.21
2.18
2.15
2.12
2.1
2.08
2.06
2.05
2.04
2.03
2.02
2.01
2.0
1.98
1.96
1.93
1.89
1.85
1.81
1.77
1.74
1.74
1.75
1.76
1.77
1.77
1.77
1.77
1.79
1.8
1.79
1.77
1.75
1.73
1.71
1.73
1.75
1.77
1.79
1.81
1.83
1.85
1.88
1.88
1.87
1.86
1.84
1.82
1.8
1.79
1.79
1.79
1.79
1.79
1.79
1.79
1.79
1.79
1.79
1.79
1.79
1.79
1.79
1.79
1.79
1.79
1.79
1.79
1.78
1.76
1.74
1.71
1.68
1.66
1.65
1.64
1.63
1.62
1.61
1.6
1.59
1.58
1.57
1.56
1.55
1.54
1.53
1.52
1.52
1.52
1.52
1.52
1.52
1.52
1.52
1.52
1.53
1.55
1.57
1.57
1.56
1.55
1.53
1.51
1.48
1.46
1.44
1.42
1.4
1.38
1.36
1.34
1.32
1.29
1.27
1.26
1.26
1.27
1.28
1.29
1.29
1.29
1.29
1.29
1.29
1.29
1.3
1.29
1.26
1.24
1.23
1.22
1.21
1.2
1.2
1.18
1.16
1.14
1.12
1.1
1.08
1.05
1.01
1.0
1.01
1.02
1.03
1.04
1.05
1.06
1.07
1.08
1.09
1.11
1.13
1.14
1.15
1.16
1.17
1.19
1.21
1.23
1.25
1.27
1.29
1.31
1.33
1.35
1.37
1.37
1.36
1.36
1.36
1.36
1.36
1.36
1.36
1.36
1.36
1.36
1.36
1.36
1.36
1.36
1.36
1.36
1.36
1.36
1.35
1.34
1.33
1.32
1.31
1.3
1.29
1.28
1.26
1.23
1.2
1.19
1.19
1.19
1.19
1.19
1.2
1.2
1.2
1.19
1.18
1.17
1.16
1.16
1.16
1.17
1.17
1.17
1.18
1.18
1.18
1.18
1.18
1.18
1.18
1.18
1.18
1.18
1.18
1.2
1.22
1.25
1.28
1.31
1.34
1.37
1.39
1.38
1.36
1.34
1.32
1.3
1.28
1.27
1.26
1.25
1.23
1.21
1.19
1.17
1.15
1.13
1.11
1.09
1.07
1.04
1.01
0.99
0.97
0.97
0.98
0.98
0.98
0.98
0.98
0.97
0.96
0.95
0.94
0.93
0.92
0.93
0.95
0.97
0.99
1.01
1.04
1.07
1.1
1.13
1.16
1.19
1.22
1.25
1.28
1.31
1.34
1.37
1.4
1.43
1.46
1.49
1.52
1.54
1.57
1.6
1.64
1.68
1.72
1.76
1.8
1.84
1.89
1.94
2.0
2.06
2.11
2.13
2.15
2.18
2.21
2.24
2.27
2.29
2.31
2.33
2.35
2.37
2.38
2.39
2.4
2.39
2.37
2.35
2.33
2.31
2.29
2.27
2.24
2.21
2.18
2.14
2.1
2.06
2.02
1.98
1.94
1.93
1.93
1.93
1.93
1.93
1.94
1.95
1.96
1.97
1.98
1.99
2.0
2.01
2.02
2.03
2.04
2.06
2.08
2.1
2.12
2.14
2.16
2.15
2.13
2.11
2.09
2.07
2.05
2.04
2.03
2.02
2.01
2.0
1.99
1.98
1.97
1.95
1.93
1.91
1.88
1.85
1.82
1.79
1.76
1.73
1.7
1.68
1.66
1.64
1.62
1.6
1.58
1.56
1.54
1.53
1.52
1.52
1.52
1.52
1.52
1.49
1.45
1.41
1.38
1.35
1.31
1.27
1.22
1.18
1.14
1.13
1.12
1.11
1.1
1.08
1.06
1.04
1.02
1.0
0.98
0.96
0.94
0.92
0.9
0.9
0.91
0.92
0.93
0.94
0.95
0.96
0.98
1.0
1.02
1.04
1.06
1.08
1.1
1.12
1.14
1.16
1.18
1.2
1.22
1.24
1.25
1.26
1.27
1.28
1.29
1.3
1.32
1.35
1.38
1.41
1.44
1.45
1.46
1.47
1.48
1.49
1.5
1.52
1.54
1.56
1.58
1.6
1.62
1.64
1.66
1.68
1.7
1.72
1.74
1.76
1.78
1.81
1.84
1.87
1.9
1.93
1.96
1.99
2.02
2.02
2.02
2.01
2.0
1.99
1.98
1.97
1.96
1.95
1.94
1.92
1.9
1.88
1.85
1.82
1.78
1.77
1.77
1.77
1.76
1.75
1.74
1.73
1.72
1.7
1.68
1.66
1.64
1.62
1.6
1.59
1.58
1.57
1.56
1.55
1.54
1.54
1.54
1.55
1.56
1.58
1.6
1.62
1.64
1.66
1.68
1.7
1.71
1.73
1.75
1.77
1.79
1.81
1.83
1.85
1.87
1.89
1.91
1.91
1.9
1.89
1.88
1.87
1.86
1.85
1.84
1.83
1.81
1.78
1.75
1.72
1.69
1.66
1.64
1.62
1.61
1.6
1.59
1.58
1.57
1.56
1.55
1.54
1.53
1.52
1.51
1.49
1.47
1.45
1.44
1.43
1.42
1.41
1.4
1.39
1.38
1.37
1.36
1.35
1.34
1.36
1.38
1.4
1.42
1.44
1.46
1.49
1.52
1.55
1.58
1.58
1.58
1.58
1.58
1.58
1.58
1.58
1.58
1.58
1.58
1.58
1.58
1.58
1.58
1.58
1.58
1.59
1.6
1.61
1.62
1.63
1.64
1.66
1.68
1.7
1.72
1.74
1.76
1.76
1.76
1.75
1.74
1.73
1.72
1.71
1.7
1.69
1.68
1.66
1.64
1.62
1.6
1.58
1.56
1.54
1.52
1.5
1.48
1.48
1.49
1.5
1.51
1.52
1.53
1.54
1.55
1.56
1.57
1.58
1.59
1.6
1.61
1.63
1.64
1.65
1.65
1.65
1.65
1.65
1.65
1.65
1.65
1.65
1.65
1.65
1.66
1.68
1.7
1.72
1.73
1.71
1.69
1.67
1.65
1.63
1.61
1.59
1.57
1.55
1.53
1.51
1.49
1.47
1.45
1.43
1.41
1.38
1.35
1.32
1.29
1.29
1.29
1.29
1.29
1.29
1.29
1.29
1.29
1.29
1.3
1.31
1.32
1.33
1.34
1.35
1.36
1.36
1.36
1.36
1.36
1.36
1.36
1.35
1.34
1.33
1.32
1.3
1.28
1.27
1.26
1.25
1.24
1.23
1.22
1.21
1.2
1.19
1.18
1.17
1.16
1.15
1.14
1.13
1.12
1.11
1.1
1.09
1.08
1.07
1.06
1.05
1.04
1.03
1.02
1.01
1.0
0.99
0.98
0.97
0.96
0.95
0.94
0.93
0.92
0.91
0.9
0.89
0.88
0.87
0.86
0.85
0.84
0.83
0.82
0.81
0.79
0.77
0.75
0.73
0.71
0.72
0.73
0.74
0.75
0.76
0.77
0.78
0.79
0.8
0.81
0.82
0.83
0.84
0.85
0.86
0.87
0.88
0.89
0.9
0.91
0.92
0.93
0.94
0.95
0.96
0.97
0.98
0.99
1.0
1.0
1.0
1.0
1.0
1.0
1.0
1.0
1.0
1.0
1.0
1.0
1.0
1.0
1.0
1.0
1.0
1.0
1.0
1.0
1.0
1.0
1.0
1.0
1.0
1.0
1.0
1.0
1.0
1.0
1.0
1.0
1.0
1.0
1.0
1.0
1.0
1.0
1.0
1.0
1.0
1.0
1.0
1.0
1.0
1.0
1.0
1.0
1.0
1.0
1.0
1.0
1.0
1.0
1.0
1.0
1.0
1.0
1.0
1.0
1.0
1.0
1.0
1.0
1.0
1.0
1.0
1.0
1.0
1.0
1.0
1.0
1.0
1.0
1.0
1.0
1.0
1.0
1.0
1.0
1.0
1.0
1.0
1.0
1.0
1.0
1.0
1.0
1.0
1.0
1.0
1.0
1.0
1.0
1.0
1.0
1.0
1.0
1.0
1.0
1.0
1.0
1.0
1.0
1.0
1.0
1.0
1.0
1.0
1.0
1.0
1.0
1.0
1.0
1.0
1.0
1.0
1.0
1.0
1.0
1.0
1.0
1.0
1.0
1.0
1.0
1.0
1.0
1.0
1.0
1.0
1.0
1.0
1.0
1.0
1.0
1.0
1.0
1.0
1.0
1.0
1.0
1.0
1.0
1.0
1.0
1.0
1.0
1.0
1.0
1.0
1.0
1.0
1.0
1.0
1.0
1.0
1.0
1.01
1.02
1.01
1.0
0.99
0.98
0.97
0.96
0.95
0.94
0.93
0.92
0.91
0.9
0.89
0.88
0.87
0.86
0.85
0.84
0.83
0.82
0.81
0.8
0.79
0.78
0.77
0.76
0.75
0.74
0.73
0.72
0.71
0.7
0.69
0.68
0.67
0.66
0.65
0.64
0.63
0.62
0.61
0.6
0.59
0.58
0.57
0.56
0.55
0.54
0.53
0.52
0.51
0.5
0.49
0.48
0.47
0.46
0.45
0.44
0.43
0.42
0.41
0.4
0.39
0.38
0.37
0.36
0.35
0.34
0.33
0.32
0.31
0.3
0.29
0.28
0.27
0.26
0.25
0.24
0.23
0.22
0.21
0.2
0.19
0.18
0.17
0.16
0.15
0.14
0.13
0.12
0.11
0.1
0.09
0.08
0.07
0.06
0.05
0.04
0.02
0.0
0.0
0.0
0.0
0.0
0.0
0.0
0.0
0.0
0.0
0.0
0.0
0.0
0.0
0.0
0.0
0.0
0.0
0.0
0.0
0.0
0.0
0.0
0.0
0.0
0.0
0.0
0.0
0.0
0.0
0.0
0.0
0.0
0.0
0.0
0.0
0.0
0.0
0.0
0.0
0.0
0.0
0.0
0.0
0.0
0.0
0.0
0.0
0.0
0.0
0.0
0.0
0.0
0.0
0.0
0.0
0.0
0.0
0.0
0.0
0.0
0.0
0.0
0.0
0.0
0.0
0.0
0.0
0.0
0.0
0.0
0.0
0.0
0.0
0.0
0.0
0.0
0.0
0.0
0.0
0.0
0.0
0.0
0.0
0.0
0.0
0.0
0.0
0.0
0.0
0.0
0.0
0.0
0.0
0.0
0.0
0.0
0.0
0.0
0.0
0.0
0.0
0.0
0.0
0.0
0.0
0.0
0.0
0.0
0.0
0.0
0.0
0.0
0.0
0.0
0.0
0.0
0.0
0.0
0.0
0.0
0.0
0.0
0.0
0.0
0.0
0.0
0.0
0.0
0.0
0.0
0.0
0.0
0.0
0.0
0.0
0.0
0.0
0.0
0.0
0.0
0.0
0.0
0.0
0.0
0.0
0.0
0.0
0.0
0.0
0.0
0.0
0.0
0.0
0.0
0.0
0.0
0.0
0.0
0.0
0.0
0.0
0.0
0.0
0.0
0.0
0.0
0.0
0.0
0.0
0.0
0.0
0.0
0.0
0.0
0.0
0.0
0.0
0.0
0.0
0.0
0.0
0.0
0.0
0.0
0.0
0.0
0.0
0.0
0.0
0.0
0.0
0.0
0.0
0.0
0.0
0.0
0.0
0.0
0.0
0.0
0.0
0.0
0.0
0.0
0.0
0.0
0.0
0.0
0.0
0.0
0.0
0.0
0.0
0.0
0.0
0.0
0.0
0.0
0.0
0.0
0.0
0.0
0.0
0.0
0.0
0.0
0.0
0.0
0.0
0.0
0.0
0.0
0.01
0.02
0.03
0.04
0.05
0.06
0.07
0.08
0.09
0.1
0.11
0.12
0.13
0.14
0.15
0.16
0.17
0.18
0.19
0.2
0.21
0.22
0.23
0.24
0.25
0.26
0.27
0.28
0.29
0.3
0.31
0.32
0.33
0.34
0.34
0.34
0.34
0.34
0.35
0.36
0.37
0.38
0.39
0.4
0.41
0.42
0.43
0.44
0.44
0.44
0.44
0.44
0.44
0.44
0.44
0.44
0.44
0.44
0.44
0.44
0.44
0.44
0.44
0.44
0.44
0.44
0.44
0.44
0.44
0.44
0.44
0.44
0.44
0.44
0.44
0.44
0.44
0.44
0.44
0.44
0.44
0.44
0.44
0.44
0.44
0.44
0.44
0.44
0.44
0.44
0.44
0.44
0.44
0.44
0.44
0.44
0.44
0.44
0.44
0.44
0.43
0.42
0.41
0.4
0.39
0.38
0.37
0.36
0.35
0.34
0.33
0.32
0.31
0.3
0.29
0.28
0.27
0.26
0.25
0.24
0.23
0.22
0.21
0.2
0.19
0.18
0.17
0.16
0.15
0.14
0.13
0.12
0.11
0.1
0.1
0.1
0.1
0.1
0.09
0.08
0.07
0.06
0.05
0.04
0.03
0.02
0.01
0.0
0.0
0.0
0.0
0.0
0.0
0.0
0.0
0.0
0.0
0.0
0.0
0.0
0.0
0.0
0.0
0.0
0.0
0.0
0.0
0.0
0.0
0.0
0.0
0.0
0.0
0.0
0.0
0.0
0.0
0.0
0.0
0.0
0.0
0.0
0.0
0.0
0.0
0.0
0.0
0.0
0.0
0.0
0.0
0.0
0.0
0.0
0.0
0.0
0.0
0.0
0.0
0.0
0.0
0.0
0.0
0.0
0.0
0.0
0.0
0.0
0.0
0.0
0.0
0.0
0.0
0.0
0.0
0.0
0.0
0.0
0.0
0.0
0.0
0.0
0.0
0.0
0.0
0.0
0.0
0.0
0.0
0.0
0.0
0.0
0.0
0.0
0.01
0.02
0.02
0.02
0.02
0.02
0.02
0.02
0.02
0.02
0.02
0.02
0.02
0.02
0.02
0.02
0.02
0.02
0.02
0.02
0.02
0.02
0.02
0.02
0.02
0.02
0.02
0.02
0.02
0.02
0.02
0.02
0.02
0.02
0.02
0.02
0.02
0.02
0.02
0.02
0.02
0.02
0.02
0.02
0.02
0.02
0.02
0.02
0.02
0.02
0.02
0.02
0.02
0.02
0.02
0.02
0.02
0.02
0.02
0.02
0.02
0.02
0.02
0.02
0.02
0.02
0.02
0.02
0.02
0.02
0.02
0.02
0.02
0.02
0.02
0.02
0.02
0.02
0.02
0.02
0.02
0.02
0.02
0.02
0.02
0.02
0.02
0.02
0.02
0.02
0.02
0.02
0.02
0.02
0.02
0.02
0.02
0.02
0.02
0.02
0.01
0.0
0.0
0.0
0.0
0.0
0.0
0.0
0.0
0.0
0.0
0.0
0.0
0.0
0.0
0.0
0.01
0.02
0.03
0.04
0.04
0.04
0.04
0.04
0.04
0.04
0.04
0.04
0.04
0.04
0.04
0.04
0.04
0.04
0.04
0.04
0.04
0.04
0.04
0.04
0.04
0.04
0.04
0.04
0.04
0.04
0.04
0.04
0.04
0.04
0.04
0.04
0.04
0.04
0.04
0.04
0.04
0.04
0.04
0.04
0.04
0.04
0.04
0.04
0.04
0.04
0.04
0.04
0.04
0.04
0.04
0.04
0.04
0.04
0.05
0.06
0.07
0.08
0.08
0.08
0.08
0.08
0.08
0.08
0.08
0.08
0.08
0.08
0.08
0.08
0.08
0.08
0.08
0.08
0.08
0.08
0.08
0.08
0.08
0.08
0.08
0.08
0.08
0.08
0.08
0.08
0.08
0.08
0.08
0.08
0.08
0.08
0.08
0.08
0.08
0.08
0.07
0.06
0.05
0.04
0.04
0.04
0.04
0.04
0.04
0.04
0.04
0.04
0.04
0.04
0.04
0.04
0.04
0.04
0.04
0.04
0.04
0.04
0.04
0.04
0.04
0.04
0.04
0.04
0.04
0.04
0.04
0.04
0.04
0.04
0.04
0.04
0.04
0.04
0.04
0.04
0.04
0.04
0.04
0.04
0.04
0.04
0.04
0.04
0.04
0.04
0.04
0.04
0.04
0.04
0.04
0.04
0.04
0.04
0.03
0.02
0.01
0.0
0.0
0.0
0.0
0.0
0.0
0.0
0.0
0.0
0.0
0.0
0.0
0.0
0.0
0.0
0.0
0.0
0.0
0.0
0.0
0.0
0.0
0.0
0.0
0.0
0.0
0.0
0.0
0.0
0.0
0.0
0.0
0.0
0.0
0.0
0.0
0.0
0.0
0.0
0.0
0.0
0.0
0.0
0.0
0.0
0.0
0.0
0.0
0.0
0.0
0.0
0.0
0.0
0.0
0.0
0.0
0.0
0.0
0.0
0.0
0.0
0.0
0.0
0.0
0.0
0.0
0.0
0.0
0.0
0.0
0.0
0.0
0.0
0.0
0.0
0.0
0.0
0.0
0.0
0.0
0.0
0.0
0.0
0.0
0.0
0.0
0.0
0.0
0.0
0.0
0.0
0.0
0.0
0.0
0.0
0.0
0.0
0.0
0.0
0.0
0.0
0.0
0.0
0.0
0.0
0.0
0.0
0.0
0.0
0.0
0.0
0.0
0.0
0.0
0.0
0.0
0.0
0.0
0.0
0.0
0.0
0.0
0.0
0.0
